2 0 1 3 8 7 1 1 4 0 0 0 0 2 0 0 1 1 0 1 0 1 3 0 0 0 2 0 2 0 0 0 0 2 1 1 4 0 0 0 1 0 0 0 0 1 3 1 6 1 1 1 1 1 0 0 0 0 2 1 0 0 0 0 2 0 1 6 0 0 0 0 0 0 0
0 0 0 0 0 0 0 0 0 0 0 0 0 0 1 1 0 0 0 0 0 0 0 0 0 0 0 0 0 1 1 0 0 0 0 1 0 0 0 0 0 0 0 0 1 0 0 1 0 0 0 0 0 0 0 0 0 0 0 0 0 0 0 0 0 1 0 0 0 0 0 0 0 0 1
0 0 0 3 1 4 0 2 0 2 0 0 0 2 1 1 2 1 0 2 0 1 2 1 0 0 3 2 0 0 0 0 0 2 1 1 0 0 0 1 2 0 0 0 1 0 2 1 0 1 1 2 0 0 0 1 1 1 1 1 0 0 0 3 2 1 1 1 1 1 0 0 0 0 0
1 0 1 1 0 0 0 0 0 0 0 0 0 0 0 0 0 0 2 1 0 0 0 2 0 0 0 7 2 0 0 0 0 0 0 0 2 1 0 0 0 0 0 0 0 0 0 0 4 2 1 0 0 0 0 1 0 0 0 0 0 0 0 0 0 0 1 0 0 0 0 0 0 0 0
1 1 1 0 0 0 0 0 0 1 1 0 0 0 0 0 0 0 1 0 1 0 0 1 0 0 0 3 1 0 0 0 0 0 0 0 1 0 0 0 0 0 1 0 0 0 0 0 3 1 0 0 0 1 1 1 0 0 0 0 1 1 0 1 0 0 0 0 0 1 0 0 0 0 0
0 0 0 0 0 0 0 0 0 0 0 0 0 0 0 0 0 0 0 0 0 0 0 1 0 0 0 1 0 0 0 0 0 0 0 0 0 0 0 0 0 0 0 0 0 0 0 0 1 0 0 0 0 0 0 2 0 0 0 0 0 1 0 0 0 0 0 0 0 0 0 0 0 0 0
2 1 0 1 3 2 1 0 2 2 0 0 0 0 0 0 0 0 1 2 0 1 1 0 0 0 1 4 3 0 0 0 0 1 1 1 0 0 0 0 0 0 0 0 1 1 0 0 3 2 1 0 1 0 0 5 0 1 0 1 0 0 1 2 1 0 1 3 0 0 0 0 0 0 0
1 0 0 0 3 0 1 3 3 1 0 1 1 0 0 0 0 2 1 1 0 0 0 0 0 0 0 3 0 0 0 0 0 0 0 0 0 0 0 0 0 0 0 0 1 0 0 1 2 0 1 1 0 0 0 1 0 0 0 1 0 0 1 3 0 1 1 1 0 1 1 0 0 0 0
1 1 0 0 0 0 0 0 0 8 0 0 0 0 0 0 0 0 1 0 0 0 0 0 0 0 0 6 2 0 0 0 0 0 0 0 0 0 0 0 0 0 0 0 0 0 0 0 5 0 0 0 0 1 0 3 0 0 0 0 1 2 0 10 0 0 0 0 0 1 0 0 0 0 0
0 0 0 0 0 0 1 0 0 0 0 1 0 0 0 0 0 1 1 0 0 1 0 0 0 1 0 0 0 0 0 0 0 0 1 0 0 0 0 0 0 0 0 0 0 0 0 0 0 0 0 0 1 1 0 0 0 0 1 0 0 0 0 0 0 0 0 0 0 0 0 0 0 0 0
0 0 0 0 0 0 0 0 0 0 0 0 0 0 0 0 0 1 0 0 0 0 0 0 0 1 0 0 0 1 1 0 0 0 0 0 0 0 0 0 0 0 0 0 0 0 0 0 0 0 0 0 0 1 0 0 0 0 0 0 0 0 0 0 0 0 0 0 0 0 0 0 0 0 1
1 0 1 0 0 0 0 0 0 0 0 0 0 0 0 0 0 0 1 0 0 0 0 1 0 0 0 0 0 0 0 0 0 0 0 0 1 0 0 0 0 0 0 0 0 0 0 0 0 0 0 0 0 0 1 1 0 0 0 0 0 0 0 0 0 0 0 0 0 0 0 0 0 0 0
0 0 0 2 0 0 0 0 0 0 0 0 0 0 0 0 1 1 0 0 0 0 0 0 0 1 2 0 0 0 0 1 1 0 0 1 0 0 1 0 1 0 0 1 0 0 0 1 0 0 1 0 1 0 1 0 0 0 0 0 0 0 0 2 0 1 0 0 1 0 0 1 0 0 0
0 0 0 0 3 2 0 1 2 2 0 0 0 1 0 0 1 1 1 1 0 0 1 1 0 1 0 3 0 0 0 0 0 0 0 1 0 0 1 0 1 1 0 1 1 0 1 1 3 1 1 1 0 0 0 2 1 0 0 1 0 0 0 1 0 1 1 3 1 0 1 1 0 0 0
0 0 2 0 0 0 0 0 0 3 1 0 0 0 0 0 0 0 2 0 0 0 0 1 0 0 0 1 0 0 0 0 0 0 0 0 2 0 0 0 0 0 0 0 0 0 0 0 0 1 0 0 0 0 0 0 0 0 0 0 0 1 0 4 0 0 0 0 0 0 0 0 0 0 0
1 0 1 1 5 2 0 1 2 1 0 0 0 1 0 0 0 2 1 2 0 1 1 1 2 2 0 2 1 0 0 0 0 0 1 1 1 0 1 0 0 1 0 0 1 2 1 1 1 1 1 0 0 0 0 0 1 1 0 1 0 1 0 3 0 1 1 1 1 1 0 0 0 0 0
3 0 0 1 1 1 0 1 0 0 0 0 0 0 0 0 0 2 0 2 1 1 2 1 1 1 1 2 2 0 0 1 1 0 0 0 0 0 0 1 0 0 0 0 3 1 0 1 3 2 1 1 0 0 0 0 1 1 0 0 0 0 0 3 0 0 3 1 1 3 0 0 0 0 0
1 1 0 0 0 0 0 0 0 3 0 0 0 0 0 0 0 0 2 0 0 0 0 1 0 0 0 3 0 0 0 0 0 0 0 0 0 0 0 0 0 0 0 0 0 0 0 0 1 0 0 0 0 0 0 2 0 0 0 0 2 2 0 0 0 0 0 0 0 1 0 0 0 0 0
0 0 0 2 5 2 1 1 0 0 0 1 0 0 0 0 0 0 1 1 0 0 0 0 1 0 1 1 0 0 0 0 0 0 0 1 0 0 1 1 0 1 0 2 1 1 0 1 2 0 1 0 0 0 0 0 1 0 0 1 0 0 0 2 0 1 1 5 1 0 2 1 0 0 0
0 0 1 0 0 0 0 0 0 0 1 0 0 0 0 0 0 0 1 1 1 0 0 0 0 0 0 1 1 0 0 0 0 0 0 0 1 0 0 0 0 0 1 0 0 0 0 0 0 1 0 0 1 0 0 0 0 0 0 0 1 1 0 1 0 0 0 0 0 1 0 0 0 0 0
0 0 0 3 7 5 1 2 6 0 0 1 1 6 3 3 1 1 0 0 0 2 2 0 0 0 3 0 0 0 0 1 1 4 1 0 0 0 1 0 1 1 0 2 0 0 6 0 0 0 0 4 2 0 0 0 1 1 0 1 0 0 1 4 4 0 0 7 1 0 2 2 0 1 0
0 0 0 0 0 0 0 0 0 0 0 0 0 0 0 0 0 0 0 0 0 0 0 0 0 0 0 0 0 0 0 0 0 0 0 0 0 0 0 0 0 0 0 0 0 0 0 0 0 0 0 0 0 0 0 0 0 0 0 0 0 0 0 1 0 0 0 0 0 0 0 0 0 0 0
0 0 0 0 0 0 0 0 0 0 0 0 0 0 1 1 0 0 0 0 0 0 0 0 0 0 0 0 0 0 0 0 0 0 0 0 0 0 0 0 0 0 0 0 0 0 0 0 0 0 0 0 0 0 0 0 0 0 0 1 0 0 0 1 0 0 0 0 0 0 0 0 0 0 0
0 0 0 1 4 1 0 1 8 0 0 0 0 2 0 0 0 0 0 0 1 2 1 0 0 0 1 0 1 0 0 0 0 0 0 1 0 0 0 0 0 0 1 0 1 0 2 1 0 0 0 0 1 0 0 0 0 2 0 1 0 0 0 1 0 1 0 4 0 0 1 0 0 0 0
0 0 0 1 2 1 0 2 1 1 0 0 0 0 0 0 0 2 1 1 1 1 0 2 0 0 0 1 0 0 0 0 0 0 2 1 0 1 0 0 0 0 0 0 1 0 1 0 1 2 1 0 2 0 0 1 0 1 2 0 0 1 0 6 0 0 1 0 0 1 0 0 0 0 0
0 0 0 1 5 3 0 3 3 1 0 0 0 3 0 0 1 0 0 2 0 1 2 0 2 0 1 0 0 0 0 0 0 2 0 1 0 0 1 1 1 1 0 1 1 2 3 1 1 2 1 1 0 0 0 0 1 4 0 2 0 0 0 2 1 0 1 5 1 0 1 1 0 0 0
0 0 0 2 4 1 0 3 2 0 0 0 0 0 0 0 0 0 1 1 1 1 1 1 0 0 0 0 0 0 0 0 0 0 0 1 0 0 1 0 0 0 1 0 1 0 1 1 2 0 1 0 0 0 0 1 0 0 0 1 0 0 0 3 0 1 1 1 1 0 1 0 0 0 0
0 0 0 0 0 0 0 0 0 0 0 0 0 0 0 0 0 0 0 0 0 0 0 0 0 0 0 0 0 1 1 1 1 0 0 0 0 0 0 0 0 0 0 0 0 0 0 0 0 0 0 0 0 0 0 0 0 0 0 0 0 0 0 0 0 0 0 0 0 0 0 0 0 0 1
0 0 0 1 0 1 0 0 2 0 0 0 0 2 0 0 1 0 0 0 0 0 1 0 0 0 1 0 0 1 1 1 1 2 0 0 0 0 1 0 1 1 0 1 0 0 2 0 0 0 0 0 2 0 0 0 1 1 1 1 0 0 0 0 2 0 0 0 1 0 0 1 0 0 1
0 0 0 0 0 0 0 0 0 8 0 0 0 0 0 0 0 0 0 0 0 0 0 0 0 0 0 2 0 0 0 0 0 0 0 0 0 0 0 1 0 0 0 0 0 0 0 0 8 1 1 0 0 0 0 1 0 0 0 0 0 0 0 17 0 0 0 0 0 1 0 0 0 0 0
1 0 0 1 0 0 0 0 1 1 0 0 1 0 1 1 0 0 1 0 0 1 1 1 0 0 1 1 0 0 0 1 1 0 0 1 0 0 0 0 0 0 0 0 0 0 0 0 2 0 0 0 0 0 0 1 0 0 0 1 0 1 0 0 0 0 0 0 0 0 0 0 0 0 0
0 0 0 1 2 3 0 1 2 4 0 0 0 3 0 0 1 0 0 0 0 0 2 0 0 0 1 0 0 0 0 0 0 3 1 1 0 0 0 1 1 0 0 1 0 0 2 0 1 0 1 0 0 0 0 0 0 1 0 2 0 0 0 6 3 0 0 3 0 0 1 1 0 0 0
0 0 0 0 0 1 0 1 1 0 0 0 0 0 0 0 0 0 0 0 0 1 1 0 0 0 0 0 0 1 1 0 0 1 1 1 0 0 0 0 0 0 0 0 0 0 0 1 0 0 0 0 0 0 0 0 0 0 0 0 0 0 0 1 1 0 0 0 0 0 0 0 0 0 1
0 0 0 0 2 2 0 1 1 0 0 0 0 2 2 2 0 0 0 1 0 1 1 0 0 0 0 0 0 0 0 0 0 0 1 1 0 0 1 0 0 1 0 2 1 0 2 1 0 0 0 1 2 0 0 0 1 0 2 0 0 0 0 1 0 1 0 1 1 0 2 2 0 1 1
1 0 1 2 8 4 1 8 4 9 0 1 1 2 1 1 3 0 0 0 1 1 2 0 1 0 1 6 0 0 0 0 0 4 1 1 1 0 0 0 3 0 0 3 1 1 2 1 1 0 1 3 1 0 0 4 1 0 1 1 0 0 0 6 4 1 1 6 1 0 3 3 0 0 0
3 0 0 0 4 0 1 3 3 8 0 1 1 1 0 0 0 1 1 0 1 1 0 0 0 1 2 4 0 0 0 0 0 1 0 0 0 0 0 0 1 0 0 0 0 0 0 0 7 0 1 1 0 0 0 6 1 3 0 0 0 0 0 4 3 0 0 9 1 1 0 0 0 1 0
1 0 0 1 3 3 1 3 2 1 0 1 1 0 2 2 0 1 0 1 0 1 0 0 1 1 0 3 0 0 0 0 0 2 1 1 0 0 0 0 0 0 0 2 1 1 0 1 5 0 1 0 0 1 0 0 0 0 0 2 0 0 0 6 1 1 1 2 0 0 2 1 0 0 0
3 1 1 3 2 4 1 5 3 6 0 1 1 2 0 0 1 0 1 0 1 0 1 0 0 0 2 1 4 0 0 0 0 1 1 1 0 0 0 0 1 0 1 3 1 0 3 0 5 1 0 0 1 0 3 0 1 3 3 2 0 0 1 5 1 1 0 2 1 2 4 3 5 0 0
0 0 0 0 3 0 1 0 2 0 0 1 1 1 0 0 0 2 0 0 0 0 1 0 0 2 0 0 0 0 0 1 1 0 1 1 0 0 1 0 0 1 0 1 0 0 1 1 0 0 0 0 1 0 0 0 1 1 0 0 0 0 1 0 0 0 0 3 1 0 1 1 0 0 0
0 0 0 2 5 2 2 4 10 0 0 2 2 1 1 1 1 3 0 0 0 1 2 0 0 3 2 0 0 0 0 1 1 2 1 0 0 0 1 0 1 1 0 1 0 0 1 0 0 0 0 1 2 0 0 0 1 0 0 0 0 0 1 5 2 0 0 5 1 0 2 1 0 1 0
0 0 0 3 2 2 1 3 3 3 0 1 1 2 3 3 1 1 1 1 0 1 1 0 0 1 2 0 1 0 0 0 0 1 2 1 0 0 0 0 1 0 0 2 1 0 3 1 1 0 1 0 1 0 0 1 1 1 0 3 0 0 0 0 1 1 0 2 1 0 2 2 0 0 0
0 0 0 2 2 1 0 4 1 0 0 0 0 1 0 0 2 1 0 0 0 0 2 0 0 0 2 0 0 0 0 1 1 3 1 0 0 0 0 0 2 0 0 0 0 0 1 0 0 0 0 0 1 0 0 0 0 4 0 1 0 0 0 3 3 0 0 2 0 0 0 0 0 1 0
0 0 0 1 3 4 2 4 7 0 0 0 0 2 0 0 1 4 0 0 0 0 2 0 0 1 1 0 0 0 0 1 1 1 0 0 0 0 0 0 1 0 0 0 0 0 2 0 0 0 0 2 0 0 1 0 1 2 0 0 0 0 1 3 1 0 0 3 0 0 1 0 0 1 0
0 0 0 0 0 1 0 0 0 0 0 0 0 1 0 0 1 1 0 1 0 0 0 0 1 0 1 0 0 0 0 0 0 0 0 0 0 0 0 1 1 0 0 0 0 1 0 1 0 0 1 0 0 0 0 0 0 0 0 2 0 0 0 1 0 1 0 0 0 0 0 0 0 0 0
0 0 0 3 4 1 0 2 3 0 0 0 0 1 0 0 0 0 0 1 0 1 0 0 1 0 2 0 0 1 1 0 0 2 1 1 0 0 1 0 0 1 0 0 2 1 1 1 0 0 0 0 0 0 0 0 1 2 1 2 0 0 1 2 2 1 0 1 1 0 0 0 0 1 1
0 0 0 3 2 4 1 2 2 1 0 1 1 2 0 0 0 2 1 1 0 1 0 1 0 2 4 0 0 0 0 0 0 0 1 1 0 0 1 0 0 1 0 1 0 0 3 0 1 0 1 0 1 0 0 2 1 0 2 0 1 0 0 2 0 0 1 3 1 0 3 1 1 0 0
2 1 1 1 0 1 0 1 1 0 0 0 0 0 0 0 0 1 2 1 0 0 0 0 0 1 1 1 2 0 0 0 0 0 0 1 1 1 0 0 0 0 0 0 1 0 0 1 1 1 0 0 1 0 1 3 0 2 0 1 0 0 0 10 0 1 1 0 0 0 0 0 4 0 0
0 0 0 0 0 0 0 1 1 0 0 0 0 0 0 0 0 0 0 0 0 1 1 0 1 0 0 0 1 0 0 0 0 0 0 1 0 0 0 0 0 0 0 0 1 1 0 1 1 1 0 0 0 0 1 0 0 2 0 0 0 0 0 2 0 0 0 0 0 0 0 0 0 0 0
0 0 0 0 0 0 0 1 0 0 0 0 0 0 1 1 0 0 0 0 0 0 0 0 0 0 0 0 0 0 0 1 1 0 0 0 0 0 0 0 0 0 0 0 0 0 0 0 0 0 0 0 0 0 0 0 0 0 0 0 0 0 0 1 0 0 0 0 0 0 0 0 0 0 1
0 0 0 6 3 4 1 3 7 0 0 1 1 4 1 1 1 0 0 1 0 0 1 0 0 0 6 0 0 0 0 1 1 1 2 1 0 0 0 0 1 0 0 1 0 0 4 1 0 0 0 0 1 0 0 0 1 1 1 0 0 0 0 0 1 1 0 3 1 0 1 1 0 0 0
1 0 1 0 2 0 0 1 1 2 0 0 0 1 0 0 0 1 2 0 0 0 0 2 0 1 0 2 0 0 0 0 0 0 0 1 1 0 1 0 0 1 0 1 0 0 2 1 2 3 1 0 1 0 0 0 1 0 0 0 1 0 0 5 0 1 0 0 1 0 1 0 0 0 0
3 1 1 0 0 0 0 0 0 5 0 0 0 0 1 1 0 0 3 0 2 0 0 1 0 0 0 5 0 0 0 0 0 0 0 0 1 2 0 0 0 0 0 0 0 0 0 0 6 2 0 0 1 0 1 0 0 0 0 1 0 0 0 4 0 0 0 0 0 0 0 0 0 0 0
0 0 0 0 0 0 0 0 0 0 0 0 0 0 1 1 0 1 0 0 0 0 0 0 0 1 0 0 0 1 1 1 1 0 0 0 0 0 0 0 0 0 0 0 0 0 0 0 0 0 0 0 0 0 0 0 0 0 0 0 0 0 0 0 0 0 0 0 0 0 0 0 0 0 1
2 2 0 0 0 0 0 0 0 1 0 0 0 0 0 0 0 0 1 0 0 0 0 1 0 0 0 0 0 0 0 0 0 0 0 0 0 0 0 0 0 0 0 0 0 0 0 0 0 0 0 0 1 2 0 0 0 0 0 0 1 2 0 1 0 0 0 0 0 0 0 0 1 0 0
0 0 0 1 0 0 2 0 1 0 0 1 1 0 0 0 0 0 0 1 0 0 0 0 1 0 1 0 0 0 0 0 0 0 1 1 0 0 1 0 0 0 0 0 1 1 0 1 0 0 0 0 1 0 0 0 0 0 1 0 0 0 1 0 0 1 0 1 2 0 0 0 0 0 0
0 0 1 1 2 1 0 0 2 1 0 0 0 2 0 0 0 2 0 1 0 1 1 0 0 2 1 1 1 0 0 0 0 1 2 1 0 0 1 1 0 0 0 0 0 0 2 1 2 0 1 0 2 0 0 0 0 1 1 2 0 0 1 1 1 0 1 1 1 1 0 0 0 0 0
2 0 0 5 26 12 0 15 23 8 0 0 0 0 1 1 0 3 1 1 0 0 1 1 1 3 0 4 2 0 0 1 1 2 3 0 0 0 1 1 0 2 0 5 0 1 4 0 2 4 0 0 1 0 0 3 2 11 0 4 0 0 0 6 0 0 1 0 1 3 8 0 0 0 0
0 0 0 1 4 6 0 3 1 0 0 0 0 0 1 1 2 1 0 0 0 0 5 0 1 0 1 0 0 0 0 0 0 0 0 0 0 0 0 1 2 0 0 0 1 1 0 0 0 0 1 0 0 0 0 1 0 0 0 0 0 0 1 5 0 0 1 4 0 0 1 0 0 1 0
0 0 1 0 0 0 0 0 0 2 1 0 0 0 0 0 0 0 0 0 0 0 0 0 0 0 0 0 0 0 0 0 0 0 0 0 1 0 0 0 0 0 0 0 0 0 0 0 1 0 0 0 0 0 0 0 0 0 0 0 0 0 0 3 0 0 0 0 0 0 0 0 0 0 0
3 0 2 0 0 0 0 0 0 0 1 0 0 0 0 0 0 1 0 0 0 0 0 0 0 0 0 0 0 0 0 0 0 0 0 0 2 0 0 0 0 0 0 0 0 0 0 0 1 0 0 0 0 0 0 1 0 0 0 0 0 0 0 0 0 0 0 0 0 0 0 0 0 0 0
1 1 1 0 0 0 0 0 0 1 1 0 0 0 0 0 0 0 1 1 1 0 0 1 0 0 0 2 0 0 0 0 0 0 0 0 1 0 0 0 0 0 1 0 0 0 0 0 0 1 0 0 0 1 0 0 0 0 0 0 1 0 0 2 0 0 0 0 0 1 0 0 0 0 0
0 0 0 0 0 1 0 1 0 0 0 0 0 0 1 1 0 0 0 0 0 0 1 0 0 0 0 0 0 0 0 1 1 0 0 1 0 0 1 1 0 1 0 0 0 0 0 1 0 0 0 1 0 0 0 0 1 0 0 0 0 0 0 1 0 2 0 0 1 0 0 0 0 0 0
0 0 0 0 0 0 0 0 0 0 0 0 0 0 0 0 0 0 0 0 0 0 0 0 0 0 0 0 0 0 0 0 0 0 0 0 0 0 0 0 0 0 0 0 0 0 0 0 0 0 1 0 0 0 0 0 0 0 0 0 0 0 0 0 0 0 0 0 0 0 0 0 0 0 0
0 0 0 1 2 1 1 1 0 3 0 1 1 0 0 0 0 1 0 0 0 1 0 0 0 1 0 5 1 0 0 0 0 2 1 1 0 0 1 1 0 1 0 0 1 0 0 1 4 0 1 0 2 0 0 0 1 0 0 1 0 0 0 4 0 1 0 0 1 1 0 0 1 0 0
0 0 0 0 2 4 1 1 2 0 0 0 0 0 0 0 2 1 0 0 0 0 2 0 0 0 0 0 0 0 0 1 1 1 0 0 0 0 0 0 2 1 0 0 0 1 0 0 0 0 0 1 0 0 0 0 1 1 0 0 0 0 0 1 1 0 0 2 0 0 2 0 0 0 0
0 0 0 1 0 3 1 3 1 0 0 1 1 0 0 0 0 2 0 1 0 1 0 0 0 2 1 0 0 1 1 1 1 2 1 0 0 0 1 0 0 1 0 0 0 0 0 0 0 0 0 0 0 0 0 0 1 3 0 1 0 0 0 1 2 0 0 0 1 0 1 0 0 1 1
1 1 1 0 0 0 0 0 0 2 1 0 0 0 0 0 0 0 1 0 0 0 0 1 0 0 0 2 1 0 0 0 0 0 0 0 0 0 0 0 0 0 0 0 0 0 0 0 0 1 0 0 0 0 1 0 0 0 0 0 1 1 0 2 0 0 0 0 0 1 0 0 1 0 0
0 0 0 0 1 0 0 1 0 0 0 0 0 0 1 1 0 2 0 1 0 0 0 0 0 2 0 0 0 0 0 0 0 0 1 0 0 0 0 1 0 0 0 0 0 0 0 0 0 0 1 0 0 2 0 0 0 0 0 1 0 0 0 0 0 0 1 0 0 0 0 0 0 0 0
0 0 1 0 0 0 0 0 0 1 1 0 0 0 0 0 0 0 1 0 1 0 0 0 0 0 0 0 1 0 0 0 0 0 0 0 1 0 0 0 0 0 1 0 0 0 0 0 1 1 0 0 0 0 0 0 0 0 0 0 1 1 0 1 0 0 0 0 0 1 0 0 0 0 0
0 0 0 0 0 0 0 1 0 0 0 0 0 0 0 0 0 0 0 0 0 1 0 0 1 0 0 0 0 1 1 1 1 0 0 0 0 0 0 0 0 0 0 0 0 1 0 0 0 0 0 0 1 0 0 0 0 0 0 0 0 0 0 2 0 0 0 0 0 0 0 0 0 0 1
0 0 0 1 1 0 1 0 0 0 0 1 0 0 0 0 0 1 0 0 0 0 0 0 0 1 0 0 0 1 1 0 0 0 0 1 0 0 1 0 0 1 0 1 0 0 0 0 0 0 0 0 1 0 0 0 1 0 0 0 0 0 0 0 0 0 0 0 1 0 1 0 0 0 1
0 0 0 0 2 0 0 0 0 0 0 0 0 1 0 0 0 1 0 0 0 1 0 0 0 1 0 0 0 1 1 0 0 0 1 1 0 0 0 0 0 0 0 0 1 0 1 1 0 0 0 0 0 0 0 0 0 1 0 1 0 0 1 0 0 1 0 2 0 0 0 0 0 0 1
3 0 2 0 0 0 0 0 0 4 0 0 0 0 0 0 0 0 2 0 2 0 0 0 0 0 0 5 4 0 0 0 0 0 0 0 1 0 0 0 0 0 1 0 0 0 0 0 5 2 0 0 0 2 0 1 0 0 0 0 0 0 0 4 0 0 0 0 0 2 0 0 1 0 0
0 0 1 0 0 0 0 0 0 2 1 0 0 0 0 0 0 0 2 0 0 0 0 0 0 0 0 1 3 0 0 0 0 0 0 0 1 1 0 0 0 0 0 0 0 0 0 0 2 2 0 0 0 0 0 0 0 0 0 0 2 0 0 4 0 0 0 0 0 1 0 0 0 0 0
0 0 0 1 2 4 1 1 2 0 0 1 1 2 1 1 0 1 1 1 0 0 1 0 1 1 1 2 0 0 0 0 0 1 0 1 0 0 0 1 0 0 0 2 1 1 3 1 1 1 1 0 0 0 0 1 0 0 2 1 1 1 1 1 1 0 1 1 0 0 0 2 0 0 0
1 1 1 0 0 0 0 0 0 0 1 0 0 0 1 1 0 0 1 0 0 0 0 0 0 0 0 1 0 0 0 0 0 0 0 0 0 0 0 0 0 0 0 0 0 0 0 0 0 0 0 0 0 1 0 0 0 0 0 0 1 0 0 0 0 0 0 0 0 0 0 0 0 0 0
0 0 0 0 0 0 0 0 0 0 0 0 0 0 2 2 0 0 0 0 0 0 0 0 0 0 0 0 0 1 1 1 1 0 0 0 0 0 0 0 0 0 0 0 0 0 0 0 0 0 0 0 0 0 0 0 0 0 0 0 0 0 0 0 0 0 0 0 0 0 0 0 0 0 0
2 0 2 0 0 0 0 0 0 1 0 0 0 0 0 0 0 0 3 0 1 0 0 1 0 0 0 1 1 0 0 0 0 0 0 0 1 0 0 0 0 0 1 0 0 0 0 0 1 1 0 0 0 1 0 0 0 0 0 0 0 0 0 2 0 0 0 0 0 1 0 0 0 0 0
1 0 0 1 5 4 1 6 1 0 0 1 1 2 0 0 2 1 0 1 0 1 2 0 0 1 1 3 0 0 0 0 0 0 0 1 0 0 0 1 2 0 1 0 1 0 2 1 1 0 1 1 1 0 0 0 1 0 1 1 0 0 1 5 0 1 1 3 1 0 0 0 0 0 0
0 0 0 2 5 0 0 5 1 1 0 0 0 0 0 0 0 1 1 2 0 0 1 1 0 1 2 0 0 0 0 1 1 0 0 1 0 1 0 1 0 0 0 0 0 0 0 0 0 2 1 1 0 0 0 0 0 2 0 1 0 0 0 5 0 1 0 5 0 1 0 0 0 0 0
0 0 0 2 2 4 0 6 7 0 0 0 0 2 0 0 3 2 1 0 0 1 2 0 2 2 2 0 0 0 0 0 0 3 0 0 0 0 0 0 3 0 0 0 0 2 2 0 0 0 1 1 0 0 0 0 0 4 0 0 0 0 0 7 4 0 0 2 0 0 1 0 0 0 0
1 0 0 0 4 6 3 0 1 7 0 1 0 0 1 1 1 2 1 1 0 0 0 0 0 0 0 3 1 0 0 0 0 2 0 0 0 0 0 1 1 0 0 5 1 1 0 0 4 1 1 1 0 0 0 7 0 1 0 1 0 0 0 6 2 0 1 4 0 2 5 4 0 1 0
0 0 0 2 3 0 1 2 2 0 0 0 0 0 0 0 0 0 0 2 0 1 1 0 0 0 2 0 0 0 0 0 0 0 0 1 0 0 0 0 0 0 0 1 1 1 0 1 0 0 0 1 0 0 0 0 1 3 0 1 0 0 1 2 0 1 0 3 1 0 1 0 0 1 0
0 0 0 1 2 2 1 6 1 1 0 1 1 2 0 0 0 3 0 1 0 1 4 0 0 3 1 2 0 0 0 0 0 0 0 1 0 0 1 0 0 1 0 2 1 0 2 1 2 0 1 1 1 0 0 1 1 1 1 0 0 0 0 10 0 1 1 2 1 1 0 2 0 0 0
0 0 0 0 0 0 0 0 0 0 0 0 0 0 1 1 0 0 0 0 0 0 0 0 1 0 0 0 0 0 0 1 1 0 0 0 0 0 0 0 0 0 0 0 0 1 0 0 0 0 0 0 0 0 0 0 0 0 0 0 0 0 0 0 0 0 0 0 0 0 0 0 0 0 0
0 0 0 0 1 5 1 1 1 0 0 1 1 1 0 0 0 1 0 1 0 1 1 0 0 1 0 0 0 0 0 0 0 1 1 1 0 0 1 0 0 1 0 3 1 0 2 1 0 0 1 0 0 0 0 0 1 0 0 1 0 0 0 1 1 0 1 0 1 0 2 2 0 0 0
1 0 0 0 3 0 1 2 0 0 0 0 0 0 0 0 0 0 0 1 0 0 0 1 0 0 0 1 0 0 0 1 1 0 1 0 0 0 0 1 0 0 1 1 1 0 0 0 3 0 1 0 0 0 0 1 0 0 0 1 0 0 0 3 0 0 1 3 0 1 0 1 0 0 0
0 0 0 1 2 1 0 3 2 0 0 0 0 0 0 0 0 0 0 0 0 0 0 0 0 0 1 0 0 0 0 0 0 1 0 1 0 0 1 0 0 0 0 0 0 0 0 0 0 0 0 0 1 0 0 0 0 0 0 0 0 0 1 4 1 0 0 2 1 0 0 0 0 1 1
0 0 0 1 4 2 1 3 2 0 0 1 1 1 0 0 1 1 0 0 0 1 2 0 1 1 1 0 0 1 1 0 0 0 0 1 0 0 0 0 1 0 0 0 2 1 1 1 0 0 0 0 2 0 0 0 0 4 0 3 0 0 0 0 0 1 0 3 0 0 0 0 0 1 0
0 0 0 0 0 0 0 0 0 2 0 0 0 0 1 1 0 0 0 0 0 0 0 1 0 0 0 2 2 0 0 0 0 0 0 0 0 0 0 0 0 0 0 0 0 0 0 0 9 2 0 0 0 1 1 1 0 0 0 0 0 1 0 3 0 0 0 0 0 0 0 0 0 0 0
1 0 0 1 4 2 0 3 0 0 0 0 0 0 1 1 1 0 0 0 0 0 1 0 0 0 0 0 0 0 0 0 0 1 0 0 0 0 1 0 1 1 0 2 0 0 0 0 0 0 1 0 0 0 0 0 1 0 0 1 0 0 1 3 0 0 0 3 1 0 3 2 0 0 0
0 0 0 2 0 0 0 1 1 0 0 0 0 0 0 0 0 0 0 1 0 0 0 0 1 0 0 0 0 0 0 0 0 0 1 0 0 0 1 0 0 0 0 0 0 1 1 0 0 0 1 0 0 0 1 0 0 0 0 0 0 0 0 1 0 0 0 0 1 0 0 0 0 0 0
0 0 0 0 1 2 2 1 0 0 0 2 0 0 0 0 0 1 0 0 0 1 0 0 0 1 0 0 0 1 1 0 0 0 1 0 0 0 1 0 0 1 0 0 0 0 0 0 0 0 0 0 0 1 0 0 1 1 0 0 0 0 1 1 0 0 0 0 1 0 0 0 0 0 0
0 0 0 2 1 2 0 0 5 0 0 0 0 0 2 2 0 1 0 0 0 1 0 0 0 1 1 0 0 0 0 0 0 0 1 1 0 0 0 1 0 1 0 1 0 0 0 1 0 0 1 0 1 0 0 0 1 2 0 1 0 0 0 0 0 0 0 0 0 0 0 0 0 0 0
0 0 0 5 6 5 1 7 3 0 0 0 0 2 0 0 1 0 0 5 0 1 2 0 0 0 5 0 1 0 0 0 0 4 1 1 0 0 0 1 1 0 0 4 1 1 2 1 0 0 0 0 1 0 0 0 1 2 0 2 0 0 0 8 4 1 1 5 0 1 1 4 0 0 0
0 0 0 2 4 1 1 0 0 0 0 1 1 0 0 0 0 0 0 1 0 0 1 0 0 0 1 1 1 0 0 0 0 1 0 0 0 0 1 0 0 0 0 1 0 1 0 0 1 0 0 0 0 0 0 0 0 1 0 1 0 0 0 0 1 0 1 0 1 0 0 0 0 0 0
0 0 0 0 1 1 1 0 0 0 0 1 1 0 1 1 1 1 0 1 0 0 0 0 0 1 0 0 0 0 0 1 1 1 0 0 0 0 0 0 1 0 0 0 1 0 0 1 0 0 0 0 0 0 0 0 0 0 0 1 0 0 1 0 1 1 1 1 0 0 0 0 0 0 0
0 0 0 0 0 0 1 0 1 0 0 1 0 0 0 0 1 0 0 1 0 0 0 0 0 0 0 0 0 0 0 0 0 0 1 1 0 0 0 0 1 0 0 1 1 0 0 1 0 0 0 1 0 0 0 0 0 0 0 0 0 0 0 0 0 1 2 0 0 0 0 0 0 1 0
1 1 0 0 0 0 0 0 0 3 0 0 0 0 1 1 0 0 1 1 1 0 0 1 0 0 0 2 0 0 0 0 0 0 0 0 0 0 0 0 0 0 1 0 0 0 0 0 9 1 0 0 1 1 0 1 0 0 0 0 1 1 0 3 0 0 0 0 0 2 0 0 1 0 0
0 0 1 0 0 0 0 0 0 1 1 0 0 0 1 1 0 0 1 0 2 0 0 0 0 0 0 3 1 0 0 0 0 0 0 0 1 1 0 0 0 0 2 0 0 0 0 0 5 2 0 0 3 0 0 2 0 0 0 1 1 0 0 2 0 0 0 0 0 1 0 0 0 0 0
0 0 0 1 0 3 1 1 0 0 0 1 1 0 1 1 3 0 0 2 0 1 1 0 0 0 1 0 0 0 0 0 0 0 1 1 0 0 0 1 3 0 0 1 1 0 0 1 0 0 1 2 0 0 0 0 0 0 0 1 0 0 0 1 0 1 1 0 0 0 3 1 0 0 0
0 0 0 0 1 1 1 0 0 0 0 0 0 0 0 0 0 0 1 1 0 0 0 1 0 0 0 3 1 0 0 0 0 0 0 1 0 0 0 2 0 0 0 1 1 1 0 0 7 1 1 0 1 0 0 3 0 0 0 1 0 0 0 0 0 1 2 1 0 0 0 1 0 0 0
0 0 0 1 2 1 1 2 2 1 0 1 1 0 0 0 0 0 0 1 0 0 1 0 1 0 1 1 1 0 0 1 1 0 0 1 0 0 1 1 0 1 0 0 0 1 0 1 0 0 1 0 0 0 0 0 1 1 0 0 0 0 1 2 0 1 0 2 1 0 0 0 0 0 0
0 0 0 1 3 3 0 0 3 0 0 0 0 1 2 2 1 2 0 0 1 1 2 0 1 2 1 0 1 1 1 0 0 2 0 1 0 0 1 0 1 1 1 3 1 1 1 1 0 1 0 0 1 0 0 0 1 1 0 1 0 0 1 0 1 1 0 2 1 0 1 3 0 1 0
0 0 0 0 0 0 0 0 0 0 0 0 0 0 0 0 1 2 0 0 0 0 0 0 1 2 0 0 0 1 1 1 1 0 1 0 0 0 1 0 1 1 0 0 0 1 0 0 0 0 0 0 1 0 0 0 1 0 0 0 0 0 0 0 0 0 0 0 1 0 0 0 0 0 1
0 0 0 0 2 1 0 0 0 0 0 0 0 0 1 1 0 0 0 1 0 0 0 0 0 0 0 0 0 0 0 0 0 0 0 1 0 0 0 1 0 0 0 0 1 0 0 1 0 0 1 0 0 0 0 0 0 0 0 1 0 0 0 0 0 1 1 1 0 0 0 0 0 0 0
0 0 0 0 0 0 0 0 0 0 0 0 0 0 0 0 0 0 0 0 0 0 0 0 0 0 0 0 0 1 1 0 0 0 0 0 0 0 0 0 0 0 0 0 0 0 0 0 0 0 0 0 0 0 0 0 0 0 0 0 0 0 0 0 0 0 0 0 0 0 0 0 0 0 1
2 2 0 0 0 0 0 0 0 0 0 0 0 0 1 1 0 0 0 1 0 0 0 0 0 0 0 1 0 0 0 0 0 0 0 0 0 0 0 0 0 0 0 0 0 0 0 0 1 0 0 0 2 2 0 0 0 0 0 0 0 2 0 0 0 0 0 0 0 0 0 0 0 0 0
3 1 2 0 0 0 0 1 0 2 0 0 0 0 0 0 0 1 2 0 0 0 0 1 0 1 0 1 1 0 0 0 0 0 0 0 2 1 0 0 0 0 1 0 0 0 0 0 3 3 1 0 0 1 0 6 0 0 0 0 0 0 0 5 0 0 0 0 0 2 0 0 0 0 0
6 1 0 0 0 0 0 0 0 1 0 0 1 0 1 1 0 0 3 0 0 0 0 0 0 0 0 0 0 0 0 0 0 0 0 0 0 0 0 0 0 0 0 0 1 0 0 0 0 0 0 0 0 1 0 2 0 0 0 0 0 0 0 3 0 0 0 0 0 1 0 0 3 0 0
0 0 0 0 0 0 1 2 0 0 0 1 1 0 0 0 0 1 0 1 0 0 0 0 0 1 0 0 0 0 0 0 0 0 1 1 0 0 1 0 0 1 0 0 1 0 0 1 0 0 0 0 1 0 0 0 1 1 0 0 0 0 0 3 0 0 1 0 1 0 0 0 0 1 0
0 0 0 1 7 1 2 2 4 0 0 1 1 3 0 0 0 1 0 0 0 0 2 0 0 1 1 0 0 0 0 1 1 2 1 0 0 0 0 0 0 0 0 0 0 0 3 0 0 0 0 0 1 0 0 0 1 2 1 3 0 0 1 1 2 0 0 7 1 0 2 0 0 0 0
3 0 1 0 2 1 0 0 2 2 0 0 0 0 1 1 0 1 3 3 0 0 0 0 0 1 1 1 1 0 0 0 0 0 1 0 1 2 0 0 0 0 0 0 1 0 0 0 1 1 1 0 0 2 0 0 0 0 1 2 0 0 1 6 0 0 1 1 0 1 0 0 0 0 0
2 0 2 0 0 0 0 0 0 6 0 0 0 0 0 0 0 1 1 0 0 0 0 0 0 0 0 6 1 0 0 0 0 0 0 0 1 0 0 0 0 0 0 0 0 1 0 0 6 0 0 0 0 0 0 5 0 0 0 0 0 0 1 14 1 0 0 1 0 0 0 0 2 0 0
1 0 1 0 0 0 0 0 0 3 0 0 0 0 2 2 0 0 2 0 1 0 0 1 0 0 0 3 2 0 0 0 0 0 0 0 0 0 0 0 0 0 1 0 0 0 0 0 10 1 0 0 1 1 0 7 0 0 0 0 0 0 0 3 0 0 1 0 0 1 0 0 3 0 0
3 1 1 0 0 0 0 0 0 0 0 0 0 0 0 0 0 0 3 1 2 0 0 0 0 0 0 3 0 0 0 0 0 0 0 0 2 2 0 0 0 0 1 0 0 0 0 0 3 2 0 0 1 1 0 0 0 0 0 2 0 2 0 0 0 0 0 0 0 1 0 0 0 0 0
1 0 1 0 7 1 0 3 2 0 0 0 0 2 0 0 0 0 1 0 0 1 1 1 0 0 0 0 0 0 0 0 0 1 1 1 0 0 0 0 0 0 0 3 0 0 2 0 0 0 0 0 1 0 0 0 1 1 1 0 0 0 1 3 1 1 0 6 1 0 0 3 0 0 0
0 0 0 1 1 1 1 2 2 0 0 1 1 1 0 0 0 0 0 0 0 0 0 0 0 0 1 0 0 0 0 1 1 0 0 2 0 0 1 1 0 1 0 0 1 0 1 1 0 0 0 0 1 0 0 0 1 0 1 0 0 0 0 2 0 1 1 1 1 0 0 0 0 0 0
1 0 1 1 3 0 1 2 3 0 0 1 1 1 0 0 0 1 0 2 0 0 0 0 0 1 1 0 0 0 0 0 0 0 0 1 0 0 1 1 0 1 0 1 1 0 1 1 1 0 1 0 0 0 1 0 1 2 0 1 0 0 1 2 0 1 1 1 1 1 0 0 0 0 0
2 1 0 0 1 1 1 2 3 2 0 0 0 0 0 0 0 2 1 1 1 0 1 0 0 1 0 0 3 0 0 0 0 0 0 0 0 1 0 0 0 0 0 0 0 2 0 0 2 2 1 0 0 0 0 2 2 1 0 1 0 0 0 9 0 0 1 0 2 2 0 0 0 0 0
1 0 0 0 2 3 1 4 3 8 0 1 0 0 0 0 0 1 1 1 0 0 0 0 0 1 0 4 1 0 0 0 0 0 0 1 0 0 0 1 0 0 0 1 1 0 0 1 4 0 1 0 0 0 0 3 0 0 0 1 0 0 0 0 0 1 1 0 0 0 2 0 0 0 0
1 0 0 1 0 3 1 1 1 0 0 0 0 0 0 0 0 1 0 0 0 0 1 0 0 0 1 0 0 0 0 1 1 0 0 0 0 0 0 1 0 0 0 1 0 1 0 0 0 0 0 0 0 0 0 0 0 0 0 1 0 0 0 2 0 1 0 0 0 0 1 1 0 0 0
1 0 0 0 1 1 0 1 0 2 0 0 0 0 0 0 0 0 1 2 1 1 0 1 1 0 0 4 0 0 0 0 0 0 0 0 0 0 0 1 0 0 0 0 0 1 0 0 3 2 1 0 0 0 0 1 0 0 0 0 0 0 0 3 0 0 1 0 0 1 0 0 0 0 0
1 0 0 0 3 0 0 1 0 0 0 0 0 1 1 1 1 1 1 1 0 1 0 0 0 1 0 0 0 0 0 0 0 0 2 1 0 0 0 1 1 0 0 0 1 0 1 1 0 0 1 0 1 0 0 0 0 0 0 2 1 0 1 1 0 1 1 2 0 0 1 0 0 0 0
5 0 1 3 3 3 0 2 1 6 0 0 0 0 2 2 0 1 4 3 4 1 0 0 0 1 0 2 2 0 0 0 0 2 1 1 1 2 1 0 0 1 1 1 1 0 1 1 3 4 1 0 0 0 0 4 1 0 0 6 0 0 0 11 0 1 2 0 1 3 1 0 0 1 0
0 0 1 0 0 0 0 0 0 0 1 0 0 0 0 0 0 0 1 0 1 0 0 0 0 0 0 1 1 0 0 0 0 0 0 0 0 0 0 0 0 0 1 0 0 0 0 0 1 2 0 0 0 0 0 0 0 0 0 0 1 0 0 0 0 0 0 0 0 1 0 0 0 0 0
0 0 0 1 1 3 1 1 1 0 0 0 0 0 1 1 1 1 0 0 0 0 0 0 0 0 1 0 0 0 0 1 1 2 0 0 0 0 0 0 1 0 0 0 0 0 0 0 0 0 0 0 1 0 0 0 1 1 0 0 0 0 1 2 2 0 0 1 1 0 0 0 0 0 0
1 0 1 0 2 0 0 1 0 7 0 0 0 0 0 0 0 0 1 1 0 0 0 1 0 0 0 4 1 0 0 0 0 1 0 1 1 0 0 0 0 0 0 0 1 0 0 1 5 1 1 0 0 0 0 0 0 0 0 1 0 0 0 7 0 1 1 0 0 1 0 0 0 0 0
0 0 0 0 0 0 0 0 0 0 0 0 0 0 1 1 0 0 0 1 0 1 0 0 0 0 0 0 0 1 1 1 1 0 1 0 0 0 0 0 0 1 0 0 0 0 0 0 0 0 0 0 0 0 0 0 1 0 0 1 0 0 0 0 0 0 0 0 0 0 0 0 0 1 1
0 0 0 0 0 0 0 0 0 0 0 0 0 0 0 0 0 0 0 0 0 0 0 0 0 0 0 0 0 0 0 0 0 0 0 0 0 0 0 0 0 0 0 0 0 0 0 0 0 0 0 0 0 0 0 0 0 0 0 0 0 0 0 0 0 0 0 0 0 0 0 0 0 0 0
0 0 0 0 0 0 0 0 0 0 0 0 0 0 0 0 0 0 1 1 0 0 0 0 0 0 0 0 0 0 0 0 0 0 0 0 0 0 0 0 0 0 0 0 0 0 0 0 0 0 0 0 0 0 0 0 0 0 0 1 0 0 0 1 0 0 0 0 0 0 0 0 0 0 0
0 0 0 0 1 0 0 1 1 0 0 0 0 0 0 0 1 1 0 1 0 1 1 0 0 1 0 0 1 0 0 0 0 0 1 0 0 0 0 1 1 0 0 2 1 0 1 1 0 0 1 0 0 0 0 0 0 3 0 1 0 0 0 3 0 1 1 1 0 0 0 2 0 0 0
0 0 0 0 0 2 1 1 2 5 0 1 1 0 0 0 0 0 1 1 0 0 0 1 0 0 0 3 0 0 0 0 0 0 0 1 0 0 0 1 0 0 0 3 1 0 1 1 6 0 1 0 0 0 0 5 0 0 0 1 0 1 0 7 0 1 1 0 0 0 0 2 0 0 0
0 0 0 0 2 0 1 0 1 0 0 1 1 0 1 1 0 1 0 0 0 0 0 0 0 1 0 0 0 1 1 1 1 0 0 0 0 0 1 0 0 1 0 0 0 0 0 0 0 0 0 0 0 0 0 0 1 0 0 0 0 0 1 0 0 0 0 2 1 0 1 0 0 1 1
0 0 0 6 6 2 1 6 5 2 0 1 1 1 0 0 0 1 1 0 1 0 2 1 0 1 3 4 3 0 0 0 0 1 0 1 0 0 1 1 0 1 0 2 1 0 3 2 2 2 1 0 1 0 0 2 1 1 0 1 0 0 1 5 1 1 0 4 1 1 1 1 0 0 0
0 0 0 3 6 6 1 10 10 6 0 1 1 4 0 0 0 1 0 0 0 0 4 1 1 1 4 6 1 0 0 0 0 0 0 0 0 0 1 0 1 1 0 1 0 1 2 0 1 1 1 1 0 0 0 4 1 2 0 1 0 0 1 5 0 0 0 11 1 1 1 2 0 0 0
0 0 1 0 3 0 0 1 0 0 0 0 0 0 0 0 1 0 1 1 0 1 0 0 0 0 0 0 1 0 0 0 0 1 1 1 0 0 0 1 1 0 0 2 1 0 0 1 1 0 1 1 0 1 0 0 0 0 0 1 0 0 0 1 1 1 1 1 0 0 0 1 0 1 0
3 1 0 0 0 0 0 0 0 0 0 0 0 0 0 0 0 0 2 0 1 0 0 2 0 0 0 0 0 0 0 0 0 0 0 0 0 0 0 0 0 0 1 0 0 0 0 0 3 1 0 0 0 1 0 1 0 0 1 0 2 1 0 0 0 0 0 0 0 1 0 0 1 0 0
0 0 0 1 0 1 0 0 0 2 0 0 0 0 0 0 0 0 0 2 0 0 0 0 1 0 1 2 0 0 0 0 0 0 1 1 0 0 0 1 0 0 0 0 1 1 0 1 1 0 1 0 0 0 0 1 0 0 0 2 0 0 0 2 0 1 1 0 0 1 0 0 0 0 0
1 0 1 1 0 0 0 1 0 1 0 0 0 0 0 0 0 0 2 0 1 0 0 0 0 0 0 3 4 0 0 0 0 0 0 0 1 0 0 0 0 0 0 0 0 0 0 0 15 2 1 0 1 0 0 0 0 0 0 1 0 0 1 4 0 0 0 0 0 0 0 0 0 0 0
0 0 0 4 10 9 1 8 10 0 0 0 0 3 1 1 2 1 0 5 1 0 5 0 0 1 5 0 3 0 0 0 0 3 1 0 0 0 0 0 2 0 1 1 0 2 3 0 0 3 0 0 0 0 0 0 0 6 0 3 0 0 2 6 4 0 1 11 1 1 2 1 0 0 0
2 2 1 0 0 0 0 0 0 3 1 0 0 1 0 0 0 0 2 0 1 0 0 1 0 0 0 2 1 0 0 0 0 0 0 1 1 0 0 0 1 0 0 0 1 0 0 1 7 2 0 0 1 1 0 2 0 0 0 0 2 1 0 4 0 0 0 1 0 0 0 0 2 0 0
2 2 0 0 0 0 0 0 0 3 0 0 0 0 0 0 0 0 1 0 1 0 0 0 0 0 0 0 1 0 0 0 0 0 0 0 1 0 0 0 0 0 1 0 0 0 0 0 4 2 0 0 0 2 1 1 0 0 0 0 1 1 0 3 0 0 0 0 0 1 0 0 1 0 0
0 0 0 1 0 0 0 0 0 0 0 0 0 0 1 1 0 0 0 0 0 0 0 0 0 0 1 0 0 1 1 1 1 0 0 0 0 0 0 0 0 0 0 0 0 0 0 0 0 0 0 0 0 0 0 0 0 0 0 0 0 0 0 0 0 0 0 0 0 0 0 0 0 0 1
1 0 0 2 4 7 1 7 7 3 0 1 0 0 0 0 0 2 1 0 0 1 0 1 0 2 2 1 0 0 0 0 0 1 2 1 0 0 1 1 0 1 0 0 0 0 0 1 1 0 0 0 0 0 0 2 1 2 0 2 0 0 1 6 1 1 0 6 1 0 0 1 0 0 0
0 0 0 0 0 0 0 0 0 0 0 0 0 0 0 0 0 0 0 0 0 0 0 0 0 0 0 0 0 0 0 1 1 0 0 0 0 0 0 0 0 0 0 0 0 0 0 0 0 0 0 0 1 0 0 0 0 0 0 0 0 0 0 0 0 0 0 0 0 0 0 0 0 0 0
0 0 0 0 3 0 0 5 3 0 0 0 0 1 0 0 0 2 0 0 0 0 0 0 0 2 0 0 0 0 0 1 1 0 1 0 0 0 0 0 0 0 0 0 0 0 1 0 0 0 0 0 0 0 0 0 0 4 0 2 0 0 1 1 0 0 0 3 0 0 0 0 0 1 0
0 0 0 0 9 7 1 11 14 0 0 1 1 0 0 0 1 2 0 0 0 0 9 0 1 2 0 0 0 0 0 1 1 2 1 0 0 0 1 0 1 1 0 0 0 1 0 0 0 0 0 0 1 0 0 0 1 1 0 0 0 0 1 7 2 0 0 9 1 0 0 0 0 0 0
2 0 1 0 0 0 0 1 1 3 0 0 0 0 0 0 0 1 2 0 0 0 1 1 0 1 1 0 0 0 0 0 0 0 0 1 1 0 1 0 0 1 0 0 0 0 0 2 0 0 0 0 1 0 0 1 1 0 1 0 1 0 0 7 0 0 0 3 1 1 0 0 5 0 0
0 0 0 1 0 1 0 1 0 0 0 0 0 0 1 1 1 0 0 0 0 0 1 0 0 0 1 0 0 1 1 1 1 0 0 0 0 0 0 0 1 0 0 0 0 0 0 0 0 0 0 1 0 0 0 0 0 0 0 0 0 0 0 1 0 0 0 0 0 0 0 0 0 0 1
2 2 1 0 0 0 0 0 0 0 1 0 0 0 1 1 0 0 1 0 0 0 0 0 0 0 0 0 2 0 0 0 0 0 0 0 0 0 0 0 0 0 0 0 0 0 0 0 0 1 0 0 0 2 1 0 0 0 0 0 1 0 0 0 0 0 0 0 0 1 0 0 0 0 0
0 0 0 5 6 11 1 3 5 0 0 1 1 4 1 1 2 1 0 0 0 0 3 0 0 1 5 0 0 1 1 0 0 5 2 1 0 0 0 0 2 1 0 1 0 0 6 1 0 0 0 1 1 0 0 0 1 6 0 3 0 0 1 1 4 1 0 5 0 0 2 1 0 1 0
1 0 0 2 1 5 0 1 1 4 0 0 0 0 0 0 1 1 0 1 0 1 0 0 0 0 2 8 1 0 0 0 0 0 1 1 0 0 0 1 1 0 1 1 1 0 0 1 4 0 1 1 0 0 0 4 0 1 0 0 0 0 1 7 0 1 1 1 0 0 1 1 2 0 0
1 0 2 0 1 4 0 6 0 8 0 0 0 0 0 0 0 2 1 0 1 2 0 0 0 2 0 14 4 0 0 0 0 0 1 0 3 0 1 0 0 1 2 0 0 0 0 3 12 3 1 0 3 0 0 1 2 4 0 0 0 0 1 27 0 0 0 4 2 0 1 0 3 0 0
0 0 0 1 0 2 1 0 0 0 0 0 0 1 0 0 1 0 0 0 1 0 2 0 0 0 1 0 0 0 0 1 1 1 0 0 0 0 0 0 1 0 1 0 0 0 1 0 0 0 0 2 0 0 0 0 0 3 0 1 0 0 0 0 1 0 0 0 0 0 0 0 0 0 0
1 1 0 0 8 1 0 2 5 0 0 0 0 2 0 0 0 1 0 0 0 0 2 1 0 1 1 0 0 0 0 0 0 1 0 0 0 0 1 0 0 1 0 3 0 0 2 1 0 0 1 0 1 0 0 1 1 1 0 0 0 1 1 0 1 1 0 8 1 0 1 3 0 0 0
0 0 0 0 1 0 0 1 0 1 0 0 0 0 0 0 0 0 0 1 0 0 0 0 0 0 0 0 0 0 0 1 1 0 0 0 0 0 0 0 0 0 0 0 1 0 0 0 0 0 1 0 0 0 0 0 0 0 0 0 0 0 1 4 0 0 1 1 0 0 0 0 0 0 0
1 0 0 5 8 3 1 6 5 0 0 1 1 2 0 0 3 0 0 2 1 1 4 0 0 0 5 1 0 0 0 0 0 6 0 0 0 0 0 1 3 0 0 4 1 0 3 0 1 0 1 2 0 0 0 0 0 3 1 3 0 0 1 6 6 1 1 8 1 1 0 4 0 0 0
0 0 0 1 1 1 0 1 2 0 0 0 0 0 0 0 2 0 0 0 0 1 0 0 0 0 1 0 0 0 0 1 1 0 0 0 0 0 1 0 2 1 0 0 0 0 0 0 0 0 0 0 0 0 0 0 1 0 0 0 0 0 0 1 0 0 0 1 1 0 0 0 0 0 1
0 0 0 0 0 0 0 0 0 0 0 0 0 0 0 0 0 0 0 0 0 0 0 0 0 0 0 0 0 1 1 1 1 0 0 0 0 0 0 0 0 0 0 0 0 0 0 0 0 0 0 0 0 0 0 0 0 0 0 0 0 0 0 0 0 0 0 0 0 0 0 0 0 0 1
0 0 0 6 8 1 1 7 5 0 0 1 1 6 3 3 4 1 0 1 0 1 1 0 0 1 6 0 1 1 1 1 1 3 0 0 0 0 1 0 4 1 0 2 0 0 6 0 0 1 0 3 2 0 0 0 1 3 0 1 0 0 1 4 3 0 0 8 1 0 2 2 0 0 1
0 0 0 3 3 7 0 8 1 0 0 0 0 3 0 0 2 1 0 3 0 1 4 0 0 1 3 1 0 0 0 0 0 3 1 1 0 0 0 0 2 1 0 1 1 0 3 1 0 0 1 3 0 0 0 0 1 1 0 2 0 0 1 8 3 1 1 3 0 0 0 1 0 0 0
0 0 0 6 7 5 1 4 4 0 0 1 1 4 0 0 1 1 0 1 0 0 0 0 0 1 6 0 0 0 0 1 1 2 0 0 0 0 1 0 1 1 0 3 0 0 4 0 0 0 0 1 0 0 0 0 1 3 0 0 0 0 1 3 2 0 0 7 1 0 3 3 0 0 1
2 0 0 2 12 5 1 7 13 1 0 1 1 5 1 1 0 1 0 0 0 1 3 0 1 1 2 3 1 0 0 0 0 3 1 2 0 0 1 0 0 1 1 4 0 1 6 1 4 0 0 1 0 0 0 0 1 6 1 1 0 0 1 8 3 1 0 9 1 0 0 4 0 0 0
0 0 0 0 2 0 0 2 6 0 0 0 0 1 0 0 0 2 0 0 0 0 0 0 0 2 0 0 0 0 0 0 0 0 1 0 0 0 1 0 0 0 0 0 0 1 1 0 0 0 1 0 0 0 1 0 1 1 0 1 0 0 1 4 0 0 0 3 1 0 0 0 0 0 0
0 0 0 1 6 2 1 5 3 0 0 1 1 2 0 0 2 1 0 0 0 1 1 0 0 1 1 0 0 1 1 1 1 2 0 0 0 0 0 0 2 0 0 1 0 0 2 0 0 0 0 1 0 0 1 0 0 1 0 0 0 0 0 2 2 0 0 6 0 0 3 1 0 0 1
0 0 0 4 5 1 0 4 5 0 0 0 0 1 1 1 1 1 0 0 0 1 4 0 1 1 4 0 0 0 0 1 1 1 1 0 0 0 1 1 1 1 0 1 0 1 1 1 0 0 1 1 1 0 0 0 1 1 1 2 0 0 0 3 1 1 0 5 1 0 1 1 0 0 0
0 0 0 3 3 3 1 1 4 0 0 1 1 3 2 2 0 1 0 0 0 1 1 0 0 1 3 0 0 1 1 1 1 1 1 0 0 0 1 0 0 1 0 1 0 0 3 0 0 0 0 1 0 0 0 0 1 0 0 2 0 0 1 1 1 0 0 3 1 0 0 1 0 0 0
0 0 0 0 0 0 0 0 0 0 0 0 0 0 0 0 0 1 0 0 0 0 0 0 0 0 0 0 0 0 0 1 1 0 0 0 0 0 0 0 0 0 0 0 0 0 0 0 0 0 0 0 0 0 0 0 0 0 0 0 0 0 1 0 0 0 0 0 1 0 0 0 0 0 0
0 0 0 0 0 0 0 0 0 0 0 0 0 0 1 1 0 0 0 0 0 0 0 0 0 0 0 0 0 1 1 1 1 0 0 0 0 0 0 0 0 0 0 0 0 0 0 0 0 0 0 0 0 0 0 0 0 0 0 0 0 0 0 0 0 0 0 0 0 0 0 0 0 0 0
0 0 0 5 6 10 1 1 3 0 0 1 1 4 0 0 5 2 1 4 0 1 1 1 1 2 4 5 0 0 0 0 0 8 2 1 0 0 0 1 5 1 0 8 1 1 5 1 0 0 1 1 0 0 0 1 1 2 0 1 0 0 1 1 7 1 1 3 0 0 7 8 0 0 0
1 0 0 4 9 4 1 7 3 0 0 0 0 1 1 1 3 1 0 3 0 1 2 0 1 0 4 1 0 0 0 0 0 5 1 1 0 0 0 0 3 0 0 3 1 2 1 1 0 0 1 2 0 0 0 0 1 1 0 2 0 0 1 7 5 0 1 8 1 0 3 2 0 0 0
1 0 1 3 3 8 0 6 13 0 0 0 0 3 0 0 1 0 0 1 0 1 6 0 0 0 3 1 0 0 0 0 0 2 1 1 1 0 1 0 1 0 0 0 1 0 3 1 0 0 0 0 1 0 0 0 0 3 0 1 0 0 1 11 2 1 1 3 1 0 0 0 3 0 0
1 0 0 0 0 2 0 1 3 0 0 0 0 1 0 0 3 1 0 1 0 1 0 0 0 0 0 0 0 0 0 0 0 1 0 1 0 0 0 1 3 0 0 0 1 0 1 0 0 0 1 2 0 0 0 0 1 1 0 2 0 0 0 1 1 1 1 0 1 0 0 0 1 0 0
0 0 0 8 6 3 1 3 6 0 0 1 1 2 0 0 2 0 0 2 0 0 2 0 0 0 8 0 0 1 1 1 1 3 0 0 0 0 1 0 2 1 1 1 0 0 2 0 0 0 0 1 3 0 0 0 1 5 1 3 0 0 1 2 3 0 0 6 1 0 3 1 0 1 1
1 0 0 1 6 2 0 6 5 1 0 0 0 3 0 0 3 1 1 1 0 1 2 0 0 1 1 2 1 0 0 0 0 1 1 1 0 0 1 1 3 1 1 1 1 0 3 0 0 0 1 1 0 0 0 0 1 1 0 2 0 0 1 7 1 0 1 6 1 0 1 1 0 0 0
3 0 1 7 2 3 3 3 3 7 0 1 1 2 0 0 1 3 1 2 1 0 1 0 1 2 7 8 1 0 0 0 0 3 1 1 1 1 1 0 1 1 0 0 0 1 3 1 23 2 0 2 0 0 0 6 1 2 0 1 0 0 1 17 3 1 2 5 1 0 0 3 0 1 0
0 0 0 4 6 3 1 6 2 0 0 1 1 1 1 1 0 1 0 1 0 3 1 0 1 0 3 0 0 0 0 0 0 2 1 1 0 0 0 0 0 0 0 0 1 1 1 1 0 0 0 2 0 0 0 0 0 0 0 0 0 0 0 4 1 0 0 5 0 0 1 0 0 1 0
0 0 0 2 0 0 0 2 2 0 0 0 0 4 1 1 4 2 0 0 0 1 2 0 0 0 2 0 0 0 0 1 1 4 1 0 0 0 0 0 4 0 0 2 0 0 4 0 0 0 0 4 1 0 0 0 1 2 0 1 0 0 1 2 4 0 0 0 1 0 1 2 0 1 0
1 0 0 1 2 3 1 5 0 2 0 1 1 1 0 0 2 1 1 1 0 1 1 0 2 1 1 4 1 0 0 0 0 2 1 1 0 0 0 1 2 0 0 1 1 2 1 1 0 0 1 1 1 0 0 1 0 0 0 1 0 0 0 5 2 1 1 2 0 1 0 1 0 0 0
0 0 0 1 3 5 0 2 2 0 0 0 0 3 2 2 1 1 0 3 0 1 3 0 0 1 1 0 0 0 0 0 0 1 2 1 0 0 1 1 1 1 0 2 1 0 4 1 0 0 1 1 1 0 0 0 1 1 1 3 0 0 0 2 1 0 1 2 1 0 0 1 0 0 0
1 0 1 0 5 2 0 3 2 0 0 0 0 0 0 0 1 1 0 1 0 0 0 0 0 1 0 0 0 0 0 0 0 3 0 1 0 0 0 1 1 0 0 1 1 0 0 1 1 0 1 1 0 0 0 0 0 0 0 1 0 0 0 3 2 1 1 5 0 0 2 0 0 0 0
0 0 0 1 1 1 1 0 0 0 0 1 1 0 1 1 0 0 0 1 0 0 0 0 1 0 1 0 0 1 1 1 1 0 0 0 0 0 1 0 0 0 0 0 0 1 0 0 0 0 0 1 0 0 0 0 0 2 0 2 0 0 0 0 0 0 0 1 1 0 0 0 0 0 1
1 0 1 4 3 5 1 3 2 1 0 1 1 0 2 2 1 1 0 1 0 0 0 1 1 0 3 1 0 0 0 0 0 2 0 0 1 0 0 0 1 0 0 5 0 1 0 0 0 0 1 0 0 0 0 0 1 3 0 1 0 0 1 4 2 1 1 2 0 0 0 4 0 0 0
0 0 0 0 0 0 0 0 0 0 0 0 0 0 0 0 0 0 0 1 0 0 0 0 0 0 0 0 0 0 0 1 1 0 0 0 0 0 0 0 0 0 0 0 1 0 0 1 0 0 1 0 0 0 0 0 0 0 0 1 0 0 0 0 0 1 1 0 0 0 1 0 0 0 0
0 0 0 3 8 9 1 9 11 0 0 1 1 0 0 0 2 1 0 1 1 0 3 0 1 0 3 0 0 0 0 0 0 4 1 0 0 0 0 0 2 0 0 6 0 1 1 1 0 1 0 1 0 1 0 0 1 3 0 2 0 0 1 7 3 1 0 6 0 1 0 6 0 1 0
0 0 0 1 1 1 1 2 1 0 0 1 1 0 0 0 1 0 0 0 0 0 0 0 0 0 1 0 0 0 0 1 1 1 0 0 0 0 1 0 1 1 0 2 0 0 0 0 0 0 0 1 1 0 0 0 1 0 1 0 0 0 0 2 1 0 0 1 1 0 1 2 0 1 0
0 0 0 2 9 8 1 8 2 16 0 1 1 1 0 0 2 0 0 1 0 0 1 0 1 0 1 7 2 0 0 0 0 2 0 2 1 0 1 0 2 1 1 3 1 1 0 1 17 0 1 0 0 0 0 18 1 0 0 1 0 0 1 3 2 1 1 16 1 1 4 11 10 0 0
0 0 0 0 0 0 0 0 0 0 0 0 0 0 1 1 0 0 1 0 0 0 0 0 0 0 0 0 0 0 0 0 0 0 0 0 0 0 0 1 1 1 0 0 0 0 0 0 0 0 1 0 2 0 0 0 1 0 0 1 0 0 0 2 0 0 0 0 0 0 0 0 0 0 0
0 0 0 0 5 3 1 10 3 6 0 1 1 2 0 0 0 0 1 1 0 1 2 1 0 0 0 11 1 0 0 1 1 2 1 1 0 0 0 0 0 0 0 2 0 0 2 1 10 4 1 0 2 0 0 5 0 1 1 2 1 0 1 5 2 0 1 5 0 1 2 1 0 0 0
0 0 0 0 2 0 0 0 1 0 0 0 0 0 0 0 0 0 0 0 0 0 0 0 0 0 0 0 0 1 1 1 1 0 0 0 0 0 0 0 0 0 0 0 0 0 0 0 0 0 0 0 0 0 0 0 0 0 0 0 0 0 0 0 0 0 0 2 0 0 0 0 0 1 1
1 0 1 7 5 5 1 7 3 0 0 0 0 2 0 0 3 0 1 2 1 0 2 0 0 0 7 1 1 0 0 1 1 2 1 0 1 0 0 0 3 0 0 5 1 1 2 1 5 2 1 2 1 0 0 0 1 2 1 2 0 0 0 6 2 1 1 5 0 0 0 5 0 0 0
1 1 0 1 6 1 0 1 14 0 0 0 0 1 0 0 0 1 1 1 0 0 1 0 0 1 0 0 2 0 0 0 0 0 1 1 1 0 1 0 0 1 0 0 0 0 3 0 1 1 0 0 1 0 0 0 1 4 1 1 0 0 0 1 0 1 0 3 1 2 0 0 0 0 0
0 0 0 1 5 1 0 3 2 0 0 0 0 0 1 1 0 0 0 1 0 1 1 0 1 0 0 0 0 0 0 0 0 0 1 1 0 0 1 1 0 1 0 0 1 1 0 1 0 0 1 0 1 0 0 0 1 0 0 2 0 0 0 3 0 0 1 1 1 0 0 0 0 0 0
5 0 1 0 3 3 1 4 4 9 0 1 2 0 0 0 0 0 3 2 1 1 3 0 1 0 0 5 3 0 0 0 0 1 1 1 3 2 1 1 0 1 0 0 0 1 0 1 5 4 0 0 2 1 0 8 1 3 2 1 0 1 0 30 0 0 0 7 1 3 0 0 4 0 0
0 0 0 0 1 0 1 1 1 1 0 1 1 0 0 0 0 3 1 1 0 0 0 1 0 3 0 1 0 0 0 0 0 0 0 1 0 0 1 1 0 1 0 0 0 0 0 0 0 0 1 0 1 0 1 0 1 0 0 1 0 0 1 3 0 0 1 1 1 0 0 0 0 0 0
1 0 1 0 0 0 0 0 4 9 0 0 0 0 1 1 0 1 0 1 2 0 0 1 0 1 0 9 0 0 0 0 0 0 0 0 0 0 0 0 0 0 1 1 0 0 0 0 10 2 1 0 1 1 0 6 1 0 1 1 0 0 0 5 0 0 1 0 0 0 0 0 0 0 0
0 0 0 0 0 0 0 0 0 0 0 0 0 0 0 0 0 0 0 0 0 0 0 0 0 0 0 0 0 1 1 1 1 0 0 0 0 0 0 0 0 0 0 0 0 0 0 0 0 0 0 0 1 0 0 0 0 0 0 0 0 0 0 0 0 0 0 0 0 0 0 0 0 0 1
0 0 0 0 1 0 1 1 0 9 0 1 0 0 0 0 0 0 1 1 0 0 0 1 0 0 0 2 3 0 0 0 0 0 1 0 0 0 1 0 0 1 0 0 0 0 0 0 14 1 1 0 1 0 0 5 1 0 0 1 0 0 1 20 0 0 1 0 1 2 0 0 0 0 0
0 0 0 10 7 5 0 8 4 0 0 0 0 3 0 0 1 0 1 1 0 1 3 0 1 0 8 0 2 0 0 0 0 2 0 1 0 0 0 0 1 0 1 2 2 1 5 1 1 0 1 1 0 0 0 0 0 4 0 2 1 0 0 7 2 1 1 4 0 1 4 2 1 0 0
0 0 1 4 3 8 2 6 18 0 0 1 1 7 0 0 1 1 0 2 1 0 4 0 1 1 4 0 2 0 0 0 0 5 1 0 0 0 1 0 1 1 0 0 0 1 7 0 0 2 1 1 1 0 0 0 1 6 1 1 0 0 1 9 6 0 0 3 1 0 2 0 0 0 0
2 0 1 3 2 7 1 5 7 23 0 0 0 1 0 0 1 1 2 0 1 0 0 0 0 0 2 12 5 0 0 0 0 4 0 0 1 0 0 0 1 0 0 0 2 0 2 3 24 1 0 0 1 0 0 7 0 0 1 0 0 0 1 41 4 1 0 4 0 2 0 1 9 0 0
1 0 1 0 0 0 0 0 0 3 0 0 0 0 0 0 0 0 1 1 1 0 0 0 0 0 0 6 2 0 0 0 0 0 0 0 1 0 0 0 0 0 1 0 0 0 0 0 2 0 0 0 1 0 0 3 0 0 1 1 0 1 0 4 0 0 0 0 0 0 0 0 1 0 0
2 1 2 0 2 2 2 1 0 0 1 1 0 0 1 1 0 0 1 0 0 0 0 0 0 0 0 2 2 0 0 0 0 0 0 0 0 0 0 0 0 0 0 0 0 0 0 0 3 1 0 0 0 2 1 1 0 0 0 0 0 0 0 2 0 0 0 0 0 0 1 0 0 0 0
0 0 1 0 0 0 0 0 0 0 1 0 0 0 0 0 0 0 2 0 1 0 0 1 0 0 0 1 0 0 0 0 0 0 0 0 0 0 0 0 0 0 1 0 0 0 0 0 1 2 0 0 0 0 0 0 0 0 0 0 2 0 0 0 0 0 0 0 0 1 0 0 0 0 0
0 0 0 0 0 0 0 0 0 0 0 0 0 0 0 0 0 0 0 0 1 0 0 0 0 0 0 0 2 0 0 0 0 0 1 0 0 0 0 0 0 0 1 0 0 0 0 0 0 1 0 0 0 0 0 0 0 0 0 0 0 0 1 0 0 0 0 0 0 1 0 0 0 0 0
1 1 1 0 0 0 0 0 0 0 1 0 0 0 0 0 0 0 2 1 1 0 0 1 0 0 0 2 1 0 0 0 0 0 0 0 0 2 0 0 0 0 1 0 0 0 0 0 6 1 0 0 0 0 2 2 0 0 0 0 2 0 0 0 0 0 0 0 0 2 0 0 0 0 0
2 2 1 0 0 0 0 0 0 1 1 0 0 0 0 0 0 0 0 0 0 0 0 1 0 0 0 1 1 0 0 0 0 0 0 0 0 0 0 0 0 0 1 0 0 0 0 0 0 1 0 0 0 2 0 0 0 0 0 0 0 1 0 1 0 0 0 0 0 1 0 0 0 0 0
2 2 1 0 0 0 0 0 0 5 1 0 0 0 0 0 0 0 0 0 0 0 0 1 0 0 0 5 0 0 0 0 0 0 0 0 1 0 0 0 0 0 0 0 0 0 0 0 13 1 0 0 0 2 0 5 0 0 0 1 0 1 0 0 0 0 0 0 0 1 0 0 2 0 0
0 0 1 0 9 2 1 12 10 1 0 1 0 1 0 0 0 3 1 0 2 1 2 1 0 3 0 2 2 0 0 0 0 0 0 2 0 0 1 1 0 1 0 1 0 0 4 2 2 1 1 0 0 2 2 1 1 5 1 2 0 0 0 4 0 1 0 0 1 3 2 0 0 0 0
1 1 1 0 0 0 0 0 0 5 1 0 0 0 0 0 0 0 2 0 2 0 0 2 0 0 0 5 3 0 0 0 0 0 0 0 1 0 0 0 0 0 1 0 0 0 0 0 5 4 0 0 1 1 0 2 0 0 0 0 2 1 0 10 0 0 0 0 0 1 0 0 2 0 0
1 0 1 0 0 0 0 0 1 5 0 0 0 2 0 0 2 0 3 0 0 1 0 0 0 0 0 4 0 0 0 1 1 0 1 0 1 0 0 0 2 0 2 1 0 0 2 0 5 5 1 1 0 0 0 2 1 0 0 1 1 0 0 4 0 0 0 0 1 0 0 1 0 0 0
3 1 0 0 0 0 0 0 0 0 0 0 0 0 0 0 0 0 2 0 1 0 0 1 0 0 0 1 2 0 0 0 0 0 0 0 0 0 0 0 0 0 1 0 0 1 0 0 2 0 0 0 0 2 0 2 1 0 0 0 1 2 0 0 0 0 0 0 0 1 0 0 0 0 0
1 1 1 0 0 0 0 0 0 0 1 0 0 0 0 0 0 0 1 0 0 0 0 0 0 0 0 3 0 0 0 0 0 0 0 0 1 0 0 0 0 0 0 0 0 0 0 0 2 0 0 0 0 1 1 0 0 0 0 0 1 1 0 0 0 0 0 0 0 0 0 0 0 0 0
1 1 1 0 0 0 0 0 0 0 1 0 0 0 0 0 0 0 1 0 0 0 0 0 0 0 0 2 1 0 0 0 0 0 0 0 0 0 0 0 0 0 0 0 0 0 0 0 3 1 0 0 0 1 1 0 0 0 0 0 1 1 0 0 0 0 0 0 0 1 0 0 0 0 0
1 1 0 0 0 0 0 0 0 5 0 0 0 0 0 0 0 0 0 0 1 0 0 1 0 0 0 12 0 0 0 0 0 0 0 0 0 0 0 0 0 0 1 0 0 0 0 0 8 0 0 0 0 1 0 12 0 0 0 1 0 3 0 4 0 0 0 0 0 0 0 0 0 0 0
2 1 1 0 0 0 0 0 0 2 0 0 0 0 0 0 0 0 0 0 0 0 0 0 0 0 0 3 0 0 0 0 0 0 0 0 1 0 0 0 0 0 0 0 0 0 0 0 3 1 0 0 0 0 0 0 0 0 0 0 0 0 0 3 0 0 0 0 0 0 0 0 0 0 0
0 0 1 0 1 2 0 2 3 1 0 0 0 1 0 0 1 0 0 1 1 1 1 1 0 0 0 1 1 0 0 0 0 0 1 0 0 0 0 0 1 0 0 1 1 0 1 0 2 1 1 0 0 0 0 0 0 2 0 1 0 0 0 3 0 0 1 0 0 0 1 0 0 0 0
1 1 1 0 0 0 0 0 0 0 1 0 0 0 0 0 0 0 2 0 0 0 0 1 0 0 0 0 0 0 0 0 0 0 0 0 0 0 0 0 0 0 0 0 0 0 0 0 2 0 0 0 0 1 0 1 0 0 0 0 2 0 0 0 0 0 0 0 0 0 0 0 0 0 0
0 0 0 0 0 0 0 0 0 0 0 0 0 0 0 0 0 0 1 0 0 0 0 1 0 0 0 1 1 0 0 0 0 0 0 0 0 0 0 0 0 0 0 0 0 0 0 0 0 1 0 0 0 0 0 0 0 0 0 0 0 0 0 1 0 0 0 0 0 0 0 0 0 0 0
0 0 0 0 0 0 0 0 0 3 0 0 0 0 0 0 0 0 2 2 1 0 0 1 0 0 0 4 0 0 0 0 0 0 0 0 0 0 0 0 0 0 0 0 0 0 0 0 14 1 0 0 0 0 2 3 0 0 0 2 2 2 0 0 0 0 0 0 0 1 0 0 0 0 0
5 2 1 0 1 1 1 2 1 10 0 0 0 0 0 0 0 2 0 0 2 0 0 2 0 2 0 9 2 0 0 0 0 0 0 0 2 1 0 0 0 0 1 0 0 0 0 0 6 5 0 0 0 4 2 8 0 0 0 0 0 1 0 17 0 0 0 0 0 2 0 0 2 0 0
1 0 1 0 0 0 0 0 0 1 0 0 0 0 0 0 0 0 2 0 0 0 0 1 0 0 0 5 0 0 0 0 0 0 1 0 1 0 1 0 0 1 0 0 0 0 0 0 3 0 0 0 0 2 0 1 1 0 0 0 0 0 0 0 0 0 0 0 1 0 0 0 0 0 0
1 1 1 0 0 0 0 0 0 3 1 0 0 0 0 0 0 0 1 0 0 0 0 1 0 0 0 4 1 0 0 0 0 0 0 0 0 0 0 0 0 0 0 0 0 0 0 0 7 0 0 0 0 1 1 2 0 0 0 0 1 1 0 1 0 0 0 0 0 1 0 0 0 0 0
2 1 0 0 0 0 0 0 0 3 0 0 0 0 0 0 0 1 1 0 1 0 0 1 0 1 0 0 1 0 0 0 0 0 0 0 0 0 0 0 0 0 1 0 0 0 0 0 0 2 0 0 0 0 1 3 0 0 0 0 0 0 0 0 0 0 0 0 0 1 0 0 0 0 0
0 0 1 2 1 1 0 3 2 4 0 0 0 0 0 0 0 0 1 0 0 0 2 0 0 0 1 2 1 0 0 0 0 1 0 0 1 0 0 0 0 0 1 0 1 1 0 1 2 1 1 1 0 0 0 3 0 1 0 1 0 0 0 7 0 0 0 1 1 2 0 0 0 0 0
1 1 1 0 0 0 0 0 0 0 1 0 0 0 0 0 0 0 1 0 0 0 0 0 0 0 0 0 0 0 0 0 0 0 0 0 1 0 0 0 0 0 1 0 0 0 0 0 3 1 0 0 0 1 0 3 0 0 0 0 1 0 0 0 0 0 0 0 0 1 0 0 0 0 0
1 0 0 0 2 1 0 3 1 0 0 0 0 0 0 0 0 0 1 0 0 1 0 1 0 0 0 3 0 0 0 0 0 0 0 1 0 0 0 0 0 0 1 2 0 0 0 0 1 1 1 0 0 0 0 2 0 1 0 0 0 0 0 0 0 0 0 0 0 1 1 1 0 0 0
0 0 0 0 3 0 0 1 0 0 0 0 0 0 0 0 0 0 0 0 0 0 0 0 0 0 0 0 0 0 0 1 1 0 0 0 0 0 1 0 0 1 0 1 0 0 0 0 0 0 1 0 0 0 0 0 1 0 0 0 0 1 0 6 0 0 0 3 1 0 0 1 0 0 0
0 0 1 0 0 0 0 0 0 1 0 0 0 0 0 0 0 0 2 0 1 0 0 2 0 0 0 6 0 0 0 0 0 0 0 0 0 0 0 0 0 0 1 0 0 0 0 0 0 2 0 0 0 0 1 1 0 0 0 0 2 1 0 2 0 0 0 0 0 1 0 0 0 0 0
1 0 0 0 2 1 0 1 0 1 0 0 0 0 0 0 0 1 2 0 0 0 0 2 0 1 0 3 0 1 1 0 0 0 0 0 0 0 0 0 0 0 0 2 0 0 0 0 1 2 1 0 1 1 0 1 0 0 0 1 0 0 0 6 0 0 0 0 0 0 2 0 0 0 0
2 2 1 0 0 0 0 0 0 0 1 0 0 0 0 0 0 0 2 0 1 0 0 1 0 0 0 1 2 0 0 0 0 0 0 0 1 0 0 0 0 0 1 0 0 0 0 0 0 1 0 0 2 2 1 2 0 0 1 0 2 0 0 0 0 0 0 0 0 1 0 0 0 0 0
1 1 1 0 0 0 0 0 0 0 1 0 0 0 0 0 0 0 0 0 1 0 0 1 0 0 0 5 0 0 0 0 0 0 0 0 0 0 0 0 0 0 1 0 0 0 0 0 1 1 0 0 0 1 0 3 0 0 0 0 0 0 0 0 0 0 0 0 0 2 0 0 0 0 0
1 0 0 0 0 0 0 0 0 1 0 0 0 0 0 0 0 0 1 0 0 0 0 1 0 0 0 4 1 0 0 0 0 0 0 0 0 0 0 0 0 0 0 0 0 0 0 0 4 2 0 0 0 0 1 0 0 0 0 0 0 0 0 1 0 0 0 0 0 1 0 0 0 0 0
1 0 1 0 0 0 0 0 0 2 0 0 0 0 0 0 0 0 1 2 2 0 0 1 0 0 0 2 1 0 0 0 0 0 0 0 1 0 0 0 0 0 1 0 0 0 0 0 1 0 0 0 0 0 1 0 0 0 0 0 0 0 0 2 0 0 0 0 0 1 0 0 0 0 0
1 0 0 0 0 0 0 0 0 8 0 0 0 0 0 0 0 0 2 0 1 0 0 1 0 0 0 5 1 0 0 0 0 0 0 0 0 1 0 0 0 0 0 0 0 0 0 0 5 2 0 0 0 1 0 4 0 0 0 0 0 0 0 17 0 0 0 0 0 1 0 0 2 0 0
1 1 1 0 0 0 0 0 0 0 1 0 0 0 0 0 0 0 1 0 0 0 0 0 0 0 0 0 1 0 0 0 0 0 0 0 1 0 0 0 0 0 0 0 0 0 0 0 1 1 0 0 0 1 0 0 0 0 0 0 1 0 0 0 0 0 0 0 0 1 0 0 0 0 0
2 0 1 1 2 3 0 1 2 8 0 0 0 0 0 0 0 0 3 0 0 0 0 0 0 0 0 3 1 0 0 0 0 1 0 0 2 2 0 0 0 0 0 0 0 0 2 1 20 1 0 0 0 0 1 6 0 0 0 1 0 0 0 12 0 0 0 1 0 2 0 0 7 0 0
3 2 1 0 0 0 0 0 0 5 0 0 0 0 0 0 0 0 4 0 2 0 0 1 0 0 0 6 2 0 0 1 1 0 0 0 2 2 0 0 0 0 2 0 0 0 0 0 10 4 0 0 0 0 0 4 0 0 0 2 1 2 0 15 0 0 0 0 0 3 0 0 4 0 0
1 1 1 0 0 0 0 0 0 2 1 0 0 1 0 0 0 0 2 0 2 0 0 1 0 0 2 1 4 0 0 0 0 0 0 0 1 0 0 0 0 0 1 0 1 0 0 1 1 3 0 0 0 0 2 1 0 0 0 0 2 0 0 1 1 0 0 1 0 1 0 0 2 0 0
1 0 1 0 3 0 0 1 0 21 0 0 1 0 0 0 1 0 1 0 1 0 0 1 0 0 1 14 1 0 0 0 0 0 1 1 1 0 0 0 3 0 1 0 0 0 0 0 2 2 1 0 0 0 0 5 0 0 0 0 0 0 0 34 0 0 0 3 0 1 0 2 2 0 0
1 0 1 0 1 3 0 3 0 2 0 0 0 0 0 0 2 0 1 0 0 0 0 1 0 0 0 4 1 0 0 0 0 0 0 1 0 0 1 0 2 1 0 0 0 0 0 0 4 1 1 3 1 0 0 0 1 0 0 0 0 0 0 9 0 0 0 1 1 0 0 0 2 0 0
2 2 1 0 0 0 0 0 0 7 1 0 0 0 0 0 0 0 1 0 0 0 0 1 0 0 0 3 0 0 0 0 0 0 0 0 1 0 0 0 0 0 0 0 0 0 0 0 5 0 0 0 0 2 0 0 0 0 0 0 1 0 0 12 0 0 0 0 0 0 0 0 2 0 0
0 0 0 0 6 1 0 1 2 0 0 0 0 1 1 1 0 0 0 0 0 0 1 0 0 0 0 0 1 0 0 0 0 0 0 0 0 0 0 0 0 0 0 0 0 0 3 0 0 1 0 0 0 0 0 0 0 4 0 2 0 0 0 1 0 0 0 1 0 0 0 0 0 0 0
2 1 0 0 0 0 0 0 0 10 0 0 0 0 0 0 0 0 1 0 1 0 0 1 0 0 1 7 1 0 0 1 1 0 1 0 0 0 0 0 0 0 0 0 0 0 0 0 7 0 0 0 0 1 0 8 0 0 0 1 0 0 0 15 0 1 0 0 0 1 0 0 2 0 0
2 0 1 0 0 0 0 0 0 5 0 0 0 0 0 0 0 0 1 1 0 0 0 1 0 0 0 6 0 0 0 0 0 0 0 0 0 0 0 0 0 0 1 0 0 0 0 0 2 1 0 0 0 0 0 4 0 0 0 0 0 1 0 12 0 0 1 0 0 1 0 0 4 0 0
0 0 1 0 0 0 0 0 0 0 0 0 0 0 0 0 0 0 1 0 0 0 0 1 0 0 0 2 1 0 0 0 0 0 0 0 1 0 0 0 0 0 0 0 0 0 0 0 0 1 0 0 0 0 0 0 0 0 0 0 0 0 0 0 0 0 0 0 0 1 0 0 0 0 0
1 1 1 0 0 0 0 0 0 8 1 0 0 0 0 0 0 0 2 0 0 0 0 1 0 0 0 2 0 0 0 0 0 0 0 0 1 1 0 0 0 0 0 0 0 0 0 0 6 0 0 0 0 1 1 5 0 0 0 0 2 1 0 11 0 0 0 1 0 0 0 1 4 0 0
1 1 1 0 0 0 0 0 0 2 1 0 0 0 0 0 0 0 2 0 1 0 0 1 0 0 0 2 2 0 0 0 0 0 0 0 0 0 0 0 0 0 1 0 0 0 0 0 4 2 0 0 0 1 0 1 0 0 0 0 2 1 0 2 0 0 0 0 0 1 0 0 1 0 0
1 0 1 0 0 1 1 1 0 7 0 1 0 0 0 0 0 1 1 0 0 0 0 0 0 0 0 1 0 0 0 0 0 0 0 0 1 0 0 0 0 0 0 0 0 0 0 0 6 0 0 0 0 2 0 5 0 0 0 0 0 0 0 16 0 0 0 0 0 0 0 0 0 0 0
1 1 1 0 0 0 0 0 0 7 1 0 0 0 0 0 0 0 1 0 1 0 0 1 0 0 0 5 3 0 0 0 0 0 0 0 1 1 0 0 0 0 2 0 0 0 0 0 8 3 0 0 0 2 1 3 0 0 0 0 1 0 0 12 0 0 0 0 0 2 0 0 3 0 0
2 1 1 0 0 0 0 0 0 8 0 0 0 0 0 0 0 0 2 0 2 0 0 1 0 0 0 8 3 0 0 0 0 0 0 0 1 1 0 0 0 0 1 0 0 0 0 0 6 2 0 0 0 1 1 1 0 0 0 0 1 1 0 15 0 0 0 0 0 1 0 0 3 0 0
1 1 0 0 0 0 0 0 0 6 0 0 0 0 0 0 0 0 1 0 2 0 0 1 0 0 0 4 1 0 0 0 0 0 0 0 0 0 0 0 0 0 2 0 0 0 0 0 1 5 0 0 0 0 1 4 0 0 0 0 1 1 0 12 0 0 0 0 0 3 0 0 2 0 0
2 0 0 0 0 0 0 0 0 1 0 0 0 0 0 0 0 0 2 1 0 0 0 1 0 0 0 0 1 0 0 0 0 0 0 0 0 0 0 0 0 0 0 0 0 0 0 0 4 2 0 0 1 0 0 1 0 0 0 0 1 2 0 1 0 0 0 0 0 0 0 0 0 0 0
0 0 1 0 0 0 0 0 0 6 1 0 0 0 0 0 0 0 1 0 1 0 0 1 0 0 0 7 0 0 0 0 0 0 0 0 1 1 0 0 0 0 0 0 0 0 0 0 5 1 0 0 0 0 0 3 0 0 0 0 1 1 0 11 0 0 0 0 0 1 0 0 1 0 0
3 0 0 0 0 0 0 0 0 4 0 0 0 0 0 0 0 0 4 0 0 0 0 0 0 0 0 4 4 0 0 0 0 0 0 0 1 0 0 0 0 0 0 0 0 0 0 0 3 2 0 0 0 0 0 0 0 0 0 1 1 1 0 8 0 0 0 0 0 1 0 0 0 0 0
1 0 0 7 2 5 0 4 2 4 0 0 0 5 0 0 3 1 2 0 0 2 2 2 0 0 5 16 1 0 0 0 0 2 0 2 0 0 0 0 3 0 1 4 0 0 6 1 1 1 1 4 0 1 0 0 1 11 0 3 0 0 1 12 2 0 0 2 1 0 3 4 1 0 0
1 0 0 0 0 0 0 0 0 10 0 0 0 0 2 2 0 0 1 0 0 0 0 1 0 0 0 2 2 0 0 0 0 0 0 0 0 1 0 0 0 0 1 0 0 0 0 0 12 2 0 0 0 0 0 0 0 0 0 1 0 0 0 7 0 0 0 0 0 1 0 0 1 0 0
1 1 1 0 0 0 0 0 0 2 1 0 0 0 0 0 0 0 2 0 2 0 0 2 0 0 0 3 1 0 0 0 0 0 0 0 1 0 0 0 0 0 1 0 0 0 0 0 8 3 0 0 0 1 1 13 0 0 0 0 2 1 0 4 0 0 0 0 0 2 0 0 0 0 0
1 0 0 0 0 0 0 0 0 9 0 0 0 0 0 0 0 0 1 0 1 0 0 0 0 0 0 0 1 0 0 0 0 0 0 0 0 1 0 0 0 0 1 0 0 0 0 0 4 1 0 0 0 1 0 5 0 0 0 0 1 0 0 8 0 0 0 1 0 1 0 0 2 0 0
1 1 1 0 0 0 0 0 0 8 0 0 0 0 0 0 0 0 1 0 0 0 0 1 0 0 0 5 1 0 0 0 0 0 0 0 1 0 0 0 0 0 0 0 0 0 0 0 6 0 0 0 0 0 0 3 0 0 0 0 0 0 0 15 0 0 0 0 0 0 0 0 3 0 0
1 0 2 1 4 3 1 1 2 16 0 1 1 3 0 0 0 0 2 0 0 2 0 1 0 0 1 4 0 0 0 0 0 1 1 1 2 0 1 0 0 1 0 1 0 0 3 1 7 1 1 0 0 0 0 7 1 3 0 1 0 0 0 32 1 1 0 7 1 1 1 0 8 0 0
2 0 2 1 15 7 1 8 0 6 0 0 0 2 0 0 2 1 4 1 0 0 0 2 0 0 1 9 0 0 0 0 0 4 1 1 0 0 0 0 1 0 0 2 0 0 7 0 6 3 1 2 0 0 0 2 0 4 0 2 1 1 0 18 2 1 0 10 0 1 3 1 3 0 0
2 1 0 0 0 0 0 0 0 1 0 0 0 0 0 0 0 0 1 1 1 0 0 0 0 0 0 0 3 0 0 0 0 0 0 0 0 0 0 0 0 0 1 0 0 0 0 0 0 5 0 0 0 1 1 0 0 0 0 0 1 1 0 5 0 0 0 0 0 1 0 0 1 0 0
0 0 0 0 0 0 0 0 0 0 0 0 0 0 0 0 0 0 1 0 1 0 0 1 0 0 0 0 1 0 0 0 0 0 0 0 0 0 0 0 0 0 1 0 0 0 0 0 0 1 0 0 0 0 0 0 0 0 0 0 1 0 0 0 0 0 0 0 0 1 0 0 0 0 0
0 0 1 0 0 0 0 0 0 4 1 0 1 1 0 0 0 0 1 0 0 0 0 1 0 0 4 2 0 0 0 0 0 0 0 0 1 0 0 0 1 0 0 0 0 0 0 0 0 1 0 0 0 0 0 1 0 0 0 0 1 0 0 8 3 0 0 1 0 0 0 0 1 0 0
3 3 1 0 0 0 0 0 0 4 1 0 0 0 0 0 0 0 1 0 1 0 0 1 0 0 0 8 6 0 0 0 0 0 0 0 0 0 0 0 0 0 1 0 0 0 0 0 26 5 0 0 0 3 1 2 0 0 0 0 1 1 0 5 0 0 0 0 0 1 0 0 4 0 0
0 0 0 0 0 0 0 0 0 0 0 0 0 0 0 0 0 0 1 0 0 0 0 2 0 0 0 0 0 0 0 0 0 0 0 0 0 0 0 0 0 0 0 0 0 0 0 0 0 0 0 0 0 0 0 0 0 0 0 0 1 0 0 0 0 0 0 0 0 0 0 0 0 0 0
3 1 2 1 2 0 0 1 0 21 0 0 0 0 0 0 0 0 2 0 2 0 0 0 0 0 1 7 2 0 0 1 1 1 0 1 2 1 1 0 0 1 2 1 0 0 0 1 11 2 0 0 0 1 0 12 1 0 0 1 0 0 0 25 1 1 0 5 1 5 0 2 13 0 0
3 2 1 0 0 0 0 0 0 1 1 0 0 0 0 0 0 0 3 0 0 0 0 0 0 0 0 4 2 0 0 0 0 0 0 0 2 0 0 0 0 0 0 0 0 0 0 0 0 2 0 0 0 2 1 6 1 0 0 0 1 2 0 6 0 0 1 0 0 1 0 0 1 0 0
3 1 1 0 0 0 0 0 0 1 1 0 0 0 0 0 0 0 1 0 0 0 0 1 0 0 0 2 3 0 0 0 0 0 0 0 0 0 0 0 0 0 1 0 0 0 0 0 7 0 0 0 0 0 1 2 0 0 0 0 0 1 0 2 0 0 0 0 0 0 0 0 0 0 0
1 1 1 0 0 0 0 0 0 5 1 0 0 0 0 0 0 0 2 2 0 0 0 1 0 0 0 2 0 0 0 0 0 0 0 0 0 0 0 0 0 0 0 0 0 0 0 0 0 0 0 0 0 0 0 1 0 0 0 0 2 0 0 10 0 0 0 0 0 0 0 0 3 0 0
4 1 1 2 3 2 1 4 3 6 0 1 1 1 0 0 0 1 3 1 3 0 2 1 0 1 1 2 1 0 0 0 0 1 1 0 1 2 2 0 0 2 1 0 1 0 2 1 1 3 0 0 0 0 0 0 2 2 0 3 0 0 1 20 2 1 0 3 2 1 0 1 2 0 0
2 1 1 0 0 0 0 0 0 6 1 0 0 0 0 0 0 0 0 0 0 0 0 0 0 0 0 3 0 0 0 0 0 0 0 0 0 0 0 0 0 0 0 0 0 0 0 0 2 0 0 0 0 0 0 1 0 0 0 0 0 1 0 9 0 0 0 1 0 0 0 0 4 0 0
2 0 1 1 2 2 0 0 0 5 0 0 0 0 0 0 0 2 0 0 0 0 0 0 0 2 2 5 1 0 0 0 0 0 1 2 1 0 0 0 0 0 0 2 1 0 0 1 10 0 0 0 0 1 0 12 0 2 0 1 0 0 1 14 0 0 0 1 0 1 2 1 2 0 0
1 1 1 0 0 0 0 0 0 3 1 0 0 0 0 0 0 0 2 0 0 0 0 1 0 0 0 1 0 0 0 0 0 0 0 0 1 0 0 0 0 0 0 0 0 0 0 0 1 2 0 0 1 1 1 1 0 0 0 0 2 1 0 5 0 0 0 0 0 0 0 0 0 0 0
1 1 1 0 0 0 0 0 0 9 1 0 0 0 0 0 0 0 2 0 1 0 0 0 0 0 1 1 1 0 0 0 0 0 0 1 1 0 0 0 0 0 1 0 0 0 0 0 9 1 0 0 0 1 2 5 0 0 0 0 2 1 0 10 0 0 0 2 0 1 0 0 1 0 0
2 2 0 0 0 0 0 0 0 1 0 0 0 0 0 0 0 0 1 0 1 0 0 1 0 0 0 2 0 0 0 0 0 0 0 0 1 0 0 0 0 0 0 0 0 0 0 0 9 0 0 0 0 2 1 7 0 0 0 0 1 1 0 2 0 0 0 0 0 0 0 0 0 0 0
4 0 2 0 3 0 0 1 3 4 0 0 0 0 0 0 0 0 2 0 2 0 0 0 0 0 0 3 2 0 0 0 0 0 0 0 2 1 0 1 0 0 3 1 0 0 0 2 7 1 1 0 1 0 0 2 1 0 0 0 0 0 1 14 0 0 0 3 1 2 2 0 4 0 0
2 0 1 0 0 0 0 0 0 2 0 0 0 0 0 0 0 0 1 1 0 0 0 1 0 0 0 0 1 0 0 0 0 0 0 0 2 0 0 0 0 0 0 0 0 0 0 0 5 1 0 0 0 1 1 0 0 0 0 1 0 0 0 3 0 0 0 0 0 1 0 0 0 0 0
1 1 0 0 0 0 0 0 0 8 0 0 0 0 0 0 0 0 0 0 2 0 0 1 0 0 0 4 1 0 0 0 0 0 0 0 0 1 0 0 0 0 0 0 0 0 0 0 4 2 0 0 0 1 0 1 0 0 0 0 0 1 0 14 0 0 0 1 0 0 0 0 6 0 0
1 1 1 0 0 0 0 0 0 0 1 0 0 0 0 0 0 0 2 0 0 0 0 0 0 0 0 0 0 0 0 0 0 0 0 0 1 1 0 0 0 0 0 0 0 0 0 0 1 0 0 0 0 0 0 1 0 0 0 0 2 1 0 0 0 0 0 0 0 0 0 0 0 0 0
1 0 1 0 1 0 0 4 2 1 0 0 0 0 0 0 0 2 0 0 4 1 0 0 1 2 0 3 4 0 0 0 0 0 0 1 1 1 0 0 0 0 1 0 1 1 0 0 1 1 1 0 0 0 1 0 0 4 0 1 0 0 0 4 0 1 1 0 0 2 0 0 0 0 0
0 0 1 0 0 0 0 0 0 1 1 0 0 0 0 0 0 0 0 0 0 0 0 1 0 0 0 0 0 0 0 0 0 0 0 0 1 1 0 0 0 0 0 0 0 0 0 0 0 0 0 0 0 0 0 0 0 0 0 0 0 1 0 1 0 0 0 0 0 0 0 0 0 0 0
2 2 1 0 0 0 0 0 0 5 1 0 0 0 0 0 0 0 1 0 2 0 0 1 0 0 0 3 0 0 0 0 0 0 0 0 1 1 0 0 0 0 0 0 0 0 0 0 4 2 0 0 0 0 1 1 0 0 0 0 1 2 0 6 0 0 0 0 0 0 0 0 0 0 0
2 2 1 0 0 0 0 0 0 6 1 0 0 0 0 0 0 0 1 0 1 0 0 1 0 0 0 6 1 0 0 0 0 0 0 0 1 0 0 0 0 0 2 0 0 0 0 0 4 3 0 0 0 2 1 3 0 0 0 0 1 0 0 9 0 0 0 0 0 1 0 0 0 0 0
2 2 1 0 0 0 0 0 0 4 1 0 0 0 0 0 0 0 0 1 0 0 0 1 0 0 0 5 3 0 0 0 0 0 0 0 0 0 0 0 0 0 0 0 0 0 0 0 9 2 0 0 0 2 1 5 0 0 0 1 0 1 0 3 0 0 0 0 0 1 0 0 1 0 0
0 0 1 0 0 0 0 0 0 2 1 0 0 0 0 0 0 0 1 0 0 0 0 1 0 0 0 3 2 0 0 0 0 0 0 0 1 0 0 0 0 0 0 0 0 0 0 0 4 0 0 0 0 0 0 3 0 0 1 0 1 1 0 1 0 0 0 0 0 1 0 0 1 0 0
0 0 1 3 3 2 0 1 4 0 0 0 0 2 0 0 2 0 2 0 1 1 0 2 0 0 2 0 1 0 0 0 0 1 1 1 1 0 1 0 2 0 0 0 1 0 2 0 4 0 0 0 1 0 0 0 0 4 0 0 0 0 1 2 1 0 0 1 1 0 0 0 0 0 0
0 0 0 1 1 0 0 3 0 11 0 0 0 0 0 0 0 0 1 0 3 0 0 1 0 0 0 6 2 0 0 0 0 0 0 0 0 2 0 0 0 0 1 1 0 0 0 0 7 2 1 0 1 0 0 2 1 0 0 0 0 0 1 17 0 0 0 0 1 1 1 0 2 0 0
1 0 1 1 0 0 0 3 1 3 0 0 0 0 0 0 0 0 1 1 0 0 0 1 0 0 1 4 2 1 1 0 0 1 0 1 1 1 0 1 0 0 0 0 1 0 1 1 5 0 1 0 1 0 0 0 0 0 0 1 0 0 0 8 0 1 1 1 0 1 0 0 0 0 0
1 1 1 0 0 0 0 0 0 2 1 0 0 0 0 0 0 0 2 0 1 0 0 1 0 0 0 1 1 0 0 0 0 0 0 0 1 1 0 0 0 0 1 0 0 0 0 0 3 1 0 0 0 0 1 0 0 0 0 0 2 1 0 3 0 0 0 0 0 1 0 0 0 0 0
0 0 1 0 0 0 0 0 0 3 1 0 0 0 0 0 0 0 0 0 0 0 0 0 0 0 0 1 0 0 0 0 0 0 0 0 1 0 0 0 0 0 0 0 0 0 0 0 0 0 0 0 0 0 0 0 0 0 0 0 0 1 0 6 0 0 0 0 0 0 0 0 0 0 0
1 1 2 0 0 0 0 0 0 10 1 0 0 0 0 0 0 0 1 0 1 0 0 0 0 0 0 8 2 0 0 0 0 0 0 0 2 0 0 0 1 0 2 0 0 0 0 0 11 1 0 0 0 0 0 10 0 0 0 0 1 1 0 30 0 0 0 10 0 0 0 0 13 0 0
2 2 1 0 0 0 0 0 0 4 1 0 0 1 0 0 0 0 1 0 0 0 0 0 0 0 1 4 1 0 0 0 0 0 0 0 1 0 0 0 0 0 0 0 0 0 0 1 7 0 0 0 0 0 1 3 0 0 0 0 1 0 0 7 2 0 0 3 0 0 0 1 2 0 0
0 0 0 0 0 0 0 0 0 1 0 0 0 0 0 0 0 0 1 0 0 0 0 1 0 0 0 1 0 0 0 0 0 0 0 0 0 1 0 0 0 0 0 0 0 0 0 0 3 0 0 0 0 0 0 0 0 0 0 0 1 0 0 2 0 0 0 0 0 0 0 0 0 0 0
0 0 0 0 1 0 1 0 1 0 0 0 0 0 0 0 0 0 0 0 0 0 0 0 0 0 0 0 0 0 0 0 0 0 0 0 0 0 0 1 0 0 0 1 0 0 0 0 0 0 1 0 0 0 0 0 1 0 0 1 0 0 1 5 0 0 1 0 1 0 0 0 0 0 0
1 0 1 0 1 0 0 2 1 9 0 0 0 0 0 0 0 0 1 0 0 0 2 1 0 0 0 3 0 0 0 0 0 0 0 1 1 0 0 0 0 0 0 0 1 0 1 1 14 1 1 0 0 0 1 3 0 0 0 1 0 0 1 18 0 1 0 0 0 1 0 0 1 0 0
1 1 1 0 0 0 0 0 0 7 1 0 0 0 0 0 0 0 2 0 1 0 0 1 0 0 0 7 3 0 0 0 0 0 0 0 1 1 0 0 0 0 1 0 0 0 0 0 3 4 0 0 0 0 0 4 0 0 0 0 2 1 0 12 0 0 0 0 0 1 0 0 0 0 0
0 0 1 0 0 0 0 0 0 12 1 0 0 0 0 0 0 0 1 0 0 0 0 0 0 0 0 9 0 0 0 0 0 0 0 0 0 0 0 0 0 0 0 0 0 0 0 0 3 0 0 0 0 0 1 3 0 0 0 0 1 1 0 13 0 0 0 0 0 0 0 0 0 0 0
2 2 1 0 0 0 0 0 0 15 1 0 0 0 0 0 0 0 1 0 1 0 0 1 0 0 1 8 0 0 0 0 0 0 0 0 1 1 0 0 1 0 0 0 0 0 0 0 4 0 0 0 0 1 0 3 0 0 0 0 1 1 0 24 0 0 0 1 0 0 0 0 11 0 0
2 2 1 0 0 0 0 0 0 6 1 0 0 0 0 0 0 0 0 0 1 0 0 0 0 0 0 2 1 0 0 0 0 0 0 0 0 0 0 0 0 0 1 0 0 0 0 0 4 1 0 0 0 2 1 2 0 0 0 0 0 1 0 6 0 0 0 0 0 1 0 0 0 0 0
1 0 1 3 1 2 1 2 1 4 1 0 0 0 0 0 0 1 0 1 0 0 1 0 0 0 0 6 2 0 0 0 0 3 1 1 1 0 0 0 0 0 0 0 0 0 2 0 0 2 0 0 1 0 0 3 2 1 0 0 0 0 1 16 1 1 1 0 2 0 0 0 0 0 0
1 0 1 0 0 0 0 0 0 2 0 0 0 0 0 0 0 0 1 0 0 0 0 1 0 0 0 6 1 0 0 0 0 0 0 0 1 1 0 0 0 0 0 0 0 0 0 0 3 1 0 0 1 0 1 5 0 0 0 0 0 0 0 2 0 0 0 0 0 1 0 0 0 0 0
1 0 0 1 2 0 0 1 2 0 0 0 0 0 0 0 0 2 0 0 0 1 0 0 0 2 0 0 0 0 0 0 0 0 0 1 0 0 1 1 0 1 0 0 0 0 0 0 1 0 1 0 0 0 0 0 1 4 0 2 0 0 1 2 0 0 0 0 1 0 0 0 0 0 0
1 0 0 0 3 2 0 3 0 4 0 0 0 1 0 0 2 2 2 0 1 0 0 1 0 0 0 6 1 0 0 0 0 1 0 0 1 0 0 0 2 0 0 0 0 0 1 1 0 1 1 0 0 0 0 0 1 0 0 0 0 0 0 19 1 0 0 2 1 0 0 0 1 0 0
1 0 1 7 38 17 0 27 39 3 0 0 0 8 0 0 0 3 1 3 4 0 5 0 0 3 5 3 9 0 0 0 0 2 0 0 0 0 0 0 0 0 3 12 1 0 9 0 3 7 1 0 2 1 3 3 0 14 0 5 0 0 1 10 2 0 0 33 0 6 10 11 11 0 0
1 0 1 0 0 0 1 0 0 3 0 1 0 0 0 0 0 0 2 0 0 0 0 2 0 0 0 4 1 0 0 0 0 0 0 0 0 0 0 0 0 0 1 0 0 0 0 0 2 1 1 0 0 0 0 7 0 0 0 0 0 0 0 6 0 0 0 0 0 0 0 0 1 0 0
0 0 0 0 1 0 0 0 0 0 0 0 0 0 0 0 0 0 0 1 0 0 0 0 0 0 0 1 0 0 0 0 0 0 0 0 0 1 0 1 0 1 0 0 0 0 0 0 0 0 1 0 0 0 0 0 1 1 0 1 0 0 0 1 0 0 1 0 0 0 0 0 0 0 0
0 0 0 0 0 0 0 0 0 2 0 0 0 0 0 0 0 0 0 0 0 0 0 0 0 0 0 2 1 0 0 0 0 0 0 0 0 0 0 0 0 0 0 0 0 0 0 0 0 1 0 0 0 0 1 0 0 0 0 0 0 1 0 2 0 0 0 0 0 1 0 0 0 0 0
3 1 3 0 0 0 0 3 1 2 0 0 0 0 0 0 0 2 0 0 2 0 0 0 0 1 0 3 3 0 0 0 0 0 0 0 1 3 0 2 0 0 2 0 0 1 1 0 1 3 0 0 0 2 1 0 0 1 0 0 0 1 0 12 0 0 0 0 1 3 0 0 11 0 0
2 2 1 0 0 0 0 0 0 6 1 0 0 0 0 0 0 0 0 0 1 0 0 1 0 0 0 3 2 0 0 0 0 0 0 0 0 1 0 0 0 0 2 0 0 0 0 0 1 2 0 0 0 2 0 0 0 0 0 0 0 2 0 4 0 0 0 0 0 1 0 0 0 0 0
0 0 1 0 0 0 0 0 0 1 1 0 0 0 0 0 0 0 0 0 0 0 0 0 0 0 0 0 0 0 0 0 0 0 0 0 0 1 0 0 0 0 0 0 0 0 0 0 2 0 0 0 0 0 0 0 0 0 0 0 0 1 0 2 0 0 0 0 0 0 0 0 0 0 0
2 0 1 0 0 0 0 0 0 0 0 0 0 0 0 0 0 0 1 0 1 0 0 1 0 0 0 2 1 0 0 0 0 0 0 0 1 1 0 0 0 0 1 0 0 0 0 0 0 1 0 0 0 1 0 1 0 0 0 0 0 0 0 0 0 0 1 0 0 1 0 0 0 0 0
4 1 0 0 0 0 0 0 0 3 0 0 0 0 0 0 0 0 1 0 1 0 0 0 0 0 0 5 4 0 0 0 0 0 0 0 1 0 0 0 0 0 1 0 0 0 0 0 1 0 0 0 0 0 0 5 0 0 0 2 0 0 0 3 0 0 0 0 0 1 0 0 1 0 0
6 3 1 0 1 2 0 0 0 16 1 0 0 0 0 0 0 1 2 0 1 0 0 1 0 0 2 15 5 0 0 0 0 0 0 0 0 2 0 0 0 0 1 0 0 0 0 1 9 2 0 0 0 1 1 15 0 0 0 2 0 0 0 15 0 2 0 7 0 3 0 1 0 0 0
3 0 0 0 0 0 0 0 0 5 0 0 0 0 0 0 0 0 1 0 1 0 0 1 0 0 0 3 2 0 0 0 0 0 0 0 1 0 0 0 0 0 1 0 0 0 0 0 0 2 0 0 0 2 1 0 0 0 0 0 1 0 0 8 0 0 0 0 0 2 0 0 0 0 0
1 1 1 0 0 0 0 0 0 2 1 0 0 0 0 0 0 0 1 0 1 0 0 1 0 0 0 2 2 0 0 0 0 0 0 0 1 0 0 0 0 0 2 0 0 0 0 0 0 3 0 0 0 0 1 0 0 0 0 0 1 1 0 4 0 0 0 0 0 1 0 0 1 0 0
1 1 1 0 0 0 0 0 0 4 1 0 0 0 0 0 0 0 1 0 0 0 0 1 0 0 0 4 1 0 0 0 0 0 0 0 0 0 0 0 0 0 0 0 0 0 0 0 2 2 0 0 0 1 1 0 0 0 0 0 1 1 0 6 0 0 0 0 0 0 0 0 0 0 0
0 0 1 0 0 0 0 0 0 0 1 0 0 0 0 0 0 0 2 0 0 0 0 1 0 0 0 0 0 0 0 0 0 0 0 0 0 0 0 0 0 0 0 0 0 0 0 0 0 0 0 0 0 0 1 0 0 0 0 0 2 0 0 0 0 0 0 0 0 0 0 0 0 0 0
1 1 1 0 0 0 0 0 0 0 1 0 0 0 0 0 0 0 2 0 0 0 0 1 0 0 0 1 1 0 0 0 0 0 0 0 1 0 0 0 0 0 0 0 0 0 0 0 2 1 0 0 0 1 1 0 0 0 0 0 2 1 0 0 0 0 0 0 0 1 0 0 0 0 0
0 0 1 0 0 0 0 0 0 0 0 0 0 0 0 0 0 0 1 0 1 0 0 0 0 0 0 0 2 0 0 0 0 0 0 0 1 0 0 0 0 0 1 0 0 0 0 0 1 2 0 0 0 1 0 1 0 0 0 0 0 0 0 0 0 0 0 0 0 1 0 0 0 0 0
0 0 0 2 2 1 1 2 2 0 0 1 0 0 0 0 0 0 0 0 1 1 0 0 1 0 0 0 2 0 0 0 0 2 0 0 0 0 0 0 0 0 1 0 0 1 0 0 0 2 0 0 0 0 0 0 0 0 0 0 0 0 1 4 0 0 0 0 0 1 0 0 0 0 1
2 2 0 0 0 0 0 0 0 0 0 0 0 0 0 0 0 0 2 0 1 0 0 2 0 0 0 0 3 0 0 0 0 0 0 0 0 0 0 0 0 0 2 0 0 0 0 0 3 5 0 0 0 2 1 2 0 0 0 0 2 1 0 0 0 0 0 0 0 1 0 0 0 0 0
1 0 1 0 0 0 0 0 0 5 0 0 0 0 1 1 0 0 0 1 1 0 0 0 0 0 0 4 1 0 0 0 0 0 0 0 1 0 0 0 2 0 0 0 1 0 0 1 4 0 0 0 0 0 0 1 0 0 0 1 0 0 0 7 0 1 1 1 0 0 0 0 1 0 0
2 1 1 0 0 0 0 0 0 3 1 0 0 0 0 0 0 0 1 0 1 0 0 0 0 0 0 1 2 0 0 0 0 0 0 0 0 0 0 0 0 0 1 0 0 0 0 0 2 2 0 0 1 1 0 1 0 0 0 0 1 0 0 8 0 0 0 0 0 1 0 0 0 0 0
10 1 1 1 0 0 0 0 1 2 0 0 0 0 0 0 0 2 2 0 1 0 0 0 0 1 0 1 3 0 0 0 0 0 0 0 1 1 0 0 0 0 0 0 0 0 0 0 8 0 0 0 0 1 1 3 0 0 0 1 1 0 0 5 0 0 0 0 0 2 0 0 1 0 0
2 2 1 0 0 0 0 0 0 0 1 0 0 0 0 0 0 0 1 0 0 0 0 0 0 0 0 1 0 0 0 0 0 0 0 0 0 0 0 0 0 0 0 0 0 0 0 0 2 0 0 0 0 2 1 2 0 0 0 0 1 1 0 0 0 0 0 0 0 0 0 0 0 0 0
1 0 1 0 0 0 0 0 0 4 1 0 0 0 2 2 0 0 0 1 1 0 0 0 0 0 0 5 1 0 0 0 0 0 0 0 0 1 0 0 0 0 1 0 0 0 0 0 4 0 0 0 0 0 0 3 0 0 0 0 0 1 0 7 0 0 0 0 0 1 0 0 0 0 0
0 0 0 0 1 0 0 0 0 7 0 0 0 0 0 0 0 0 1 0 1 0 0 0 0 0 0 8 0 0 0 0 0 0 0 1 0 0 1 0 0 0 1 1 0 0 0 0 0 1 1 0 1 0 0 7 0 0 0 0 0 0 0 12 0 0 0 1 1 0 0 0 0 0 0
1 0 1 0 0 0 0 0 0 3 0 0 0 0 0 0 0 0 1 0 0 0 0 1 0 0 0 1 1 0 0 0 0 0 0 0 1 1 0 0 0 0 0 0 0 0 0 0 2 0 0 0 0 1 0 1 0 0 0 0 0 0 0 4 0 0 0 0 0 1 0 0 0 0 0
0 0 0 0 0 0 0 0 0 0 0 0 0 0 0 0 0 0 0 0 0 0 0 0 0 0 0 0 0 0 0 0 0 0 0 0 0 0 0 0 0 0 0 0 0 0 0 0 0 0 0 0 0 2 0 0 0 0 0 0 0 0 0 1 0 0 0 0 0 0 0 0 0 0 0
4 2 1 0 0 0 0 0 0 0 0 0 0 0 0 0 0 0 2 0 1 0 0 1 0 0 0 3 1 0 0 0 0 0 0 0 1 1 0 0 0 0 1 0 0 0 0 0 3 1 0 0 0 2 0 5 0 0 0 0 0 1 0 0 0 0 0 0 0 0 0 0 0 0 0
1 1 1 0 0 0 0 0 0 1 1 0 0 0 0 0 0 0 2 0 1 0 0 2 0 0 0 5 0 0 0 0 0 0 0 0 0 0 0 0 0 0 2 0 0 0 0 0 2 3 0 0 0 1 0 0 0 0 0 0 2 0 0 1 0 0 0 0 0 1 0 0 0 0 0
5 0 3 0 0 0 0 2 1 13 0 0 0 0 0 0 0 4 3 0 3 0 1 0 1 2 1 3 6 0 0 0 0 1 0 0 3 3 0 0 0 1 1 0 0 1 0 0 1 3 0 0 1 3 1 7 1 0 0 1 0 0 1 32 0 0 0 11 0 4 0 0 21 0 0
1 0 0 0 6 3 0 1 0 0 0 0 0 0 0 0 0 1 0 1 0 0 0 0 0 0 0 1 1 0 0 0 0 1 0 0 0 0 1 1 0 0 0 1 1 0 0 1 4 0 1 0 0 0 0 1 2 1 0 1 0 0 1 1 0 1 1 3 2 1 0 1 0 0 0
0 0 1 0 0 0 0 0 0 0 1 0 0 0 0 0 0 0 0 0 0 0 0 0 0 0 0 3 0 0 0 0 0 0 0 0 1 0 0 0 0 0 0 0 0 0 0 0 0 0 0 0 0 0 0 0 0 0 0 0 0 1 0 0 0 0 0 0 0 0 0 0 0 0 0
1 0 1 0 3 0 0 0 1 5 0 0 0 0 0 0 0 1 0 1 2 0 0 1 0 1 0 6 4 0 0 0 0 0 0 0 0 0 0 0 0 0 0 0 0 1 0 0 9 2 0 0 0 0 0 4 1 0 0 1 0 0 0 10 0 0 1 1 1 0 0 0 0 0 0
1 0 0 0 0 0 0 0 0 0 0 0 0 0 0 0 0 0 0 1 0 1 0 0 0 0 0 4 0 0 0 0 0 0 0 0 0 0 0 0 0 0 0 0 0 0 0 0 5 0 1 0 0 1 0 0 0 0 0 1 0 0 0 0 0 0 1 0 0 0 0 0 0 0 0
1 1 1 0 0 0 0 0 0 1 1 0 0 0 0 0 0 0 1 0 0 0 0 1 0 0 0 1 0 0 0 0 0 0 0 0 1 1 0 0 0 0 0 0 0 0 0 0 2 0 0 0 0 1 1 0 0 0 0 0 1 0 0 0 0 0 0 0 0 0 0 0 0 0 0
0 0 1 0 0 0 0 0 0 3 1 0 0 0 0 0 0 0 1 0 1 0 0 1 0 0 0 6 1 0 0 0 0 0 0 0 1 2 0 0 0 0 2 0 0 0 0 0 4 0 0 0 0 0 0 8 0 0 0 0 1 1 0 5 0 0 0 0 0 2 0 0 0 0 0
3 0 1 0 0 0 0 0 0 1 0 0 0 0 0 0 0 0 2 0 1 0 0 1 0 0 0 1 1 0 0 0 0 0 0 0 0 1 0 0 0 0 1 0 0 0 0 0 6 1 0 0 0 0 0 6 0 0 0 0 1 0 0 2 0 0 0 0 0 1 0 0 1 0 0
1 0 0 0 0 0 1 0 0 1 0 0 0 0 1 1 0 0 0 0 1 0 0 0 0 0 0 0 3 0 0 0 0 0 0 0 0 0 0 0 0 0 1 0 0 0 0 0 0 0 0 0 0 1 0 0 0 0 0 0 0 0 0 1 0 0 1 0 0 1 0 0 0 0 0
0 0 1 0 0 0 0 0 0 3 1 0 0 0 0 0 0 0 2 0 0 0 0 1 0 0 0 4 1 0 0 0 0 0 0 0 1 1 0 0 0 0 0 0 0 0 0 0 1 1 0 0 0 0 0 0 0 0 0 0 2 1 0 3 0 0 0 0 0 1 0 0 1 0 0
3 3 1 0 0 0 0 0 0 1 1 0 0 0 0 0 0 0 1 0 0 0 0 0 0 0 0 1 1 0 0 0 0 0 0 0 1 0 0 0 0 0 1 0 0 0 0 0 3 2 0 0 0 3 1 2 0 0 0 0 1 1 0 1 0 0 0 0 0 1 0 0 0 0 0
0 0 0 0 0 0 0 0 0 1 0 0 0 0 0 0 0 0 0 0 1 0 0 0 0 0 0 0 1 0 0 0 0 0 0 0 0 0 0 0 0 0 1 0 0 0 0 0 0 2 0 0 0 0 0 0 0 0 0 0 0 0 0 2 0 0 0 0 0 1 0 0 0 0 0
3 0 1 3 6 3 1 7 3 5 0 1 0 0 0 0 0 0 2 1 0 0 5 0 0 0 1 3 3 0 0 0 0 5 2 0 1 0 0 0 0 0 0 0 1 0 1 0 3 3 0 0 0 0 0 2 1 4 0 1 0 0 0 18 3 0 0 2 0 2 0 0 6 0 0
3 1 2 0 0 0 0 0 0 8 1 0 0 0 0 0 0 0 3 1 1 0 0 2 0 0 0 4 4 0 0 0 0 0 0 0 2 0 0 0 0 0 0 0 0 0 0 0 3 5 0 0 0 2 0 2 0 0 0 0 1 0 0 13 0 0 0 0 0 1 0 0 0 0 0
3 3 1 0 0 0 0 0 0 10 1 0 1 0 0 0 0 0 1 1 1 0 0 1 0 0 0 7 1 0 0 0 0 0 0 1 1 0 0 0 0 0 0 0 0 0 0 1 11 0 0 0 1 0 0 7 0 0 0 0 1 1 0 14 1 0 0 0 0 1 0 0 8 0 0
2 1 1 0 0 0 0 0 0 0 0 0 0 0 0 0 0 0 0 0 0 0 0 0 0 0 0 0 0 0 0 0 0 0 0 0 0 0 0 0 0 0 0 0 0 0 0 0 0 0 0 0 0 1 0 0 0 0 0 0 0 0 0 0 0 0 0 0 0 0 0 0 0 0 0
2 0 1 0 0 0 0 0 0 8 0 0 0 0 0 0 0 0 2 0 0 0 0 1 0 0 1 7 2 0 0 0 0 0 0 2 1 1 0 0 0 0 2 0 0 0 0 0 7 2 0 0 1 1 0 5 0 0 0 1 0 0 0 9 0 0 0 1 0 1 0 0 6 0 0
1 1 1 0 0 0 0 0 0 0 1 0 0 0 0 0 0 0 0 0 1 0 0 0 0 0 0 0 1 0 0 0 0 0 0 0 1 1 0 0 0 0 1 0 0 0 0 0 1 1 0 0 0 0 0 0 0 0 0 0 0 0 0 0 0 0 0 0 0 1 0 0 0 0 0
1 0 1 0 0 0 0 0 0 4 0 0 0 0 0 0 0 0 2 0 1 0 0 1 0 0 0 7 1 0 0 0 0 0 0 0 1 0 0 0 0 0 1 0 0 0 0 0 0 3 0 0 0 0 0 9 0 0 0 0 1 1 0 7 0 0 0 0 0 1 0 0 1 0 0
2 2 1 0 0 0 0 0 0 5 1 0 0 0 0 0 0 0 2 0 0 0 0 1 0 0 0 2 0 0 0 0 0 0 0 0 1 0 0 0 0 0 0 0 0 0 0 0 3 0 0 0 0 2 1 1 0 0 0 0 2 0 0 4 0 0 0 0 0 0 0 0 0 0 0
1 1 1 0 0 0 0 0 0 3 1 0 0 0 0 0 0 0 1 0 1 0 0 1 0 0 0 1 3 0 0 0 0 0 0 0 0 1 0 0 0 0 0 0 0 0 0 0 2 1 0 0 0 0 2 3 0 0 0 0 1 1 0 2 0 0 0 0 0 2 0 0 0 0 0
0 0 1 0 0 0 0 0 0 6 1 0 0 0 0 0 0 0 1 0 1 0 0 1 0 0 0 4 1 0 0 0 0 0 0 0 1 0 0 0 0 0 1 0 0 0 0 0 7 1 0 0 0 0 0 0 0 0 0 0 1 1 0 9 0 0 0 0 0 1 0 0 1 0 0
0 0 0 0 0 0 0 0 0 0 0 0 0 0 0 0 0 0 0 0 0 0 0 0 0 0 0 0 0 0 0 0 0 0 0 0 0 0 0 0 0 0 0 0 0 0 0 0 0 0 0 0 0 0 0 0 0 0 0 0 0 0 0 0 0 0 0 0 0 0 0 0 0 0 0
0 0 0 0 0 0 0 0 0 0 0 0 0 0 0 0 0 0 0 0 1 0 0 0 0 0 0 2 2 0 0 0 0 0 0 0 0 0 0 0 0 0 1 0 0 0 0 0 0 2 0 0 0 0 1 1 0 0 0 0 0 0 0 0 0 0 0 0 0 1 0 0 0 0 0
2 2 1 0 0 0 0 0 0 4 1 0 0 0 1 1 0 0 1 0 1 0 0 2 0 0 0 3 5 0 0 0 0 0 0 0 1 1 0 0 0 0 1 0 0 0 0 1 5 1 0 0 0 0 0 0 0 0 0 1 0 0 0 6 0 0 0 0 0 0 0 0 0 0 0
1 0 1 0 0 0 0 0 0 5 0 0 0 0 0 0 0 0 1 1 0 0 0 1 0 0 0 6 2 0 0 0 0 0 0 0 1 0 0 0 0 0 1 0 0 0 0 0 5 0 0 0 0 0 0 10 0 0 0 1 1 0 0 4 0 0 0 0 0 3 0 0 0 0 0
3 0 2 0 0 0 0 0 0 1 0 0 0 0 0 0 0 0 1 0 1 0 0 0 0 0 0 1 1 0 0 0 0 0 0 0 2 0 0 0 0 0 0 0 0 0 0 0 6 1 0 0 0 2 0 2 0 0 0 0 0 0 0 2 0 0 0 0 0 1 0 0 0 0 0
0 0 1 0 0 0 0 0 0 1 0 0 0 0 0 0 0 0 1 0 2 0 0 0 0 0 2 2 2 0 0 0 0 0 0 0 0 0 0 0 0 0 1 0 0 0 0 0 2 2 0 0 0 0 0 1 0 0 0 0 1 0 0 2 1 0 0 0 0 0 0 0 1 0 0
0 0 0 0 0 0 0 0 0 4 0 0 0 0 0 0 0 0 2 0 2 0 0 2 0 0 0 2 3 0 0 0 0 0 0 2 1 1 0 0 0 0 1 0 0 0 0 0 8 6 0 0 0 0 1 2 0 0 0 0 1 1 0 7 0 0 0 0 0 1 0 0 1 0 0
3 0 2 0 0 0 1 1 0 6 0 1 1 0 1 1 0 0 1 1 0 0 0 1 0 0 0 6 3 0 0 0 0 0 0 1 2 0 0 0 0 1 0 0 1 0 0 1 7 0 0 0 0 0 0 7 1 0 0 1 0 0 0 5 0 1 1 0 0 0 0 0 0 0 0
6 0 2 1 0 1 1 3 1 20 0 1 0 0 0 0 0 2 2 0 1 0 0 1 0 0 0 1 1 0 0 0 0 0 2 0 2 0 0 0 0 0 1 0 0 2 2 0 13 1 0 0 0 0 2 10 0 0 0 0 1 1 0 27 0 0 2 2 0 1 0 1 2 0 0
2 2 1 0 0 0 0 0 0 3 1 0 0 0 0 0 0 0 1 0 1 0 0 0 0 0 0 5 4 0 0 0 0 0 0 0 0 2 0 0 0 0 1 0 0 0 0 0 9 3 0 0 1 2 1 0 0 0 0 0 1 1 0 8 0 0 0 0 0 1 0 0 0 0 0
2 2 1 0 0 0 0 0 0 6 1 0 0 0 0 0 0 0 0 0 0 0 0 0 0 0 0 4 0 0 0 0 0 0 0 0 0 0 0 0 0 0 0 0 0 0 0 0 1 1 0 0 0 2 0 3 0 0 0 0 0 2 0 6 0 0 0 0 0 1 0 0 0 0 0
2 2 1 0 0 0 0 0 0 6 1 0 0 0 0 0 0 0 1 0 1 0 0 1 0 0 0 6 1 0 0 0 0 0 0 0 1 0 0 0 0 0 1 0 0 0 0 0 6 1 0 0 0 2 1 9 0 0 0 0 1 0 0 5 0 0 0 0 0 1 0 0 1 0 0
1 1 1 0 0 0 0 0 0 0 1 0 0 0 0 0 0 0 0 0 0 0 0 0 0 0 0 1 0 0 0 0 0 0 0 0 1 0 0 0 0 0 0 0 0 0 0 0 0 0 0 0 0 1 1 0 0 0 0 0 0 0 0 0 0 0 0 0 0 0 0 0 0 0 0
0 0 0 0 0 0 0 0 0 0 0 0 0 0 0 0 0 0 0 0 0 0 0 1 0 0 0 0 0 0 0 0 0 0 0 0 0 0 0 0 0 0 0 0 0 0 0 0 0 0 0 0 0 0 0 0 0 0 0 0 0 0 0 0 0 0 0 0 0 0 0 0 0 0 0
3 1 0 1 9 6 0 9 2 0 0 0 0 1 0 0 0 1 0 0 1 0 2 0 0 0 1 0 2 0 0 0 0 4 1 1 0 1 0 0 0 0 1 0 0 1 3 1 0 1 0 0 0 0 0 0 1 1 0 0 0 0 0 18 3 1 1 6 1 1 0 0 7 0 0
1 1 1 0 0 0 0 0 0 8 1 0 0 0 0 0 0 0 0 0 1 0 0 0 0 0 1 3 2 0 0 0 0 0 0 0 1 1 0 0 0 0 1 0 0 0 0 0 11 2 0 0 0 0 0 3 0 0 0 0 0 1 0 16 0 0 0 2 0 0 0 0 8 0 0
1 1 0 0 0 0 0 0 0 0 0 0 0 0 0 0 0 0 0 0 0 0 0 0 0 0 0 0 0 0 0 0 0 0 0 0 0 0 0 0 0 0 0 0 0 0 0 0 0 0 0 0 0 0 0 1 0 0 0 0 0 1 0 0 0 0 0 0 0 0 0 0 0 0 0
5 1 2 0 0 1 0 3 1 7 0 0 0 0 0 0 0 0 3 0 1 1 0 1 0 0 0 6 3 0 0 0 0 0 0 0 2 1 0 0 0 0 1 0 0 0 0 0 5 1 0 0 1 2 0 1 0 0 0 0 0 0 0 19 0 0 0 1 0 1 0 0 6 0 0
1 1 1 0 0 0 0 0 0 2 1 0 0 0 0 0 0 0 1 0 0 0 0 1 0 0 0 1 0 0 0 0 0 0 0 0 1 0 0 0 0 0 0 0 0 0 0 0 0 0 0 0 0 1 0 1 0 0 0 1 1 2 0 3 0 0 0 0 0 0 0 0 0 0 0
0 0 1 1 5 4 1 2 3 9 0 1 1 4 0 0 3 0 1 1 1 0 1 0 0 0 5 8 1 0 0 0 0 1 0 0 1 0 0 0 3 0 2 0 1 1 2 0 9 0 1 1 0 0 0 14 0 3 0 2 0 0 1 1 1 1 1 14 0 4 0 1 3 0 0
1 1 1 0 2 0 0 0 0 5 0 0 0 0 0 0 0 0 2 0 1 0 0 1 1 0 0 3 0 0 0 0 0 0 0 0 1 0 0 0 0 0 1 0 0 1 0 1 1 2 0 0 0 0 1 3 0 0 0 1 0 0 0 4 0 0 0 0 0 0 1 0 1 0 0
2 0 0 7 7 2 1 5 2 4 0 1 0 0 1 1 0 1 1 0 3 0 0 1 0 1 0 1 0 0 0 0 0 2 0 0 1 3 0 0 0 0 1 0 1 0 1 0 1 0 0 0 0 1 0 3 1 0 0 1 0 0 0 26 0 0 2 0 1 3 0 0 5 0 0
0 0 1 0 0 0 0 0 0 7 1 0 0 0 0 0 0 0 1 0 2 0 0 1 0 0 0 4 1 0 0 0 0 0 0 0 0 1 0 0 0 0 0 0 0 0 0 0 8 2 0 0 0 0 0 6 0 0 0 0 1 0 0 13 0 0 0 0 0 2 0 0 3 0 0
2 1 0 1 4 3 0 6 3 0 0 0 0 0 0 0 0 4 0 0 1 0 0 0 0 3 0 0 3 0 0 0 0 0 0 0 0 1 1 0 0 2 0 3 0 0 2 0 0 2 0 0 0 1 1 0 2 0 0 0 0 0 1 17 0 0 0 2 1 0 1 0 9 0 0
3 0 1 0 0 0 0 0 0 23 0 0 0 0 0 0 0 0 2 0 2 0 0 1 0 0 5 5 1 0 0 0 0 0 0 0 2 0 0 0 0 0 1 0 0 0 0 0 17 0 0 0 0 1 1 10 0 0 0 0 0 0 0 21 0 0 0 6 0 0 0 1 16 0 0
1 0 1 0 0 0 0 1 0 4 1 0 0 0 1 1 0 1 2 1 0 0 0 0 0 1 0 0 2 0 0 0 0 0 1 0 1 1 0 0 0 0 0 0 0 0 0 0 8 0 0 0 0 0 0 6 0 1 0 0 0 0 0 14 0 0 0 1 0 0 0 0 3 0 0
3 3 1 0 0 0 0 0 0 3 1 0 0 0 0 0 0 0 2 0 1 0 0 1 0 0 0 0 2 0 0 0 0 0 0 0 1 1 0 0 0 0 1 0 0 0 0 0 1 3 0 0 0 1 1 0 0 0 0 0 2 1 0 4 0 0 0 0 0 1 0 0 0 0 0
3 3 1 0 0 0 0 0 0 0 1 0 0 0 0 0 0 0 1 0 1 0 0 1 0 0 0 0 0 0 0 0 0 0 0 0 1 0 0 0 0 0 1 0 0 0 0 0 4 1 0 0 0 3 0 0 0 0 0 1 1 1 0 0 0 0 0 0 0 1 0 0 0 0 0
2 0 0 0 0 0 0 0 0 3 0 0 0 0 0 0 0 0 0 0 1 0 0 0 0 0 0 1 4 0 0 0 0 0 0 0 1 0 0 0 0 0 0 0 0 0 0 0 9 0 0 0 0 0 1 1 0 0 0 0 0 0 0 6 0 0 0 0 0 0 0 0 2 0 0
2 1 0 0 0 0 0 0 0 2 0 0 0 0 0 0 0 0 2 0 0 0 0 0 0 0 0 2 4 0 0 1 1 0 0 0 1 0 0 0 0 0 0 0 0 0 0 0 2 2 0 0 0 0 0 1 1 0 0 1 1 0 0 1 0 0 0 0 0 2 0 0 0 0 0
2 2 1 0 0 0 0 0 0 1 1 0 0 0 1 1 0 0 1 0 1 0 0 1 0 0 0 9 1 0 0 0 0 0 0 0 0 0 0 0 0 0 1 0 0 0 0 0 3 3 0 0 1 2 0 0 0 0 0 0 1 0 0 2 0 0 0 0 0 1 0 0 0 0 0
0 0 1 0 0 0 0 0 0 0 1 0 0 0 0 0 0 0 0 0 0 0 0 0 0 0 0 1 0 0 0 0 0 0 0 0 1 0 0 0 0 0 0 0 0 0 0 0 0 0 0 0 0 0 1 0 0 0 0 0 0 1 0 0 0 0 0 0 0 0 0 0 0 0 0
3 3 1 0 0 0 0 0 0 7 1 0 0 0 0 0 0 0 1 0 0 0 0 0 0 0 0 2 0 0 0 0 0 0 0 0 1 0 0 0 0 0 0 0 0 0 0 0 3 2 0 0 1 2 0 3 0 0 0 0 0 0 0 7 0 0 0 0 0 0 0 0 1 0 0
2 0 0 1 2 2 0 5 1 9 0 0 0 0 0 0 0 1 1 1 1 0 0 0 0 0 0 4 2 0 0 0 0 0 0 1 0 2 0 0 0 0 1 0 0 0 0 0 6 0 0 0 0 1 0 5 0 0 0 0 0 0 2 18 0 0 0 5 0 2 0 0 6 0 0
3 0 0 1 3 1 0 0 2 3 0 0 0 0 0 0 0 0 1 1 1 0 0 0 0 0 0 10 1 0 0 0 0 0 0 0 0 1 0 0 0 0 0 1 0 0 0 0 6 1 1 0 0 1 0 1 1 0 0 1 0 1 0 15 0 0 1 0 1 0 1 0 0 0 0
2 2 1 0 0 0 0 0 0 2 1 0 0 0 0 0 0 0 1 0 0 0 0 0 0 0 0 3 0 0 0 0 0 0 0 0 0 0 0 0 0 0 0 0 0 0 0 0 0 0 0 0 0 2 1 0 0 0 0 0 1 0 0 4 0 0 0 0 0 0 0 0 0 0 0
1 0 1 0 0 0 0 0 0 4 0 0 0 0 0 0 0 0 2 0 2 0 0 1 0 0 0 4 3 0 0 0 0 0 0 0 0 0 0 0 0 0 1 0 0 0 0 0 6 2 0 0 0 1 1 1 0 0 0 0 0 0 0 4 0 0 0 0 0 1 0 0 0 0 0
1 1 1 0 0 0 0 0 0 0 1 0 0 0 0 0 0 0 0 0 0 0 0 0 0 0 0 0 0 0 0 0 0 0 0 0 1 1 0 0 0 0 0 0 0 0 0 0 0 0 0 0 0 1 0 0 0 0 0 0 0 1 0 0 0 0 0 0 0 0 0 0 0 0 0
3 0 3 0 0 0 0 0 0 4 1 0 0 0 0 0 0 0 2 1 1 0 0 1 0 0 0 1 2 0 0 1 1 0 0 1 2 0 0 0 0 0 1 0 1 0 0 2 11 1 0 0 0 0 1 6 0 0 0 1 0 0 0 11 0 1 1 1 0 1 0 0 0 0 0
1 0 0 0 0 0 0 0 0 0 0 0 0 0 0 0 0 0 0 0 0 0 0 0 0 0 0 0 0 0 0 0 0 0 0 0 0 0 0 0 0 0 0 0 0 0 0 0 0 0 0 0 0 0 0 0 0 0 0 0 0 0 0 3 0 0 0 0 0 0 0 0 0 0 0
2 0 1 0 0 0 0 0 0 18 0 0 1 0 0 0 0 0 2 0 2 0 0 0 0 0 2 11 2 0 0 0 0 0 0 0 1 1 0 0 0 0 0 0 1 0 0 1 12 2 0 0 0 0 0 12 0 0 0 0 0 0 0 25 0 1 0 5 0 1 0 2 3 0 0
0 0 1 0 0 0 0 0 0 3 1 0 0 0 0 0 0 0 1 0 1 0 0 0 0 0 0 4 1 0 0 0 0 0 0 0 1 0 0 0 0 0 1 0 0 0 0 0 1 2 0 0 0 0 1 0 0 0 0 0 1 0 0 4 0 0 0 0 0 1 0 0 0 0 0
0 0 1 0 0 0 0 0 0 0 1 0 0 0 0 0 0 1 1 0 0 0 0 1 0 1 0 1 1 0 0 1 1 0 0 0 1 1 0 0 0 0 1 0 0 0 0 0 3 1 0 0 0 0 0 2 0 0 0 0 1 1 0 0 0 0 0 0 0 1 0 0 3 0 0
1 0 1 0 0 0 0 0 0 1 0 0 0 0 0 0 0 0 3 0 1 0 0 0 0 0 0 1 0 0 0 0 0 0 0 0 1 0 0 0 0 0 0 0 0 0 0 0 1 2 0 0 0 1 1 2 0 0 0 0 0 0 0 3 0 0 0 0 0 0 0 0 1 0 0
1 1 1 0 0 0 0 0 0 0 1 0 0 0 0 0 0 0 1 0 0 0 0 1 0 0 0 3 1 0 0 0 0 0 0 0 1 1 0 0 0 0 0 0 0 0 0 0 3 2 0 0 0 1 1 2 0 0 0 0 1 1 0 0 0 0 0 0 0 0 0 0 0 0 0
0 0 1 0 0 0 0 0 0 2 1 0 0 0 0 0 0 0 1 0 0 0 0 1 0 0 0 5 0 0 0 0 0 0 0 0 1 0 0 0 0 0 0 0 0 0 0 0 1 0 0 0 0 0 0 1 0 0 0 0 1 1 0 1 0 0 0 0 0 0 0 0 0 0 0
1 1 1 0 0 0 0 0 0 1 1 0 0 0 0 0 0 0 0 0 0 0 0 0 0 0 0 0 2 0 0 0 0 0 0 0 1 0 0 0 0 0 0 0 0 0 0 0 0 2 0 0 0 0 1 0 0 0 0 0 0 0 0 2 0 0 0 0 0 1 0 0 0 0 0
2 0 0 0 0 0 0 0 0 0 0 0 0 0 0 0 0 0 0 0 0 0 0 0 0 0 0 0 0 0 0 0 0 0 0 0 0 0 0 0 0 0 0 0 0 0 0 0 0 1 0 0 0 0 0 1 0 0 0 0 0 0 0 0 0 0 0 0 0 0 0 0 0 0 0
1 0 0 0 6 3 0 5 2 3 0 0 0 0 0 0 2 1 1 0 0 0 1 1 0 1 0 0 0 0 0 0 0 2 0 1 1 0 1 0 2 1 0 0 0 0 0 1 2 0 1 1 0 0 0 0 1 0 0 0 0 0 0 17 2 0 0 5 1 0 0 0 0 0 0
1 1 0 0 0 0 0 0 0 0 0 0 0 0 0 0 0 0 1 1 1 0 0 1 0 0 0 1 2 0 0 0 0 0 0 0 0 0 0 0 0 0 1 0 0 0 0 0 1 2 0 0 0 1 0 0 0 0 0 0 1 2 0 0 0 0 0 0 0 1 0 0 0 0 0
0 0 0 0 0 0 0 0 0 1 0 0 0 0 0 0 0 0 1 0 0 0 0 1 0 0 0 1 0 0 0 0 0 0 0 0 0 0 0 0 0 0 0 0 0 0 0 0 0 1 0 0 0 0 1 0 0 0 0 0 1 0 0 2 0 0 0 0 0 1 0 0 0 0 0
0 0 1 0 0 0 0 0 0 0 0 0 0 0 0 0 0 0 1 0 1 0 0 0 0 0 0 0 0 0 0 0 0 0 0 0 1 0 0 0 0 0 0 0 0 0 0 0 0 1 0 0 0 0 1 0 0 0 0 0 0 0 0 2 0 0 0 0 0 1 0 0 0 0 0
0 0 1 0 0 0 0 0 0 1 1 0 0 0 0 0 0 0 2 0 0 0 0 2 0 0 0 3 0 0 0 0 0 0 0 0 0 0 0 0 0 0 0 0 0 0 0 0 0 0 0 0 0 0 1 0 0 0 0 0 2 1 0 2 0 0 0 0 0 0 0 0 0 0 0
0 0 1 0 0 0 0 0 0 1 0 0 0 0 0 0 0 0 2 0 0 0 0 1 0 0 0 2 0 0 0 0 0 0 0 0 0 0 0 0 0 0 0 0 0 0 0 0 0 0 0 0 0 0 1 0 0 0 0 0 1 0 0 2 0 0 0 0 0 0 0 0 0 0 0
2 0 1 0 0 0 0 0 0 11 0 0 0 0 0 0 0 0 2 0 0 0 0 0 0 0 0 0 1 0 0 0 0 0 0 0 1 0 0 0 0 0 0 0 0 0 0 0 5 3 0 0 0 2 0 1 0 0 0 1 0 0 0 14 0 0 0 0 0 1 0 0 0 0 0
1 0 1 0 0 0 0 0 0 1 0 0 0 0 0 0 0 0 2 0 1 0 0 2 0 0 0 4 2 0 0 0 0 0 0 0 0 0 0 0 0 0 0 0 0 0 0 0 6 1 0 0 1 0 1 0 0 0 0 0 0 1 0 4 0 0 0 0 0 0 0 0 0 0 0
2 2 0 0 0 0 0 0 0 4 0 0 0 2 0 0 0 0 2 1 1 0 0 2 0 0 2 3 2 0 0 0 0 0 0 1 0 0 0 0 0 0 1 0 1 0 0 1 11 2 0 0 0 0 0 2 0 0 0 0 2 1 0 6 0 0 0 2 0 1 0 0 3 0 0
1 1 1 0 0 0 0 0 0 3 1 0 0 0 0 0 0 0 1 0 1 0 0 1 0 0 0 3 1 0 0 0 0 0 0 0 1 1 0 0 0 0 1 0 0 0 0 0 4 1 0 0 0 2 0 0 0 0 0 0 1 0 0 4 0 0 0 0 0 1 0 0 1 0 0
1 0 0 0 2 0 0 2 1 0 0 0 0 0 0 0 0 1 0 0 0 0 1 0 0 1 0 0 1 0 0 0 0 0 0 0 0 0 0 0 0 1 0 1 0 0 0 0 1 0 0 0 0 1 0 1 1 0 0 0 0 0 0 4 0 0 0 0 0 0 1 0 0 0 0
0 0 1 0 0 0 0 0 0 2 1 0 0 0 0 0 0 0 2 0 0 0 0 0 0 0 0 2 0 0 0 0 0 0 0 0 0 0 0 0 0 0 0 0 0 0 0 0 0 0 0 0 0 0 1 1 0 0 0 0 2 0 0 1 0 0 0 0 0 1 0 0 0 0 0
1 0 0 1 0 7 1 6 3 7 0 0 0 0 0 0 2 1 1 1 1 0 3 1 0 0 2 11 2 0 0 0 0 1 0 0 0 1 0 0 4 0 1 0 1 1 0 1 3 2 0 3 1 0 0 12 1 1 0 1 0 0 0 17 1 1 1 3 1 0 3 0 1 0 0
0 0 0 0 1 0 0 1 0 5 0 0 0 0 0 0 0 0 1 0 0 0 0 0 0 0 0 3 0 0 0 0 0 0 0 0 0 0 0 0 0 0 0 0 0 0 0 0 1 0 0 0 0 1 0 3 0 0 0 0 0 1 0 10 0 0 1 0 0 1 0 0 1 0 0
2 0 2 0 0 0 0 0 0 2 0 0 0 0 0 0 0 0 2 0 2 0 0 0 0 0 0 4 1 0 0 0 0 0 0 0 2 1 0 0 0 0 2 0 0 0 0 0 2 1 0 0 0 1 1 1 0 0 0 0 0 0 0 5 0 0 0 0 0 1 0 0 1 0 0
2 2 1 0 0 0 0 0 0 1 1 0 0 0 0 0 0 0 0 0 2 0 0 0 0 0 2 2 4 0 0 0 0 0 0 0 0 1 0 0 0 0 1 0 1 0 0 0 7 2 0 0 0 0 0 9 0 0 0 0 0 1 0 2 0 0 0 8 0 1 0 0 0 0 0
2 2 1 0 0 0 0 0 0 2 1 0 0 0 0 0 0 0 0 0 1 0 0 1 0 0 0 3 1 0 0 0 0 0 0 0 0 0 0 0 0 0 1 0 0 0 0 0 2 2 0 0 0 2 0 1 0 0 0 0 0 1 0 2 0 0 0 0 0 1 0 0 0 0 0
1 1 1 0 0 0 0 0 0 2 1 0 0 0 0 0 0 0 2 0 1 0 0 1 0 0 0 3 1 0 0 0 0 0 0 0 1 1 0 0 0 0 1 0 0 0 0 0 4 1 0 0 0 1 0 3 0 0 0 0 2 0 0 1 0 0 0 0 0 0 0 0 1 0 0
1 1 1 0 0 0 0 0 0 2 1 0 0 0 0 0 0 0 2 0 1 0 0 0 0 0 0 3 2 0 0 0 0 0 0 0 1 0 0 0 0 0 0 0 0 0 0 0 7 2 0 0 1 1 0 3 0 0 0 0 2 0 0 4 0 0 0 0 0 0 0 0 0 0 0
2 0 1 0 7 2 0 7 2 14 0 0 0 2 0 0 1 2 1 0 1 0 3 0 0 2 0 13 0 0 0 0 0 0 2 1 1 1 1 0 1 0 1 0 0 0 2 0 7 0 1 3 0 0 0 12 0 0 0 1 0 1 0 42 0 0 0 5 1 3 0 0 0 0 0
1 0 0 0 0 0 0 0 0 2 0 0 0 0 0 0 0 0 1 0 0 0 0 0 0 0 0 0 0 0 0 0 0 0 0 0 0 1 0 0 0 0 0 0 0 0 0 0 1 0 0 0 0 0 1 0 0 0 0 0 0 0 0 7 0 0 0 0 0 0 0 0 0 0 0
1 0 1 0 0 0 0 0 0 6 0 0 1 0 0 0 0 0 3 1 2 0 0 1 0 0 2 7 1 0 0 0 0 0 0 0 1 0 0 0 2 0 1 0 0 0 0 1 3 3 0 0 0 0 0 14 0 0 0 0 1 0 0 7 2 0 0 15 0 5 0 2 4 0 0
1 1 1 0 0 0 0 0 0 4 0 0 0 0 0 0 0 0 2 0 3 0 0 2 0 0 0 4 0 0 0 0 0 0 0 0 1 1 0 0 0 0 2 0 0 0 0 0 3 1 0 0 0 1 1 0 0 0 0 0 0 0 0 4 0 0 0 0 0 0 0 0 0 0 0
2 0 1 0 1 0 0 1 1 2 0 0 0 0 0 0 0 1 1 0 0 0 1 0 0 1 1 3 2 0 0 0 0 1 0 0 1 0 0 0 0 1 0 0 0 0 0 0 0 2 0 0 0 0 0 3 1 0 0 0 0 0 0 6 2 0 0 4 0 0 0 0 2 0 0
2 0 1 0 0 0 0 0 0 5 0 0 0 0 0 0 0 0 2 0 0 0 0 1 0 0 0 3 0 0 0 0 0 0 0 0 1 0 0 0 0 0 0 0 0 0 0 0 0 1 0 0 0 2 1 4 0 0 0 0 0 0 0 0 0 0 0 0 0 1 0 0 0 0 0
2 1 1 0 0 0 0 0 0 2 0 0 0 0 0 0 0 0 1 0 0 0 0 0 0 0 0 0 1 0 0 0 0 0 0 0 0 0 0 0 0 0 1 0 0 0 0 0 0 2 0 0 0 1 1 1 0 0 0 0 1 1 0 3 0 0 0 0 0 2 0 0 2 0 0
2 2 0 0 0 0 0 0 0 1 0 0 0 0 0 0 0 0 0 0 0 0 0 0 0 0 0 0 1 0 0 0 0 0 0 0 0 0 0 0 0 0 0 0 0 0 0 0 4 0 0 0 0 2 0 0 0 0 0 0 0 0 0 5 0 0 0 0 0 0 0 0 1 0 0
2 1 0 2 4 4 0 7 3 10 0 0 0 0 0 0 0 1 3 2 2 1 1 1 0 0 0 6 4 0 0 0 0 3 1 0 0 1 1 1 0 1 3 1 0 0 2 1 12 3 2 0 0 0 0 0 1 1 2 1 0 0 1 8 1 1 1 1 1 1 1 1 0 0 0
1 0 0 0 5 1 1 5 6 6 0 1 0 0 0 0 0 1 1 0 0 1 2 2 0 1 0 5 1 0 0 0 0 0 1 2 0 0 0 0 0 0 0 1 1 0 2 2 1 3 0 0 0 0 0 2 0 2 0 2 0 0 0 8 0 1 0 0 0 1 1 0 3 0 0
1 0 1 0 0 0 0 0 0 9 0 0 0 0 0 0 0 0 1 0 2 0 0 0 0 0 0 8 0 0 0 0 0 0 0 0 1 3 0 0 0 0 0 0 1 0 0 0 0 0 0 0 1 0 0 7 0 0 0 0 1 0 0 18 0 0 0 2 0 2 0 1 3 0 0
1 0 0 0 0 0 0 1 0 1 0 0 0 0 0 0 0 1 1 0 0 0 2 1 0 1 0 3 0 0 0 0 0 0 0 1 1 0 0 0 1 0 0 0 0 0 0 1 3 0 1 0 0 0 0 1 0 0 0 0 0 0 0 3 0 0 0 1 0 0 0 0 0 0 0
1 1 1 0 0 0 0 0 0 8 1 0 0 0 0 0 0 0 1 0 1 0 0 0 0 0 0 5 2 0 0 0 0 0 0 0 1 1 0 0 0 0 1 0 0 0 0 1 2 3 0 0 0 1 1 2 0 0 0 0 1 1 0 13 0 0 0 0 0 1 0 0 4 0 0
1 1 1 0 0 0 0 0 0 3 1 0 0 0 0 0 0 0 0 0 1 0 0 0 0 0 0 5 2 0 0 0 0 0 0 0 1 0 0 0 0 0 1 0 0 0 0 0 4 1 0 0 0 1 1 2 0 0 0 0 0 0 0 3 0 0 0 0 0 1 0 0 0 0 0
2 2 1 0 0 0 0 0 0 4 1 0 0 0 0 0 0 0 2 0 0 0 0 1 0 0 0 3 2 0 0 0 0 0 0 0 1 0 0 0 0 0 0 0 0 0 0 1 4 1 0 0 0 1 0 7 0 0 0 0 2 2 0 8 0 0 0 3 0 1 0 0 1 0 0
1 0 0 0 0 0 0 0 0 0 0 0 0 0 0 0 0 0 0 0 0 0 0 0 0 0 0 0 0 0 0 0 0 0 0 0 0 0 0 0 0 0 0 0 0 0 0 0 0 0 0 0 0 0 0 0 0 0 0 0 0 0 0 0 0 0 0 0 0 0 0 0 0 0 0
1 1 0 0 0 0 0 0 0 1 0 0 0 0 0 0 0 0 0 0 1 0 0 1 0 0 0 0 2 0 0 0 0 0 0 0 0 0 0 0 0 0 1 0 0 0 0 0 2 1 0 0 0 1 1 0 0 0 0 0 0 1 0 2 0 0 0 0 0 1 0 0 0 0 0
1 0 0 1 6 0 0 2 0 2 0 0 0 0 0 0 0 1 3 0 0 0 1 0 0 0 0 1 1 0 0 0 0 0 0 0 0 0 0 0 0 0 1 0 0 0 0 0 2 1 1 0 0 0 0 2 1 0 0 0 0 0 1 11 0 0 0 4 1 0 0 0 0 0 0
2 1 1 0 0 0 0 0 0 5 0 0 0 1 0 0 0 0 2 1 2 0 0 0 0 0 1 6 4 0 0 0 0 0 0 1 1 2 0 0 0 0 1 0 2 0 0 1 16 3 0 0 2 1 0 9 0 0 0 1 0 0 0 10 0 0 0 0 0 4 0 0 1 0 0
1 0 0 0 0 0 0 0 0 9 0 0 0 0 0 0 0 0 2 0 1 0 0 0 0 0 0 6 1 0 0 0 0 0 0 0 0 0 0 0 0 0 0 0 0 0 0 0 4 1 0 0 1 0 0 4 0 0 0 0 0 0 0 8 0 0 0 0 0 1 0 0 0 0 0
2 2 1 0 0 0 0 0 0 6 1 0 0 0 0 0 0 0 1 1 2 0 0 2 0 0 1 7 3 0 0 0 0 0 0 2 1 1 0 0 0 0 1 0 1 0 0 0 8 3 0 0 0 1 0 0 0 0 0 0 1 0 0 8 0 1 0 0 0 1 0 0 0 0 0
3 3 1 0 0 0 0 0 0 13 1 0 0 0 0 0 0 0 1 0 1 0 0 0 0 0 1 7 0 0 0 0 0 0 0 0 1 3 0 0 0 0 0 0 0 0 0 0 10 1 0 0 0 1 1 9 0 0 0 0 1 2 0 12 0 0 0 0 0 0 0 0 0 0 0
1 1 0 0 0 0 0 0 0 5 0 0 0 0 0 0 0 0 2 0 1 0 0 1 0 0 0 4 1 0 0 0 0 0 0 0 0 0 0 0 0 0 1 0 0 0 0 0 2 1 0 0 0 1 0 1 0 0 0 0 2 2 0 8 0 0 0 0 0 0 0 0 0 0 0
0 0 0 0 0 0 0 0 0 0 0 0 0 0 0 0 0 0 0 0 0 0 0 0 0 0 0 0 0 0 0 0 0 0 0 0 0 0 0 0 0 0 0 0 0 0 0 0 0 0 0 0 0 0 0 0 0 0 0 0 0 0 0 0 0 0 0 0 0 0 0 0 0 0 0
3 2 2 0 0 0 0 0 0 0 1 0 0 0 0 0 0 0 3 0 2 0 0 2 0 0 0 1 1 0 0 0 0 0 0 0 1 0 0 0 0 0 1 0 0 0 0 0 1 0 0 0 1 0 0 1 0 0 0 0 0 0 0 5 0 0 0 0 0 1 0 0 0 0 0
1 1 1 0 0 0 0 0 0 0 0 0 0 0 0 0 0 0 1 0 0 0 0 0 0 0 0 1 1 0 0 1 1 0 0 0 1 0 0 0 0 0 0 0 0 0 0 1 1 0 1 0 0 1 0 1 0 0 0 0 0 0 0 2 0 0 0 0 0 0 0 0 0 0 0
2 2 1 0 0 0 0 0 0 7 1 0 0 0 0 0 0 0 2 0 1 0 0 0 0 0 1 3 5 0 0 0 0 0 0 0 0 1 0 0 0 0 0 0 0 0 0 0 10 0 0 0 0 2 0 7 0 0 0 0 2 1 0 10 0 1 0 1 0 1 0 0 0 0 0
1 1 1 0 0 0 0 0 0 1 1 0 0 0 0 0 0 0 0 0 1 0 0 1 0 0 0 0 1 0 0 0 0 0 0 0 1 0 0 0 0 0 1 0 0 0 0 0 0 1 0 0 0 1 0 1 0 0 0 0 0 1 0 1 0 0 0 0 0 1 0 0 0 0 0
0 0 1 0 0 0 0 0 0 1 1 0 0 0 0 0 0 0 0 0 1 0 0 0 0 0 0 0 1 0 0 0 0 0 0 0 1 1 0 0 0 0 1 0 0 0 0 0 0 2 0 0 0 0 0 0 0 0 0 0 0 0 0 2 0 0 0 0 0 1 0 0 0 0 0
1 0 0 0 0 4 1 0 0 8 0 1 1 0 0 0 1 0 1 0 1 1 1 0 0 0 1 4 1 0 0 0 0 0 1 1 0 1 1 1 1 1 0 1 0 0 0 0 14 1 1 2 1 0 0 3 1 0 0 0 0 0 0 13 0 0 0 0 1 0 1 0 3 0 0
4 1 2 0 0 0 0 0 0 4 1 0 0 3 0 0 0 0 3 1 2 0 0 1 0 0 4 9 6 0 0 0 0 0 0 0 2 0 0 0 2 0 2 0 0 0 0 0 18 2 0 0 1 0 0 7 0 0 0 0 0 0 0 12 4 0 0 11 0 0 0 0 1 0 0
2 2 1 0 0 0 0 0 0 6 1 0 0 0 0 0 0 0 2 0 0 0 0 1 0 0 0 4 1 0 0 0 0 0 0 0 0 0 0 0 0 0 0 0 0 0 0 0 4 0 0 0 0 2 1 1 0 0 0 0 2 1 0 5 0 0 0 0 0 1 0 0 1 0 0
1 1 0 0 0 0 0 0 0 0 0 0 0 0 0 0 0 0 0 0 0 0 0 0 0 0 0 1 0 0 0 0 0 0 0 0 0 0 0 0 0 0 0 0 0 0 0 0 0 0 0 0 0 1 0 0 0 0 0 0 0 0 0 0 0 0 0 0 0 0 0 0 0 0 0
2 0 0 0 0 0 0 0 0 3 0 0 0 0 1 1 0 0 1 1 0 0 0 1 0 0 0 4 0 0 0 0 0 0 1 0 0 1 0 0 0 0 0 0 0 0 0 2 4 0 0 0 0 0 0 7 0 0 0 1 1 0 0 3 0 1 1 3 0 0 0 0 2 0 0
2 2 0 0 0 0 0 0 0 2 0 0 0 1 0 0 0 0 0 0 1 0 0 1 0 0 0 1 2 0 0 0 0 0 0 0 1 1 0 0 0 0 1 0 0 0 0 0 2 2 0 0 0 2 0 3 0 0 0 0 0 1 0 2 0 0 0 0 0 0 0 0 0 0 0
0 0 0 0 9 5 1 7 2 0 0 0 0 0 0 0 4 1 0 0 0 1 4 0 0 0 0 0 0 0 0 1 1 2 2 0 0 0 0 0 4 0 0 2 0 0 0 0 0 0 0 3 0 0 0 0 1 0 0 0 0 0 1 11 2 0 0 9 1 0 1 2 0 1 0
1 0 1 0 0 2 0 2 1 7 0 0 0 0 0 0 1 1 1 0 1 1 1 1 0 0 0 0 1 0 0 0 0 0 1 1 1 0 0 0 1 0 1 0 0 0 0 0 2 0 1 0 0 0 0 2 1 1 0 0 0 0 0 13 0 0 0 0 1 0 0 0 1 0 0
0 0 0 0 6 3 0 3 4 0 0 0 0 1 0 0 2 0 0 0 0 0 7 0 0 0 0 0 0 0 0 1 1 4 1 0 0 0 1 0 2 1 0 0 0 0 1 0 0 0 0 0 0 0 0 0 1 5 0 0 0 0 1 5 4 0 0 6 1 0 0 0 0 0 0
0 0 0 0 0 1 0 1 1 0 0 0 0 0 0 0 0 0 0 0 0 0 1 0 0 0 0 0 1 0 0 1 1 0 0 0 0 0 0 0 0 0 0 0 0 0 0 0 0 0 0 0 0 0 1 0 0 0 0 0 0 0 0 1 0 0 0 0 0 1 0 0 0 0 0
0 0 0 2 1 0 1 5 5 9 0 1 0 0 0 0 0 1 1 1 0 0 0 1 0 1 0 3 1 0 0 0 0 0 0 1 0 0 1 1 0 1 1 0 0 0 0 1 10 3 1 0 1 0 0 3 1 2 0 1 0 0 1 15 0 0 1 0 1 0 0 0 0 0 0
0 0 1 0 0 0 0 0 0 0 0 0 0 0 0 0 0 0 1 0 1 0 0 1 0 0 0 2 1 0 0 0 0 0 0 0 1 0 0 0 0 0 1 0 0 0 0 0 0 1 0 0 0 0 0 1 0 0 0 0 0 0 0 0 0 0 0 0 0 1 0 0 0 0 0
1 1 1 0 0 0 0 0 0 2 1 0 0 0 0 0 0 0 1 0 0 0 0 0 0 0 0 5 0 0 0 0 0 0 0 0 1 0 0 0 0 0 0 0 0 0 0 0 1 0 0 0 0 0 0 0 0 0 0 0 1 0 0 3 0 0 0 0 0 0 0 0 0 0 0
0 0 0 0 0 0 0 0 0 0 0 0 0 0 0 0 0 0 0 0 1 0 0 0 0 0 0 0 1 0 0 0 0 0 0 0 0 0 0 0 0 0 1 0 0 0 0 0 0 2 0 0 0 0 1 0 0 0 0 0 0 0 0 0 0 0 0 0 0 1 0 0 0 0 0
1 0 0 1 0 1 0 0 0 2 0 0 0 0 0 0 0 1 0 0 0 0 0 1 0 1 0 0 0 0 0 0 0 0 0 0 0 1 0 0 0 0 0 1 1 0 1 0 2 0 1 0 0 0 0 0 0 0 0 0 0 0 1 4 0 1 0 0 0 0 0 0 0 0 0
1 1 0 0 6 1 0 5 5 1 0 0 0 0 0 0 0 1 1 1 0 1 1 1 0 0 0 2 1 0 0 0 0 1 1 0 0 0 0 0 0 0 1 2 0 0 1 0 4 0 1 0 0 0 0 0 0 1 0 2 0 0 0 5 0 1 1 2 0 2 0 0 0 0 0
1 1 0 0 0 0 0 0 0 0 0 0 0 0 0 0 0 0 0 0 0 0 0 2 0 0 0 0 0 0 0 0 0 0 0 0 0 0 0 0 0 0 0 0 0 0 0 0 0 0 0 0 0 1 0 0 0 0 0 0 0 1 0 0 0 0 0 0 0 0 0 0 0 0 0
1 0 1 0 0 0 0 0 0 1 0 0 0 0 0 0 0 0 2 0 0 0 0 1 0 0 0 2 0 0 0 0 0 0 0 0 1 0 0 0 0 0 0 0 0 0 0 0 2 1 0 0 0 0 1 0 0 0 0 0 0 1 0 2 0 0 0 0 0 1 0 0 0 0 0
1 1 4 0 0 0 0 0 0 11 3 0 0 0 0 0 0 0 1 0 0 0 0 0 0 0 1 3 0 0 0 0 0 0 0 0 3 2 0 0 1 0 0 0 1 0 0 0 8 1 0 0 0 1 3 6 0 0 0 0 0 1 0 11 0 0 0 1 0 0 0 0 0 0 0
0 0 0 0 0 0 0 0 0 0 0 0 0 0 0 0 0 0 0 0 0 0 0 0 0 0 0 0 0 0 0 0 0 0 0 0 0 0 0 0 0 0 0 0 0 0 0 0 0 0 0 0 0 0 0 0 0 0 0 0 0 0 0 0 0 0 0 0 0 0 0 0 0 0 0
1 1 0 0 0 0 0 0 0 7 0 0 0 1 0 0 0 0 2 2 1 0 0 0 0 0 0 7 4 0 0 0 0 0 0 0 1 1 0 0 0 0 1 0 0 0 0 0 7 3 0 0 0 2 0 8 0 0 0 1 2 0 0 14 1 0 0 0 0 2 0 0 3 0 0
3 2 1 0 0 0 0 0 0 10 0 0 0 0 0 0 0 1 2 0 2 0 0 1 0 0 0 6 5 0 0 0 0 0 0 0 1 0 0 0 0 0 2 0 0 0 0 0 7 5 0 0 0 1 0 7 0 0 0 0 1 0 0 8 0 1 0 0 2 5 0 0 11 0 0
0 0 0 0 0 0 0 0 0 0 0 0 0 0 0 0 0 0 0 0 0 0 0 0 0 0 0 0 0 0 0 0 0 0 0 0 0 0 0 0 0 0 0 0 0 0 0 0 0 0 0 0 0 0 0 0 0 0 0 0 0 1 0 0 0 0 0 0 0 0 0 0 0 0 0
1 1 1 0 0 0 0 0 0 0 1 0 0 0 0 0 0 0 2 0 1 0 0 1 0 0 0 0 1 0 0 0 0 0 0 0 0 0 0 0 0 0 1 0 0 0 0 0 0 0 0 0 0 1 0 0 0 0 0 0 2 1 0 0 0 0 0 0 0 0 0 0 0 0 0
0 0 1 0 0 0 0 0 0 1 1 0 0 0 0 0 0 0 0 1 1 0 0 0 0 0 0 0 0 0 0 0 0 0 0 0 1 0 0 0 0 0 0 0 0 0 0 0 2 0 0 0 1 0 0 1 0 0 0 1 0 1 0 2 0 0 0 0 0 0 0 0 1 0 0
1 1 1 0 0 0 0 0 0 1 1 0 0 0 0 0 0 0 2 0 0 0 0 1 0 0 0 4 1 0 0 0 0 0 0 0 1 0 0 0 0 0 0 0 0 0 0 0 1 0 0 0 0 1 1 3 0 0 0 0 2 0 0 1 0 0 0 0 0 1 0 0 1 0 0
3 1 3 0 0 0 0 0 0 6 1 0 0 0 1 1 0 0 1 0 1 0 0 0 0 0 0 3 2 0 0 0 0 0 0 0 1 0 0 0 0 0 2 0 0 0 0 0 5 2 0 0 0 1 1 1 0 0 0 2 0 0 0 1 0 0 0 0 0 1 0 0 5 0 0
1 0 1 1 1 1 0 2 3 4 0 0 0 0 0 0 0 1 1 0 0 1 2 1 0 1 0 1 1 0 0 0 0 0 1 0 2 0 0 0 0 0 0 0 0 0 0 0 2 0 1 0 0 0 0 1 0 1 0 0 0 0 0 6 0 0 0 0 0 0 1 0 3 0 0
0 0 1 0 0 0 0 0 0 0 1 0 0 0 0 0 0 0 0 0 0 0 0 1 0 0 0 0 0 0 0 0 0 0 0 0 0 0 0 0 0 0 0 0 0 0 0 0 0 0 0 0 0 0 0 0 0 0 0 0 0 0 0 0 0 0 0 0 0 0 0 0 0 0 0
4 3 1 0 0 0 0 0 0 2 0 0 0 0 0 0 0 0 0 0 1 0 0 0 0 0 0 4 6 0 0 0 0 0 0 0 1 1 0 0 0 0 3 0 0 0 0 0 5 2 0 0 0 0 0 2 0 0 0 0 0 1 0 6 0 0 0 2 0 2 0 0 0 0 0
2 2 1 0 0 0 0 0 0 1 1 0 0 0 0 0 0 0 0 0 1 0 0 0 0 0 0 3 2 0 0 0 0 0 0 0 1 1 0 0 0 0 1 0 0 0 0 0 1 2 0 0 0 1 0 0 0 0 0 0 0 0 0 2 0 0 0 0 0 1 0 0 0 0 0
7 2 0 0 3 0 1 7 7 5 0 1 1 0 0 0 3 0 5 0 1 1 1 1 0 0 0 1 6 0 0 0 0 3 1 1 1 2 0 0 3 0 0 0 0 0 0 1 6 4 0 3 0 0 0 1 0 1 0 1 0 2 0 13 3 0 0 1 0 2 0 0 0 0 0
3 0 0 0 0 0 0 0 0 7 0 0 1 0 0 0 0 0 2 0 0 0 0 0 0 0 1 1 0 0 0 0 0 0 0 0 0 1 0 0 0 0 0 0 0 0 0 0 1 0 0 0 0 0 0 0 0 0 0 1 1 0 0 17 0 0 2 0 0 0 0 0 1 0 0
0 0 0 7 7 5 0 7 1 4 0 0 0 2 0 0 0 2 0 2 0 1 2 0 0 2 6 4 1 0 0 0 0 5 0 1 0 0 1 1 0 1 0 3 0 0 2 1 7 1 1 3 0 0 0 4 1 4 0 4 0 0 0 2 4 0 1 5 1 2 2 2 1 0 0
2 2 1 0 0 0 0 0 0 4 1 0 0 0 0 0 0 0 2 0 1 0 0 0 0 0 0 4 2 0 0 0 0 0 0 0 1 1 0 0 0 0 2 0 0 0 0 0 5 3 0 0 1 2 0 0 0 0 0 0 2 0 0 2 0 0 0 0 0 2 0 0 0 0 0
2 2 1 0 0 0 0 0 0 6 1 0 0 0 0 0 0 0 1 0 2 0 0 0 0 0 0 7 2 0 0 0 0 0 0 0 0 0 0 0 0 0 1 0 0 0 0 0 12 2 0 0 0 2 1 1 0 0 0 0 1 1 0 8 0 0 0 0 0 1 0 0 1 0 0
6 1 3 0 0 0 0 0 0 5 0 0 0 0 0 0 0 0 1 0 1 0 0 0 0 0 0 6 3 0 0 0 0 0 0 0 4 1 0 0 0 0 2 0 0 0 0 0 6 2 0 0 1 0 0 1 0 0 0 0 0 1 0 18 0 0 0 0 0 1 0 0 1 0 0
1 1 1 0 0 0 0 0 0 1 1 0 0 0 0 0 0 0 0 0 0 0 0 0 0 0 0 2 0 0 0 0 0 0 0 0 1 0 0 0 0 0 0 0 0 0 0 0 2 0 0 0 0 1 1 2 0 0 0 0 0 1 0 2 0 0 0 0 0 0 0 0 0 0 0
0 0 0 0 0 0 0 0 0 0 0 0 0 0 0 0 0 0 0 0 0 0 0 0 0 0 0 0 0 0 0 0 0 0 0 0 0 0 0 0 0 0 0 0 0 0 0 0 0 0 0 0 0 0 0 0 0 1 0 0 0 0 0 0 0 0 0 0 0 0 0 0 0 0 0
1 0 1 2 2 1 1 0 1 3 0 1 1 0 0 0 1 1 0 0 0 0 3 0 0 1 1 3 1 0 0 0 0 0 0 1 0 0 1 0 1 1 0 1 0 0 0 1 1 0 1 2 0 0 0 1 1 3 0 1 0 1 1 3 0 1 0 1 1 1 0 1 0 0 0
1 0 1 0 2 0 0 1 0 11 0 0 0 0 0 0 0 1 2 0 1 0 0 0 0 1 0 6 2 0 0 0 0 0 1 1 1 0 0 0 0 0 0 0 0 0 0 1 2 1 1 0 0 0 2 9 0 0 0 0 0 0 0 12 0 0 0 1 0 2 0 0 0 0 0
1 0 1 0 0 0 0 0 0 6 0 0 0 0 0 0 0 0 1 0 1 0 0 2 0 0 0 0 0 0 0 0 0 0 0 0 1 0 0 0 0 0 1 0 0 0 0 0 4 1 0 0 0 0 0 2 0 0 0 0 0 0 0 8 0 0 0 0 0 2 0 0 0 0 0
2 0 1 0 0 0 0 0 0 1 1 0 0 0 1 1 0 0 0 0 0 0 0 0 0 0 0 1 0 0 0 0 0 0 0 0 1 0 0 0 0 0 0 0 0 0 0 0 1 0 0 0 0 2 0 2 0 0 0 0 0 0 0 2 0 0 0 0 0 0 0 0 0 0 0
0 0 0 0 0 0 0 0 0 0 0 0 0 0 0 0 0 0 0 0 1 0 0 0 0 0 0 0 1 0 0 0 0 0 0 0 0 0 0 0 0 0 1 0 0 0 0 0 0 2 0 0 0 0 0 0 0 0 0 0 0 0 0 0 0 0 0 0 0 2 0 0 0 0 0
2 2 0 0 0 0 0 0 0 2 0 0 0 0 0 0 0 0 1 0 1 0 0 1 0 0 0 0 3 0 0 0 0 0 0 0 1 1 0 0 0 0 0 0 0 0 0 0 3 2 0 0 0 2 0 0 0 0 0 0 1 1 0 3 0 0 0 0 0 1 0 0 0 0 0
0 0 1 0 0 0 0 0 0 9 0 0 0 0 0 0 0 0 0 0 1 0 0 0 0 0 0 6 0 0 0 0 0 0 0 0 1 0 0 0 0 0 0 0 0 0 0 0 2 0 0 0 0 0 0 3 0 0 0 0 0 1 0 12 0 0 0 0 0 1 0 0 0 0 0