2
3
4
5
7
8
9
10
12
13
15
16
19
20
22
23
25
26
27
29
39
40
41
44
48
49
51
52
53
59
60
61
62
65
68
69
70
71
75
78
80
81
82
84
85
87
88
90
91
92
93
96
100
101
103
105
106
107
109
110
111
114
116
117
118
121
122
123
127
129
130
135
137
138
139
140
141
146
148
149
151
153
159
160
161
166
167
168
170
171
172
174
175
176
181
182
186
189
190
192
193
195
196
200
201
203
205
206
210
213
217
220
221
224
226
227
230
231
233
234