1 1 3 0 0 0 2 2 1 0 4 7 8 0 2 1 1 1 0 0 1 0 5 6 2 1 0 0 0 0 0 0 1 1 0 1 1 0 0 0 1 1 0 0 0 0 3 1 0 0
1 0 0 0 0 0 0 0 0 0 0 0 0 1 0 0 0 0 0 0 1 0 0 0 0 1 0 1 1 0 0 0 0 0 0 1 0 1 0 0 0 1 1 0 0 0 0 0 0 0
1 0 3 0 0 0 0 3 2 0 0 4 1 1 0 1 1 0 0 0 1 0 4 1 2 1 0 1 1 0 0 0 1 2 0 1 0 1 0 0 0 1 1 0 0 0 2 0 1 3
0 1 1 0 0 0 1 0 1 0 0 0 0 0 2 2 0 0 1 0 0 0 0 0 0 0 0 0 0 0 0 0 1 0 0 0 0 0 0 0 0 0 0 1 0 1 0 0 0 0
0 1 0 1 1 1 1 0 0 0 0 0 0 0 1 1 0 2 0 1 0 1 0 0 0 0 0 0 0 0 0 0 0 0 0 0 0 0 0 0 1 0 0 0 0 2 0 0 1 1
0 0 0 0 0 0 0 0 0 0 0 0 0 0 0 0 0 1 0 0 0 0 0 0 0 0 0 0 0 0 0 0 0 0 0 0 0 0 0 0 0 0 0 0 0 1 0 0 0 0
0 0 1 1 0 0 2 1 2 0 2 2 3 1 3 2 0 0 0 0 1 0 2 3 0 1 0 1 0 0 0 0 1 0 0 1 1 0 0 0 0 1 0 0 0 0 1 1 0 2
1 0 0 0 0 0 1 0 1 1 3 0 3 1 0 0 2 0 0 0 1 0 0 1 0 1 0 0 0 0 1 0 1 3 0 0 1 1 0 0 0 1 0 0 0 1 0 1 1 3
0 0 0 1 0 0 1 0 0 0 0 0 0 0 2 0 0 0 0 1 0 0 0 0 0 0 0 0 0 0 0 0 0 0 0 0 0 0 0 0 1 0 0 0 4 1 0 0 1 10
0 0 0 0 0 0 0 0 0 0 0 0 0 0 0 0 1 0 1 0 0 0 0 0 0 0 0 0 0 0 1 0 0 0 0 0 0 0 2 0 1 0 0 0 0 0 0 1 0 0
0 0 0 0 0 0 0 0 0 0 0 0 0 0 0 0 1 0 0 0 0 0 0 0 0 0 0 0 0 0 0 0 0 0 0 0 0 0 0 0 1 0 0 0 0 0 0 0 0 0
0 1 0 0 0 0 1 0 0 0 0 0 0 0 0 0 0 0 0 0 0 0 0 0 0 0 0 0 0 0 0 0 0 0 0 0 0 0 0 0 0 0 0 0 0 0 0 0 0 0
1 0 2 0 0 0 0 2 0 0 0 0 0 0 0 0 1 0 0 0 0 0 0 0 0 1 1 1 1 0 0 0 0 0 0 1 0 1 0 1 0 0 0 0 0 0 0 0 0 2
1 0 0 0 0 0 0 0 1 0 2 2 3 1 0 1 1 0 0 0 1 0 2 3 1 1 1 1 1 0 0 0 1 1 0 1 0 1 0 1 0 1 0 0 0 1 1 0 0 1
0 2 0 0 0 0 0 0 0 0 0 0 0 0 0 1 0 1 0 0 0 1 0 0 0 0 0 0 0 0 0 0 0 0 0 0 0 0 0 0 0 0 0 0 0 0 0 0 0 4
1 1 1 0 0 0 1 0 2 0 2 2 5 1 1 1 2 0 0 1 1 0 0 1 1 1 2 1 1 0 0 1 1 1 0 1 0 1 0 0 0 1 0 0 0 0 1 0 1 3
1 0 1 0 0 1 3 1 2 0 0 1 1 3 2 2 2 3 0 1 1 0 1 1 0 1 1 0 1 0 0 0 3 1 1 0 0 0 0 0 0 1 0 0 0 1 2 0 3 3
0 0 0 1 0 0 1 0 0 0 0 0 0 0 0 0 0 0 0 0 0 0 0 0 0 0 0 0 0 0 0 0 0 0 0 0 0 0 0 0 0 0 0 0 0 0 0 0 1 0
1 0 2 0 0 0 0 1 1 0 0 2 5 1 0 0 0 0 0 0 1 0 1 5 0 1 0 1 1 0 1 1 1 1 0 1 0 1 0 1 0 1 0 0 0 0 0 1 0 2
0 1 0 0 1 1 0 0 1 0 0 0 0 0 1 1 0 0 0 1 0 1 0 0 0 0 0 0 0 0 0 0 0 0 0 0 0 0 0 0 0 0 0 0 0 0 0 0 1 1
0 0 3 0 0 0 0 3 0 1 6 5 7 0 0 0 1 0 0 0 0 0 5 7 6 0 0 0 0 1 1 0 0 2 0 0 1 0 0 2 0 0 3 0 0 0 2 1 0 4
0 0 0 0 0 0 0 0 0 0 0 0 0 0 0 0 0 0 0 0 0 0 0 0 0 0 0 0 0 0 0 0 0 0 0 0 0 0 0 0 0 0 0 0 0 0 0 0 0 1
0 0 0 0 0 0 0 0 0 0 0 0 0 0 0 0 0 0 0 0 0 0 0 0 0 0 0 0 0 0 0 0 0 0 0 0 0 0 0 0 0 0 1 0 0 0 0 0 0 1
1 0 1 0 1 1 0 1 0 0 8 1 4 1 1 0 0 0 0 1 1 0 1 4 2 1 0 1 1 0 0 0 0 1 0 1 0 1 0 0 0 1 0 0 0 0 1 0 0 1
0 0 1 0 0 1 0 0 1 0 1 1 2 1 0 2 2 1 1 1 1 0 0 0 0 1 0 0 0 0 0 0 1 2 0 1 0 0 2 0 0 1 0 1 0 0 0 0 1 6
1 0 1 0 0 0 0 1 2 0 3 3 5 1 0 2 0 0 0 0 1 0 2 5 3 1 0 1 1 0 0 0 1 3 1 1 0 0 0 1 0 1 0 0 0 0 2 0 0 2
1 0 2 0 1 1 0 0 1 0 2 1 4 1 0 0 0 0 0 1 1 0 0 1 0 1 0 1 1 0 0 0 1 3 0 1 0 1 0 0 0 1 0 0 0 0 1 0 0 3
0 0 0 0 0 0 0 0 0 0 0 0 0 0 0 0 0 0 0 0 0 0 0 0 0 0 0 0 0 0 0 0 0 0 0 0 0 0 0 0 0 0 0 0 0 0 0 0 0 0
0 0 1 0 0 0 0 1 0 0 2 1 0 0 0 0 0 0 0 0 0 0 1 0 2 0 0 0 0 0 0 1 0 0 0 0 0 0 0 1 0 0 0 0 0 0 1 0 0 0
0 0 0 0 0 0 0 0 0 0 0 0 0 0 0 1 0 0 0 0 0 0 0 0 0 0 0 0 0 0 0 0 0 0 0 0 0 0 1 0 0 0 0 0 0 2 0 0 1 17
0 0 1 0 0 0 1 1 0 1 1 0 0 0 0 0 0 0 0 0 1 0 0 0 0 0 0 0 1 0 0 0 0 0 0 1 1 0 0 0 0 1 1 0 0 0 1 0 0 0
0 0 1 0 0 0 0 1 0 0 2 3 2 0 0 0 0 0 0 0 1 0 3 3 3 0 0 0 0 0 0 0 0 1 0 1 0 0 0 1 0 1 0 0 0 1 2 0 0 6
1 0 0 0 0 0 0 0 0 0 1 1 0 0 0 0 0 0 0 0 1 0 0 0 0 1 0 0 1 0 0 0 0 1 0 1 0 0 0 0 0 1 0 0 0 0 1 0 0 1
1 0 0 0 0 0 0 0 1 0 1 2 2 1 0 0 0 0 0 0 1 0 2 1 2 1 0 1 1 1 0 1 0 1 0 1 0 1 0 2 0 1 2 0 0 0 1 0 0 1
1 1 2 0 0 1 1 1 0 1 4 4 8 1 0 0 0 1 0 1 1 0 4 6 2 1 0 1 0 0 1 0 1 8 0 1 1 1 0 3 0 1 1 0 0 0 2 1 0 6
0 0 0 0 0 1 3 2 0 1 3 0 4 0 0 0 1 0 0 0 1 0 4 9 1 1 1 0 1 1 1 0 0 3 0 0 1 0 0 0 0 1 0 0 0 2 0 1 1 4
1 0 1 0 0 0 1 0 1 1 2 3 3 1 0 0 1 0 0 1 1 0 1 2 0 1 1 1 1 0 1 1 1 3 0 1 1 1 0 1 1 1 2 0 1 0 0 1 0 6
0 1 3 1 1 1 3 2 0 1 3 4 2 1 4 1 0 1 0 2 1 0 3 2 2 1 0 0 1 0 1 1 0 5 0 1 1 1 0 3 0 1 0 0 3 1 1 1 2 5
1 0 0 0 0 0 0 0 0 1 2 0 3 0 0 0 2 0 0 0 0 0 0 3 1 0 2 1 1 0 1 2 0 0 0 1 1 0 0 1 0 0 0 0 0 0 1 1 0 0
0 0 2 0 0 0 0 2 0 2 10 2 5 0 0 0 3 0 0 0 0 0 2 5 1 0 3 0 0 1 2 0 0 4 0 0 2 0 0 1 0 0 1 0 0 0 2 2 0 5
1 0 3 0 0 0 0 2 1 1 3 2 2 1 1 0 1 1 0 0 1 0 2 2 2 1 1 1 0 0 1 0 0 3 0 1 1 1 0 2 0 1 3 0 0 1 1 1 0 0
0 0 2 0 0 0 0 2 0 0 1 1 2 0 0 0 1 0 0 0 0 0 1 2 1 0 0 0 0 1 0 0 0 4 0 0 0 0 0 0 0 0 0 0 1 0 2 0 0 3
0 0 1 0 0 0 0 1 0 0 7 4 3 0 0 0 4 0 0 0 0 0 4 3 2 0 1 0 0 1 0 0 0 4 0 0 2 0 0 0 0 0 0 0 0 0 2 2 0 3
1 0 0 0 0 0 0 1 1 0 0 1 0 0 0 0 1 0 0 0 1 0 2 0 1 1 1 1 1 0 0 0 0 0 0 0 0 1 0 0 0 1 0 0 0 0 0 0 0 1
1 0 3 0 0 0 0 2 1 0 3 1 4 2 0 0 0 0 0 0 1 0 0 1 1 1 0 1 1 1 0 1 0 2 0 1 0 1 0 0 0 1 0 0 0 0 0 0 0 2
0 0 3 0 0 0 0 4 1 1 2 4 2 0 0 0 2 0 0 0 1 0 5 3 2 1 2 0 0 0 1 1 1 2 0 1 2 0 0 1 0 1 0 0 0 1 0 1 0 2
1 1 1 1 0 0 2 1 1 0 1 1 0 1 2 1 1 1 1 1 1 0 1 0 0 1 1 1 1 0 0 0 1 1 0 1 0 1 2 0 0 1 0 1 0 0 0 0 0 10
1 0 0 0 0 0 0 0 0 0 1 0 0 1 1 1 0 1 0 0 1 0 0 0 0 1 0 0 1 0 0 0 0 1 0 1 0 0 0 0 0 1 0 0 1 1 1 0 0 2
0 0 0 0 0 0 0 0 0 0 0 0 0 0 0 0 0 0 0 0 0 0 0 0 0 0 0 0 0 0 0 0 0 1 0 0 0 0 0 0 0 0 1 0 0 0 0 0 0 1
1 0 6 0 0 0 0 6 1 1 7 4 3 0 0 0 0 0 0 0 1 0 4 3 4 0 0 1 1 0 1 1 0 3 0 1 1 1 0 1 0 1 1 0 0 0 1 1 0 0
1 1 0 0 0 0 1 0 0 0 1 0 2 0 0 3 1 1 0 0 1 0 0 0 1 1 1 1 1 0 0 1 0 1 0 1 0 1 2 0 0 1 0 0 0 0 0 0 0 5
0 1 0 1 0 2 3 0 0 0 0 0 0 0 0 2 0 1 1 2 0 0 0 0 0 0 0 0 0 0 0 0 0 0 1 0 0 0 1 0 0 0 1 2 1 10 0 0 0 4
0 0 0 0 0 0 0 0 0 0 0 0 0 0 0 0 1 0 0 0 0 0 0 0 0 0 1 0 0 0 0 0 0 0 0 0 0 0 0 0 0 0 1 0 0 0 0 0 0 0
0 0 0 2 0 0 2 0 0 0 0 0 0 0 0 0 0 1 0 0 0 0 0 0 0 0 0 0 0 0 0 0 0 0 0 0 0 0 0 0 2 0 0 0 0 1 0 0 0 1
1 0 1 0 0 0 0 1 1 1 1 0 0 1 0 0 0 0 0 0 1 0 0 1 0 1 0 0 1 0 1 0 0 0 0 1 1 1 0 0 0 1 0 0 0 0 0 2 0 0
1 1 1 0 0 0 0 1 1 0 2 1 2 0 1 0 2 0 0 0 1 0 0 1 2 0 2 1 1 0 0 0 1 0 0 1 0 0 0 0 0 1 0 0 0 0 1 0 1 1
0 0 5 0 0 0 2 0 1 0 23 12 26 0 2 4 3 0 1 1 0 0 1 0 0 0 0 2 1 0 0 0 1 15 0 0 0 0 1 0 0 0 1 0 0 5 1 0 3 6
0 0 1 0 0 0 0 1 0 0 1 6 4 1 0 0 1 0 0 0 1 0 5 4 0 1 0 0 0 1 0 1 1 3 0 0 0 0 0 0 0 1 1 0 0 0 5 0 0 5
0 1 0 0 0 0 0 0 0 0 0 0 0 0 0 0 0 0 0 0 0 1 0 0 0 0 0 0 0 0 0 0 0 0 0 0 0 0 0 0 0 0 0 0 0 1 0 0 0 3
0 2 0 0 0 0 3 0 0 0 0 0 0 0 0 0 1 0 0 0 0 1 0 0 0 0 0 0 0 0 0 0 0 0 0 0 0 0 0 0 0 0 0 0 0 0 0 0 0 0
0 1 0 1 1 1 1 0 1 0 0 0 0 0 0 1 0 1 0 1 0 1 0 0 0 0 0 0 0 0 0 0 0 0 0 0 0 0 0 0 1 0 0 0 0 1 0 0 1 2
1 0 0 0 0 0 0 0 0 0 0 1 0 0 0 0 0 0 0 0 0 0 1 0 0 0 0 0 1 0 0 0 0 1 0 1 0 2 0 0 0 0 1 0 0 0 1 0 0 1
0 0 0 0 0 0 0 0 0 0 0 0 0 0 0 0 0 0 0 0 0 0 0 0 0 0 0 0 0 0 0 0 0 0 0 0 0 0 0 0 0 0 0 0 0 0 0 0 0 0
1 0 1 0 0 0 0 0 0 1 0 1 2 1 1 0 1 0 0 0 1 0 1 0 0 1 1 1 1 0 1 1 0 1 0 1 1 1 0 0 0 1 0 0 0 2 0 1 1 4
0 0 0 0 0 0 0 0 0 0 2 4 2 0 0 0 1 0 0 0 0 0 4 2 0 0 0 0 0 0 0 0 0 1 0 0 1 0 0 0 0 0 0 0 0 0 2 1 0 1
0 0 1 0 0 0 0 1 1 1 1 3 0 0 0 0 2 0 0 0 0 0 3 0 0 0 2 0 0 1 1 0 0 3 0 0 1 0 0 0 0 0 0 0 0 0 0 1 0 1
0 1 0 1 0 0 1 0 0 0 0 0 0 0 1 1 0 0 0 0 0 1 0 0 0 0 0 0 0 0 0 0 0 0 1 0 0 0 0 0 0 0 0 0 0 0 0 0 1 2
0 0 0 0 0 0 0 0 1 0 0 0 1 0 0 0 2 0 0 0 0 0 0 0 0 0 0 0 0 0 0 0 1 1 0 0 0 0 0 0 2 0 1 0 0 0 0 0 0 0
0 1 0 0 1 1 0 0 0 0 0 0 0 0 1 1 0 0 0 1 0 1 0 0 0 0 0 0 0 0 0 0 0 0 1 0 0 0 0 0 0 0 0 0 0 1 0 0 1 1
0 0 0 0 0 0 0 0 0 0 0 0 0 0 0 0 0 0 0 0 0 0 0 0 0 0 0 0 0 0 0 0 0 1 0 0 0 0 0 0 0 0 0 0 0 0 0 0 0 2
0 0 1 0 0 0 0 0 0 0 0 0 1 0 0 0 1 0 0 0 1 0 0 0 0 1 1 1 1 0 1 0 0 0 0 1 0 0 0 0 0 1 0 0 0 0 0 1 0 0
1 0 0 0 0 0 0 0 0 0 0 0 2 1 0 0 1 0 0 0 0 0 0 2 1 1 1 1 1 0 0 0 0 0 0 1 0 1 0 0 0 0 0 0 0 0 0 0 0 0
0 2 0 0 1 2 3 0 0 0 0 0 0 0 4 2 0 1 0 2 0 0 0 0 0 0 0 0 0 0 0 0 0 0 1 0 0 0 0 0 2 0 0 0 0 1 0 0 2 4
0 1 0 0 0 0 0 0 0 0 0 0 0 0 3 2 0 0 1 0 0 1 0 0 0 0 0 0 0 0 0 0 0 0 1 0 0 0 2 0 0 0 0 1 0 0 0 0 1 4
1 0 1 0 0 0 0 1 1 1 2 4 2 1 0 1 1 0 0 0 1 0 4 1 2 0 1 1 1 0 1 0 1 1 0 1 1 0 1 2 0 1 1 0 0 0 1 1 0 1
0 1 0 1 0 0 1 0 0 0 0 0 0 0 0 0 0 1 0 0 0 1 0 0 0 0 0 0 0 0 0 0 0 0 0 0 0 0 0 0 1 0 1 0 0 0 0 0 0 0
0 0 0 0 0 0 0 0 0 0 0 0 0 0 0 0 0 0 0 0 0 0 0 0 0 0 0 0 0 0 0 0 0 0 0 0 0 0 0 0 0 0 2 0 0 0 0 0 0 0
0 2 0 0 1 1 2 0 0 0 0 0 0 0 1 1 0 1 0 1 0 0 0 0 0 0 0 0 0 0 0 0 0 0 1 0 0 0 0 0 1 0 0 0 0 0 0 0 1 2
1 0 1 0 1 0 1 1 1 1 1 4 5 1 0 0 1 1 0 0 0 0 3 3 2 1 1 1 0 0 1 1 1 6 0 1 1 1 0 0 0 0 0 0 0 1 2 1 0 5
0 0 2 0 0 0 0 2 2 0 1 0 5 0 0 2 1 0 1 0 1 0 0 5 0 1 1 0 1 0 0 0 0 5 1 1 0 1 0 0 0 1 0 1 0 0 1 0 1 5
0 0 2 0 0 0 0 2 0 0 7 4 2 0 0 0 2 0 0 0 0 0 6 2 2 0 2 0 0 0 0 0 0 6 0 0 0 0 0 0 0 0 0 0 0 0 2 0 0 7
0 0 0 0 0 0 1 0 1 0 1 6 4 1 1 1 2 1 0 1 1 0 6 4 0 1 0 1 0 1 1 0 1 0 0 0 3 0 0 4 0 1 1 0 0 2 0 3 2 6
1 0 2 0 0 0 0 2 2 0 2 0 3 1 0 0 0 0 0 0 1 0 0 3 0 0 0 0 0 1 0 0 0 2 0 1 1 1 0 0 0 1 0 0 0 0 1 1 0 2
1 0 1 0 0 0 0 1 1 1 1 2 2 1 0 0 3 0 0 0 1 0 2 2 2 1 3 1 0 0 1 0 1 6 0 1 1 1 0 2 0 1 0 0 0 0 4 1 1 10
0 0 0 0 0 0 0 0 0 0 0 0 0 0 0 0 0 0 0 0 0 0 0 0 0 0 0 0 0 0 0 0 0 0 0 0 0 0 0 0 0 0 1 0 0 0 0 0 0 0
1 0 0 0 0 0 0 0 1 1 1 5 1 1 0 0 1 0 0 0 1 0 3 0 1 1 1 1 1 0 1 0 1 1 0 1 1 0 0 2 0 1 0 0 0 0 1 1 0 1
0 0 0 0 1 0 1 0 1 0 0 0 3 1 0 0 0 0 0 1 0 0 0 3 0 1 0 0 0 0 0 0 1 2 0 0 1 0 0 1 0 1 0 0 0 1 0 1 1 3
0 0 1 0 0 0 0 1 0 0 2 1 2 0 0 0 0 0 0 0 1 0 1 2 0 1 0 1 1 1 0 1 0 3 0 1 0 0 0 0 0 1 0 0 0 0 0 0 0 4
1 0 1 0 0 0 0 1 0 1 2 2 4 2 0 0 1 0 0 0 1 0 2 3 1 1 1 1 1 1 1 0 0 3 0 1 1 1 0 0 0 1 0 0 0 0 2 1 0 0
0 0 0 0 0 0 0 0 0 0 0 0 0 0 2 2 0 0 0 1 0 0 0 0 0 0 0 0 0 0 0 0 0 0 0 0 0 0 1 0 1 0 1 0 2 2 0 0 0 3
0 0 1 0 0 0 1 0 0 0 0 2 4 0 0 0 0 0 0 0 1 0 1 3 0 0 0 0 0 0 0 0 0 3 0 0 1 0 0 2 0 1 1 0 0 0 1 0 0 3
0 0 2 0 0 0 0 0 1 0 1 0 0 0 0 0 0 0 0 0 0 0 0 0 0 0 0 0 0 0 0 0 0 1 0 0 0 0 0 0 0 0 0 0 0 0 0 0 0 1
0 0 0 0 0 0 0 0 0 0 0 2 1 0 0 0 1 1 0 0 0 0 0 0 0 0 0 0 0 0 2 0 0 1 0 0 0 0 0 0 1 0 0 0 0 0 0 2 0 1
1 0 2 0 0 0 0 1 0 0 5 2 1 0 0 0 1 0 0 0 1 0 1 0 0 1 1 1 1 0 0 0 0 0 0 1 0 0 0 0 0 1 2 0 0 0 0 0 0 0
1 0 5 0 0 0 0 5 5 0 3 5 6 1 1 0 0 0 0 0 1 0 5 5 2 1 0 0 0 0 0 0 1 7 0 1 1 1 0 4 0 1 0 0 0 0 2 1 1 8
0 0 2 0 0 0 0 1 1 1 0 1 4 0 1 0 0 0 0 0 1 0 0 0 0 1 0 0 0 0 1 0 1 0 0 0 1 0 0 0 0 1 0 0 0 0 1 1 0 0
1 0 0 0 0 0 0 0 1 1 0 1 1 1 0 0 1 0 0 0 1 0 1 1 0 0 1 1 1 0 1 0 1 0 0 0 1 1 0 0 0 1 1 0 0 0 0 1 0 0
1 0 0 0 0 0 0 0 1 0 1 0 0 1 0 0 0 0 0 0 1 0 0 0 0 1 0 1 1 1 1 0 2 0 0 1 0 1 0 0 0 1 0 0 0 0 0 1 0 0
0 0 0 1 1 1 1 0 1 0 0 0 0 0 0 1 0 3 0 1 0 0 0 0 0 0 0 0 0 0 0 0 0 0 1 0 0 0 0 0 1 0 1 0 0 2 0 0 2 3
0 1 0 0 2 2 0 0 0 0 0 0 0 0 1 2 0 0 1 1 0 1 0 0 0 0 0 0 0 0 0 0 0 0 1 0 0 0 1 0 0 0 1 1 0 3 0 0 1 2
1 0 1 0 0 0 0 1 2 1 0 3 0 1 0 0 0 0 0 0 1 0 3 0 0 1 0 1 1 0 1 0 1 1 0 1 1 1 0 1 0 1 1 0 0 0 1 1 0 1
0 0 0 0 0 0 0 0 1 0 0 1 1 1 1 1 0 0 0 0 1 0 0 1 0 1 0 1 1 0 0 0 2 0 0 1 0 1 1 1 0 1 0 0 0 1 0 1 0 0
1 0 1 0 0 0 0 1 1 1 2 1 2 0 1 0 0 0 0 0 1 0 1 2 0 1 0 1 1 0 1 1 0 2 0 1 1 1 0 0 0 1 0 0 0 0 1 1 0 2
1 0 1 0 1 1 0 1 0 0 3 3 3 1 1 1 2 0 0 1 1 0 3 2 1 1 2 1 1 1 0 1 0 0 0 1 0 1 0 3 0 1 2 0 0 0 2 0 0 0
0 0 0 0 0 0 0 0 0 0 0 0 0 0 0 0 2 0 0 0 0 0 0 0 0 0 2 0 0 0 0 1 0 0 0 0 0 0 0 0 0 0 0 0 0 0 0 0 0 0
1 0 0 0 0 0 0 0 1 0 0 1 2 1 0 0 0 0 0 0 1 0 1 1 0 1 0 1 1 0 0 1 1 0 0 1 0 1 0 0 0 0 1 0 0 0 0 0 0 0
0 0 0 0 0 0 0 0 0 0 0 0 0 0 0 0 0 0 0 0 0 0 0 0 0 0 0 0 0 0 0 0 0 0 0 0 0 0 0 0 0 0 0 0 0 0 0 0 0 0
0 0 0 2 0 0 2 0 1 0 0 0 0 0 0 0 0 0 0 0 0 0 0 0 0 0 0 0 0 0 0 0 0 0 0 0 0 0 0 0 2 0 1 0 0 1 0 0 0 0
0 2 0 1 1 0 3 0 0 0 0 0 0 0 1 3 1 1 1 0 0 0 0 0 0 0 0 0 0 0 0 0 0 1 0 0 0 0 2 0 1 0 0 1 2 1 0 0 2 5
0 0 0 1 0 0 6 0 0 1 0 0 0 1 0 0 0 0 0 0 0 0 0 0 0 1 1 1 2 0 0 0 0 0 0 0 1 0 0 0 1 0 1 0 0 0 0 0 1 3
1 0 0 0 0 0 0 0 1 1 0 0 0 1 0 0 1 0 0 0 1 0 0 0 0 0 1 1 1 1 1 0 1 2 0 1 1 0 0 0 0 1 0 0 0 0 0 1 0 3
0 0 1 0 0 0 0 1 0 1 4 1 7 0 0 0 1 0 0 0 0 0 1 7 3 0 1 0 0 0 1 1 0 2 0 0 2 0 0 0 0 0 0 0 0 0 2 2 0 1
0 1 0 0 0 0 3 1 3 0 2 1 2 1 1 1 1 0 2 0 0 0 0 1 0 2 0 0 1 0 0 0 1 0 0 0 1 0 3 0 2 0 1 2 0 5 0 0 1 6
0 2 0 0 0 0 2 0 0 0 0 0 0 0 1 0 1 0 1 1 1 0 3 1 0 0 0 0 0 0 0 0 0 0 0 0 0 0 3 0 0 0 0 0 5 1 0 0 0 14
0 1 0 0 1 1 1 0 0 0 0 0 0 0 2 1 0 1 0 1 0 0 0 0 0 0 0 0 0 0 0 0 1 0 1 0 0 0 0 0 1 0 2 0 0 5 0 0 1 3
0 1 0 1 1 2 3 0 1 0 0 0 0 0 0 2 0 1 2 2 0 0 0 0 0 0 0 0 0 0 0 0 0 0 1 0 0 0 1 0 1 0 0 2 0 0 0 0 1 0
0 1 0 0 0 0 1 0 0 0 2 1 7 0 0 0 0 0 0 0 0 0 1 6 2 1 0 0 1 0 0 0 0 3 0 1 0 1 0 3 0 0 0 0 0 0 1 0 0 3
1 0 1 0 0 0 0 1 0 1 2 1 1 1 0 0 0 0 0 0 0 0 1 1 1 0 0 1 1 0 1 1 1 2 0 2 1 1 0 0 0 0 0 0 0 0 0 1 0 2
1 1 1 0 0 0 1 1 2 1 3 0 3 1 0 0 1 0 0 0 1 0 0 1 1 1 1 1 1 0 1 1 1 2 0 1 1 1 0 0 0 1 0 0 0 0 0 1 1 2
0 0 0 1 0 1 2 0 1 0 3 1 1 0 3 2 2 1 0 0 1 0 0 0 0 2 0 0 1 0 0 0 1 2 0 0 0 0 3 0 0 1 0 1 1 0 1 1 2 9
1 0 0 0 0 0 1 0 1 0 3 3 2 1 1 0 1 0 0 0 1 0 0 0 0 1 1 1 0 0 1 0 1 4 0 1 0 1 0 0 0 1 0 0 0 0 0 1 0 0
0 0 1 0 0 0 1 1 0 0 1 3 0 0 0 0 1 0 0 0 0 0 3 0 0 0 0 0 0 0 0 0 0 1 0 0 1 1 0 1 0 0 0 0 0 0 1 1 0 2
0 0 0 0 0 1 1 0 2 0 0 1 1 0 0 2 0 5 0 0 0 0 0 0 0 0 0 0 0 0 0 0 1 1 0 0 0 0 0 0 0 0 0 0 0 4 0 0 1 3
1 0 0 0 0 0 1 0 1 0 0 0 3 1 0 0 1 0 0 0 1 0 0 2 1 1 1 1 1 0 0 0 1 1 0 1 0 1 0 0 0 1 1 0 0 1 0 0 0 1
1 1 3 0 1 4 5 0 3 0 1 3 3 1 2 4 1 8 0 0 1 0 0 0 0 1 0 1 1 1 0 0 2 2 0 1 0 1 2 0 0 1 2 2 0 10 0 0 3 11
0 1 0 0 1 1 0 0 0 0 0 0 0 0 1 2 0 1 0 1 0 1 0 0 0 0 0 0 0 0 0 0 0 0 1 0 0 0 0 0 0 0 0 0 0 3 0 0 1 0
0 0 1 0 0 0 0 1 0 0 1 3 1 0 0 0 1 0 0 0 0 0 3 1 0 0 0 0 0 0 0 0 0 1 0 0 1 0 0 0 0 0 1 0 0 0 0 1 0 2
1 1 0 0 0 0 1 0 1 0 0 0 2 1 1 1 0 0 0 0 1 0 0 0 0 1 0 1 1 0 0 1 1 1 0 1 0 1 0 0 0 1 0 0 0 1 0 0 1 7
0 0 0 0 0 0 0 0 1 0 0 0 0 0 0 0 0 0 0 0 0 0 0 0 0 0 0 0 0 1 0 0 0 0 0 0 0 0 0 0 0 0 1 0 0 0 0 0 0 0
0 0 0 0 0 0 0 0 0 0 0 0 0 0 0 0 0 0 0 0 0 0 0 0 0 0 0 0 0 0 0 0 0 0 0 0 0 0 0 0 0 0 0 0 0 0 0 0 0 0
0 0 0 0 0 0 0 0 1 0 0 0 0 0 0 0 0 0 0 0 0 0 0 0 0 0 0 0 0 0 0 0 0 0 0 0 0 0 0 0 0 0 0 0 0 0 0 0 0 1
1 0 0 0 0 0 0 0 1 0 1 0 1 1 1 0 1 1 0 0 1 0 0 1 0 1 1 1 1 0 0 0 1 1 0 0 0 1 0 2 0 1 0 0 0 0 1 0 0 3
1 0 0 0 0 0 0 0 1 1 2 2 0 1 0 0 0 3 0 0 1 0 0 0 0 1 0 2 1 0 1 0 1 1 0 1 1 1 1 2 0 1 0 0 0 0 0 1 0 7
0 0 0 0 0 0 0 0 0 1 1 0 2 0 0 0 1 0 0 0 0 0 0 2 0 0 1 0 0 1 1 0 0 0 0 0 1 0 0 0 0 0 1 0 0 0 0 1 0 0
2 0 6 0 0 1 0 3 0 1 5 2 6 1 3 2 1 2 0 0 1 0 3 4 1 1 2 2 2 0 1 0 0 6 0 1 2 1 3 1 0 2 0 0 0 1 2 1 1 5
0 0 3 0 0 0 0 4 0 1 10 6 6 0 1 1 1 0 0 0 0 0 14 11 4 0 1 0 0 0 1 1 0 10 0 0 1 0 0 2 0 0 0 0 1 1 4 1 1 5
1 1 0 0 0 0 0 0 1 0 0 0 3 1 1 0 0 0 0 0 1 0 0 1 0 1 0 1 1 1 0 1 1 1 0 1 0 1 0 1 1 1 0 0 0 0 0 0 0 1
0 0 0 1 1 1 3 0 0 0 0 0 0 0 0 1 0 0 1 2 0 0 0 0 0 0 0 0 0 0 0 0 0 0 1 0 0 0 0 0 1 0 0 0 0 0 0 0 1 0
1 0 1 0 0 0 0 1 2 0 0 1 0 1 0 0 0 0 0 1 1 0 1 0 0 1 0 1 1 0 0 0 1 0 0 1 0 1 0 0 0 1 0 0 0 1 0 0 1 2
0 1 1 0 0 1 1 0 0 0 0 0 0 0 4 2 0 6 0 0 0 0 0 0 0 0 0 0 0 0 0 0 0 1 0 0 0 0 0 0 0 0 0 0 0 7 0 0 0 4
0 0 4 0 1 1 0 5 5 0 10 9 10 0 3 3 1 0 0 0 0 0 9 11 3 0 0 0 0 0 0 0 1 8 0 0 0 0 0 1 0 0 1 0 2 0 5 1 1 6
1 1 0 2 0 1 2 0 0 0 0 0 0 1 1 2 0 0 0 0 0 1 1 1 1 0 0 1 0 0 0 0 0 0 0 1 0 0 2 0 1 1 0 0 1 1 0 0 0 4
0 0 0 2 1 1 2 0 0 0 0 0 0 0 1 2 0 0 0 1 0 0 0 0 0 0 0 0 0 0 0 0 0 0 1 0 0 0 0 0 2 0 0 0 0 2 0 0 1 3
0 0 1 0 0 0 0 1 0 0 0 0 0 0 0 0 0 0 0 0 0 0 0 0 0 0 0 0 0 0 0 0 0 0 0 0 0 0 0 0 0 0 1 0 0 0 0 0 0 0
1 0 2 0 0 0 1 2 0 0 7 7 4 0 0 0 2 0 0 0 1 0 7 6 0 0 1 0 2 0 1 1 0 7 0 1 1 1 0 1 0 1 0 0 0 0 0 1 0 6
0 0 0 0 0 0 0 0 0 0 0 0 0 0 0 0 0 0 0 0 0 0 0 0 0 0 0 0 0 0 0 0 0 0 0 0 0 0 0 0 0 0 0 0 0 0 0 0 0 0
0 0 0 0 0 0 0 0 0 0 3 0 3 0 0 0 2 0 0 0 0 0 0 3 1 0 2 0 0 1 0 0 0 5 0 0 0 0 0 0 0 0 0 0 1 0 0 0 0 1
0 0 0 0 0 0 0 0 0 1 14 7 9 0 0 0 2 0 0 0 0 0 7 9 0 0 2 0 0 0 1 0 0 11 0 0 1 0 0 0 0 0 0 0 0 0 9 1 0 7
2 1 0 0 0 0 2 1 0 0 1 0 0 0 0 0 1 0 0 0 1 0 2 3 0 1 3 2 1 0 0 0 0 1 0 1 0 0 0 0 0 1 0 0 1 0 1 0 1 7
0 0 1 0 0 0 0 1 0 0 0 1 0 0 0 0 0 0 0 0 0 0 1 0 0 0 0 0 0 0 0 0 0 1 0 0 0 0 0 0 0 0 1 0 0 0 1 0 0 1
0 1 0 2 0 0 2 0 0 0 0 0 0 0 2 1 0 1 0 0 0 1 0 0 0 0 0 0 0 0 0 0 0 0 1 0 0 0 0 0 2 0 1 0 0 1 0 0 1 0
1 0 5 0 0 0 0 5 0 1 5 11 6 0 0 0 1 0 0 0 1 0 10 5 4 0 1 1 1 1 1 0 0 3 0 1 1 1 0 1 0 1 1 0 1 0 3 1 0 1
1 0 2 0 1 0 1 2 1 0 1 5 1 1 1 0 1 2 0 0 1 0 3 1 0 1 0 0 0 0 0 0 1 1 0 1 0 1 0 1 0 1 0 0 4 1 0 0 0 7
3 2 0 0 2 1 1 0 0 0 0 4 1 0 4 3 2 7 0 1 2 0 1 4 0 1 3 1 2 0 0 0 0 6 1 0 1 0 3 0 0 1 0 0 2 6 0 0 0 27
0 0 1 0 1 1 0 1 0 0 0 2 0 0 0 0 0 0 0 1 0 0 2 0 1 0 0 0 0 0 0 0 0 0 0 0 1 0 0 0 0 0 0 0 2 0 2 1 0 0
1 0 0 1 0 0 1 1 0 0 5 1 8 0 0 0 1 0 0 0 1 0 1 8 2 1 1 1 1 0 0 0 0 2 0 0 0 1 0 3 0 1 0 0 0 0 2 0 0 0
0 0 0 0 0 0 0 0 1 0 0 0 1 1 0 0 0 0 0 0 0 0 0 1 0 1 0 0 0 0 0 0 1 1 0 0 0 0 0 0 0 0 0 0 0 0 0 0 0 4
0 0 5 0 0 1 1 5 2 1 5 3 8 1 0 0 0 2 0 2 1 0 3 8 2 1 0 0 0 0 1 1 1 6 0 0 1 1 0 4 0 0 0 0 0 2 4 1 1 6
0 0 1 0 0 0 0 1 0 0 2 1 1 0 0 0 0 0 0 0 0 0 1 1 0 0 0 0 0 0 0 0 0 1 0 0 0 0 0 0 0 0 0 0 0 0 0 0 0 1
0 0 0 0 0 0 0 0 0 0 0 0 0 0 0 0 0 0 0 0 0 0 0 0 0 0 0 0 0 0 0 0 0 0 0 0 0 0 0 0 0 0 0 0 0 0 0 0 0 0
0 0 6 0 0 0 0 6 1 1 5 1 8 0 1 1 1 0 0 0 0 0 1 8 6 0 1 0 0 0 1 1 0 7 0 0 1 0 0 2 0 0 3 0 0 0 1 1 0 4
1 0 3 0 0 0 0 3 3 0 1 7 3 1 0 0 1 0 0 0 1 0 7 3 3 1 1 1 1 0 0 1 1 8 0 1 0 1 0 1 0 1 0 0 0 0 4 0 0 8
0 0 6 0 0 0 0 6 1 1 4 5 7 0 0 0 1 0 0 0 0 0 5 7 4 0 1 0 0 0 1 1 0 4 0 0 1 0 0 3 0 0 0 0 0 0 0 1 0 3
1 0 2 0 1 0 2 2 0 1 13 5 12 0 1 0 1 2 1 1 1 0 4 9 5 0 1 1 1 0 1 0 0 7 0 2 1 1 1 4 0 1 1 0 0 2 3 1 0 8
0 0 0 0 0 0 0 0 0 0 6 0 2 0 0 0 2 0 0 0 0 0 0 3 1 0 1 0 0 0 0 0 0 2 0 0 0 0 0 0 0 0 0 0 0 0 0 0 0 4
0 0 1 0 0 0 0 1 0 1 3 2 6 0 0 0 1 0 0 0 0 0 2 6 2 0 1 0 0 0 1 1 0 5 0 0 1 0 0 1 0 0 0 0 0 0 1 1 0 2
1 0 4 0 0 0 0 4 0 0 5 1 5 0 0 0 1 0 0 0 0 0 1 5 1 1 1 1 1 0 0 1 0 4 0 0 0 1 0 1 0 0 1 0 0 0 4 0 0 3
0 0 3 0 0 0 0 3 0 1 4 3 3 0 0 0 1 0 0 0 0 0 3 3 3 0 1 0 0 0 1 0 0 1 0 0 1 0 0 1 0 0 2 0 0 0 1 1 0 1
0 0 0 0 0 0 0 0 0 0 0 0 0 0 0 0 1 0 0 0 0 0 0 0 0 0 0 0 0 0 0 0 0 0 0 0 0 0 0 0 0 0 0 0 0 0 0 0 0 0
0 0 0 0 0 0 0 0 0 0 0 0 0 0 0 0 0 0 0 0 0 0 0 0 0 0 0 0 0 0 0 0 0 0 0 0 0 0 0 0 0 0 1 0 0 0 0 0 0 0
1 0 5 0 0 0 0 4 4 1 3 10 6 1 0 0 2 2 0 0 1 0 8 3 4 1 2 1 1 0 1 0 1 1 0 1 1 1 0 8 0 0 0 0 0 0 1 1 0 1
1 0 4 0 0 0 1 4 3 0 3 4 9 1 0 0 1 0 0 0 0 0 4 8 1 1 0 1 1 0 0 0 1 7 0 1 1 0 0 2 0 1 1 0 0 0 2 1 0 7
1 1 3 0 0 0 1 3 1 0 13 8 3 1 0 0 0 0 0 1 1 0 7 3 3 0 0 1 0 0 0 0 1 6 0 1 0 1 0 0 0 1 0 0 1 0 6 0 0 11
0 0 0 0 0 0 1 0 1 0 3 2 0 1 0 0 1 0 0 0 1 0 2 0 1 1 0 0 0 0 0 0 1 1 0 1 0 1 0 0 0 1 0 0 0 0 0 0 0 1
0 0 8 0 1 0 0 8 2 1 6 3 6 0 0 0 0 0 0 0 0 0 3 6 2 0 0 0 0 1 1 0 0 3 0 0 1 0 0 1 0 0 0 0 1 0 2 1 0 2
0 0 1 0 1 0 1 1 1 0 5 2 6 1 1 0 1 0 0 0 1 0 2 6 3 0 1 0 1 0 0 2 1 6 0 1 0 0 0 1 0 1 0 0 0 0 2 0 0 7
1 1 7 0 0 1 3 7 2 1 3 3 2 0 1 2 3 0 0 0 1 0 7 5 2 0 1 1 1 1 1 0 2 3 0 1 1 1 2 3 0 0 0 1 0 2 1 3 0 17
1 0 4 0 0 0 0 3 1 1 2 3 6 1 0 0 1 0 0 0 1 0 2 5 1 1 0 1 0 1 1 1 0 6 0 1 1 0 0 0 0 1 1 0 0 0 1 1 0 4
0 0 2 0 0 0 0 2 0 0 2 0 0 0 0 0 2 0 0 0 0 0 0 0 4 0 0 0 0 1 0 0 0 2 0 0 0 0 0 2 0 0 1 0 0 0 2 0 0 2
1 0 1 0 0 0 1 1 1 1 0 3 2 1 1 0 1 0 0 0 1 0 3 2 1 1 1 1 1 0 1 1 1 5 0 1 1 1 0 1 0 1 0 0 0 0 1 1 1 5
1 0 1 0 0 0 0 1 3 0 2 5 3 1 0 0 1 0 0 0 1 0 4 2 3 1 1 1 1 0 0 0 1 2 0 1 0 0 0 1 0 1 2 0 0 0 3 0 0 2
1 1 0 0 0 0 1 0 1 0 2 2 5 1 0 0 1 0 0 0 1 0 1 5 0 1 1 1 1 0 0 0 1 3 0 1 0 1 0 0 0 1 0 0 0 0 0 0 0 3
0 0 1 0 0 0 0 1 1 1 0 1 1 0 0 0 0 0 0 0 0 0 1 1 0 0 0 0 0 0 1 0 0 0 0 0 1 0 0 0 0 0 1 0 0 0 0 1 0 0
0 1 4 0 0 0 1 3 1 1 2 5 3 0 0 0 1 3 0 0 0 0 3 2 0 1 0 0 0 0 1 1 1 3 0 0 1 1 0 4 0 1 2 0 0 0 0 1 0 4
1 0 0 0 0 0 0 0 1 0 0 0 0 1 0 0 0 0 0 0 0 0 0 0 0 1 0 1 0 0 0 0 1 0 0 0 0 1 0 0 0 0 0 0 0 0 0 0 0 0
1 0 3 0 0 1 0 3 1 1 11 9 8 0 0 1 1 0 0 0 1 0 8 6 0 0 1 0 0 1 1 0 0 9 0 0 1 1 0 6 1 2 0 0 0 0 3 1 1 7
0 0 1 0 0 0 0 1 0 1 1 1 1 0 0 0 0 0 0 0 0 0 1 1 0 0 0 0 0 1 1 0 0 2 0 0 1 0 0 2 0 0 0 0 0 0 0 1 0 2
1 0 2 0 1 0 0 1 1 1 2 8 9 1 2 0 0 0 0 1 1 0 10 16 1 1 2 1 1 0 1 1 1 8 0 2 3 1 0 11 0 2 0 0 0 1 1 1 1 3
0 0 0 0 0 0 0 0 0 0 0 0 0 0 0 0 0 0 0 0 0 0 0 0 0 0 0 0 0 0 0 1 0 0 0 0 0 0 0 0 0 0 1 0 0 0 0 0 0 2
1 0 0 0 0 0 0 0 1 1 3 3 5 0 1 4 0 3 1 1 1 0 3 5 2 1 0 1 1 0 1 1 1 10 0 1 1 0 2 1 0 1 0 0 0 0 2 1 1 5
0 0 0 0 0 0 0 0 0 0 1 0 2 0 0 0 0 0 0 0 0 0 0 2 0 0 0 0 0 1 0 0 0 0 0 0 0 0 0 0 0 0 0 0 0 0 0 0 0 0
1 1 7 0 0 1 1 7 2 0 3 5 5 1 1 2 0 2 0 2 1 0 5 5 2 1 0 1 0 0 0 0 1 7 0 0 1 1 0 5 0 1 0 0 0 2 2 1 0 6
0 0 1 1 0 0 1 0 1 0 14 1 6 0 2 1 1 3 0 1 1 0 0 3 1 1 1 1 1 0 0 0 0 1 0 1 0 1 0 0 0 1 0 0 0 0 1 0 2 1
1 0 1 0 0 0 0 0 1 0 2 1 5 1 0 0 0 0 0 0 1 0 0 1 0 1 0 1 0 0 0 0 1 3 0 1 0 0 0 0 0 1 1 0 0 0 1 0 0 3
1 1 0 0 0 1 5 0 2 2 4 3 3 0 3 4 0 1 2 1 1 0 2 7 0 1 1 1 1 0 1 0 0 4 0 1 2 0 4 0 1 0 0 2 1 0 3 1 3 30
0 0 0 0 0 0 0 0 1 1 1 0 1 0 0 0 3 2 0 0 1 0 0 1 0 1 3 0 0 0 1 0 1 1 0 1 1 0 0 0 0 1 0 0 0 0 0 1 0 3
0 1 0 0 1 2 1 0 1 0 4 0 0 0 0 2 1 2 0 2 0 0 0 0 0 0 0 0 0 0 0 0 1 0 0 0 0 0 0 0 1 0 1 0 0 1 0 0 0 5
0 0 0 0 0 0 0 0 0 0 0 0 0 0 0 0 0 0 0 0 0 0 0 0 0 0 0 0 0 0 0 0 0 0 0 0 0 0 0 0 0 0 0 0 0 0 0 0 0 0
0 0 0 0 0 0 0 0 1 0 0 0 1 0 3 1 0 4 0 1 0 0 0 0 0 0 0 0 0 0 1 0 1 1 0 0 0 0 0 0 0 0 0 0 0 3 0 1 2 20
1 0 10 0 1 0 0 8 1 0 4 5 7 2 2 0 0 1 1 1 1 0 4 4 3 1 0 1 1 0 0 0 1 8 1 1 0 1 1 2 0 1 0 0 0 1 3 0 1 7
0 1 4 0 0 1 0 4 2 1 18 8 3 0 2 2 1 0 0 1 0 0 10 3 7 0 1 0 0 0 1 0 0 6 0 0 1 0 0 0 0 0 0 0 4 0 4 2 0 9
3 1 3 0 0 1 2 2 0 0 7 7 2 2 5 1 1 0 0 1 5 0 13 4 1 2 2 2 3 0 0 0 0 5 0 0 2 1 0 1 0 3 0 0 8 2 0 1 2 41
0 1 0 0 1 1 1 0 1 0 0 0 0 0 2 0 0 2 0 2 0 0 0 0 0 0 0 0 0 0 0 0 0 0 0 0 0 0 0 0 0 0 0 0 0 2 0 0 0 4
0 2 0 1 0 0 2 0 0 0 0 2 2 0 2 1 0 1 0 0 0 1 0 0 0 0 0 0 0 0 1 0 0 1 1 0 0 0 0 0 2 0 1 0 0 0 0 2 0 2
0 1 0 0 1 1 0 0 0 0 0 0 0 0 0 2 0 0 0 1 0 1 0 0 0 0 0 0 0 0 0 0 0 0 1 0 0 0 0 0 0 0 0 0 0 0 0 0 1 0
0 0 0 0 1 1 0 0 0 0 0 0 0 0 2 1 0 0 0 1 0 0 0 0 0 0 0 0 0 0 0 0 0 0 1 0 0 0 0 0 0 0 0 0 0 0 0 0 1 0
0 1 0 1 1 1 1 0 1 0 0 0 0 0 1 1 0 2 1 1 0 1 0 0 0 0 0 0 1 0 0 0 0 0 0 0 0 0 3 0 0 0 0 2 0 2 0 0 2 0
0 1 0 2 1 0 2 0 0 0 0 0 0 0 1 1 0 0 0 1 0 1 0 0 0 0 0 0 0 0 0 0 0 0 0 0 0 0 0 0 2 0 0 0 0 0 0 0 1 1
0 1 0 2 0 0 2 0 0 0 0 0 0 0 0 1 0 1 0 0 0 1 0 0 0 0 0 0 0 0 0 0 0 0 0 0 0 0 0 0 2 0 0 0 0 2 0 0 1 0
2 1 0 0 0 2 0 0 0 0 10 2 9 0 2 1 3 1 0 0 1 0 1 0 1 1 0 0 1 0 1 0 0 12 1 2 0 1 2 0 2 2 0 0 0 0 2 1 3 4
0 1 0 1 1 2 1 0 0 0 0 0 0 0 3 4 0 7 0 1 0 1 0 0 0 0 0 0 0 0 0 0 0 0 1 0 0 0 0 0 1 0 0 0 1 3 0 0 1 10
0 1 0 0 2 0 1 0 0 0 1 0 0 0 0 5 0 1 1 1 1 0 0 0 2 1 0 1 0 0 0 0 0 0 0 0 0 0 1 1 0 1 0 0 4 1 0 0 0 4
0 0 0 1 1 1 3 0 0 0 0 0 0 0 2 0 0 2 0 2 0 0 0 0 0 0 0 0 0 0 0 0 0 0 0 0 0 0 0 0 2 0 0 0 2 0 0 0 1 0
0 1 0 1 0 0 1 0 0 0 0 0 0 0 0 0 0 0 0 0 0 1 0 0 0 0 0 0 0 0 0 0 0 0 0 0 0 0 0 0 1 0 0 0 0 1 0 0 0 0
0 1 0 1 0 0 1 0 0 0 0 0 0 0 1 1 0 0 0 0 0 1 0 0 0 0 0 0 0 0 0 0 0 0 0 0 0 0 0 0 1 0 0 0 0 0 0 0 1 0
0 0 0 1 1 1 1 0 0 0 0 0 0 0 0 0 0 5 0 1 0 0 0 0 0 0 0 0 0 0 0 0 0 0 0 0 0 0 0 0 1 0 0 0 0 6 0 0 0 4
0 1 0 1 0 0 2 0 0 0 0 0 0 0 0 1 0 0 0 0 0 0 0 0 0 0 0 0 0 0 0 0 0 0 0 0 0 0 0 0 0 0 0 0 0 3 0 0 0 3
0 1 0 0 0 1 0 0 1 0 3 2 1 1 1 1 0 1 0 0 1 0 1 0 1 1 0 0 1 0 0 0 1 2 0 0 0 0 0 0 0 1 0 0 0 0 1 0 0 3
0 1 0 1 0 0 1 0 0 0 0 0 0 0 0 0 0 0 0 0 0 1 0 0 0 0 0 0 0 0 0 0 0 0 0 0 0 0 0 0 1 0 0 0 0 0 0 0 0 0
0 0 0 0 0 0 0 0 0 0 0 0 0 0 1 1 0 1 0 0 0 0 0 0 0 0 0 0 0 0 0 0 0 0 0 0 0 0 0 0 0 0 0 0 0 0 0 0 0 1
0 0 0 0 0 1 0 0 2 0 0 0 0 0 0 1 0 4 0 0 0 0 0 0 0 0 0 0 0 0 0 0 0 0 0 0 0 0 0 0 0 0 0 0 0 1 0 0 1 0
0 1 0 2 1 2 5 0 0 0 1 1 1 0 2 5 2 6 1 0 0 0 0 0 0 0 0 0 0 0 0 0 0 2 1 0 0 0 0 0 4 0 0 1 2 6 0 1 2 17
0 1 0 0 0 0 1 0 0 0 0 0 0 0 0 0 0 0 0 0 0 0 0 0 0 0 0 0 0 0 0 0 0 0 0 0 0 0 0 0 2 0 0 0 0 1 0 0 0 0
0 1 0 1 0 0 1 0 0 0 0 0 0 0 1 0 0 0 0 0 0 1 0 0 0 0 0 0 0 0 0 0 0 0 1 0 0 0 0 0 1 0 0 0 0 0 0 0 1 1
0 0 0 1 1 1 2 0 0 0 0 0 0 0 1 2 1 0 0 1 0 0 0 0 0 0 0 0 0 0 0 0 0 0 0 0 0 0 0 0 0 0 0 0 0 0 0 0 1 0
1 1 2 0 1 0 0 1 0 0 2 1 1 1 1 1 0 4 0 0 1 0 1 1 0 1 0 1 0 0 0 0 0 3 0 0 0 0 0 0 0 1 0 0 0 1 2 0 2 7
0 1 0 1 1 0 1 0 0 0 0 0 0 0 0 1 0 1 0 1 0 1 0 0 0 0 0 0 0 0 0 0 0 0 0 0 0 0 0 0 1 0 0 0 0 3 0 0 1 0
0 0 0 0 1 0 1 0 0 0 1 1 2 0 0 1 0 2 0 1 0 0 0 0 0 1 0 0 1 0 0 0 0 3 0 1 0 0 0 1 0 1 0 0 0 2 0 0 1 0
0 0 0 0 0 0 0 0 0 0 0 0 3 0 0 0 0 0 0 0 0 0 0 3 0 1 0 0 0 0 0 0 0 1 0 0 0 0 0 1 0 0 0 0 0 0 0 0 0 6
0 1 0 0 1 1 0 0 0 0 0 0 0 0 0 2 0 2 0 1 0 0 0 0 0 0 0 0 0 0 0 0 0 0 0 0 0 0 0 0 0 0 0 0 6 2 0 0 1 2
0 0 0 0 0 0 1 0 0 0 0 1 2 0 0 2 1 1 0 0 0 0 0 0 0 0 0 0 0 0 0 0 0 1 0 0 0 0 0 0 1 0 0 0 2 1 0 0 0 6
0 1 0 2 1 1 2 0 0 0 0 0 0 0 2 1 0 1 0 1 0 1 0 0 0 0 0 0 0 0 0 0 0 0 0 0 0 0 0 0 2 0 0 0 0 0 0 0 1 0
0 1 0 1 1 1 1 0 0 0 0 0 0 0 0 1 0 3 0 1 0 1 0 0 0 0 0 0 0 0 0 0 0 0 0 0 0 0 0 0 1 0 0 0 3 3 0 0 2 0
0 0 0 0 0 0 1 0 0 0 0 0 0 0 1 2 0 4 0 0 0 0 0 0 0 0 0 0 0 0 0 0 0 0 0 0 0 0 0 0 0 0 0 0 0 5 0 0 1 1
0 1 0 0 1 2 1 0 2 0 0 0 0 0 1 0 0 3 0 1 0 0 0 0 0 0 0 0 0 0 0 0 0 0 1 0 0 0 0 0 0 0 0 0 6 4 0 0 1 2
0 0 0 0 0 1 1 0 0 0 0 0 0 0 1 2 0 1 1 1 0 0 0 0 0 0 0 0 0 0 0 0 0 0 0 0 0 0 0 0 1 0 0 1 0 1 0 0 1 17
0 1 0 1 0 0 1 0 0 0 0 0 0 0 1 1 0 1 0 0 0 1 0 0 0 0 0 0 0 0 0 0 0 0 0 0 0 0 0 0 1 0 0 0 0 0 0 0 1 0
1 1 1 0 0 0 2 0 0 0 2 3 2 0 1 1 0 0 0 0 1 0 1 1 0 0 1 0 0 0 0 0 0 1 1 0 0 0 1 0 0 0 0 2 7 4 0 0 2 12
0 1 0 2 2 2 3 0 0 0 0 0 0 0 2 4 0 0 1 3 2 0 0 0 0 0 1 0 2 0 0 0 0 0 3 0 0 0 3 0 0 0 0 2 2 3 0 0 3 15
1 1 0 1 1 2 1 2 0 0 0 0 0 1 4 3 0 0 0 1 1 1 1 1 1 1 0 0 1 0 0 0 0 0 2 0 0 0 0 0 0 0 0 0 4 3 0 0 1 1
0 1 0 0 1 1 1 1 0 1 0 0 3 0 1 2 0 0 1 1 1 0 4 3 0 0 0 1 0 0 0 0 0 1 0 1 2 0 2 2 0 2 0 0 5 8 0 0 1 34
0 1 0 0 0 0 1 0 0 0 0 3 1 0 1 1 0 0 0 0 1 0 1 1 0 1 0 1 1 0 0 1 0 3 0 1 0 0 0 0 0 1 0 0 11 0 0 0 0 9
0 1 0 2 0 0 2 0 0 0 0 0 0 0 0 0 0 2 0 0 0 1 0 0 0 0 0 0 0 0 0 0 0 0 0 0 0 0 0 0 2 0 0 0 0 3 0 0 0 12
0 0 0 0 0 0 0 0 0 0 2 1 6 0 1 1 0 0 0 1 1 0 1 1 1 1 0 0 0 0 0 0 0 1 0 0 0 0 0 0 0 1 1 0 1 0 1 0 0 1
0 0 0 1 0 1 2 1 0 0 0 0 0 0 1 0 0 0 1 0 0 0 0 0 0 0 0 1 1 0 0 0 0 0 0 0 0 1 1 0 1 0 0 0 3 4 0 0 1 15
0 1 0 0 1 0 2 0 1 0 0 0 0 0 0 1 0 1 0 0 0 0 0 0 0 0 0 0 0 0 0 0 1 0 0 0 0 0 1 0 0 0 0 0 0 3 0 0 1 12
0 1 0 0 0 0 0 0 0 0 0 0 0 0 1 1 0 1 0 0 0 0 0 0 0 0 0 0 0 0 0 0 0 0 0 0 0 0 0 0 0 0 0 0 1 1 0 0 1 0
0 1 0 1 0 0 1 0 0 0 0 0 0 0 0 0 0 0 1 0 0 1 2 1 0 0 0 0 0 0 0 0 0 0 0 0 0 0 2 1 1 0 0 1 5 1 0 0 0 11
0 1 0 1 1 1 1 0 0 0 0 0 0 0 2 2 0 0 0 1 0 1 0 0 0 0 0 0 0 0 0 0 0 0 0 0 0 0 0 0 1 0 0 0 1 0 0 0 1 2
0 1 0 0 0 0 1 0 0 0 0 1 0 0 0 0 1 1 1 0 0 0 1 0 0 0 0 0 0 0 1 0 0 1 0 0 1 0 2 0 2 0 0 0 1 0 0 1 0 16
0 1 0 1 2 1 1 0 0 0 0 0 0 0 3 3 0 2 0 2 0 1 0 0 0 0 0 0 0 0 0 0 0 0 0 0 0 0 2 0 2 0 0 1 14 1 0 0 2 12
0 1 0 1 1 2 2 0 0 0 0 0 0 0 3 2 0 1 1 2 0 0 0 0 0 0 0 0 0 0 0 0 0 0 1 0 0 0 2 0 1 0 0 1 5 7 0 0 1 15
0 0 0 1 2 2 1 0 0 0 0 0 0 0 1 5 0 5 2 1 0 0 0 0 0 0 0 0 0 0 0 0 0 0 1 0 0 0 2 0 0 0 0 0 2 5 0 0 3 12
0 0 0 0 0 0 2 0 1 0 0 0 0 0 1 2 0 3 0 1 0 0 0 0 0 0 0 0 0 0 0 0 0 0 0 0 0 0 0 0 0 0 0 0 0 0 0 0 0 1
0 1 0 0 0 1 0 0 0 0 0 0 0 0 0 1 0 2 1 0 0 1 0 0 0 0 0 0 0 0 0 0 0 0 1 0 0 0 0 0 0 0 0 1 3 1 0 0 1 11
0 0 0 0 0 0 3 0 0 0 0 0 0 0 4 2 0 1 1 1 0 0 0 0 0 0 0 0 0 0 0 0 0 0 0 0 0 0 2 0 0 0 0 0 0 0 0 0 1 8
1 0 7 0 1 0 1 5 0 0 2 5 2 0 1 1 1 9 1 2 1 0 5 2 5 1 0 0 0 0 0 0 0 4 0 2 0 0 1 4 1 1 0 0 0 5 2 0 0 12
0 0 0 0 1 0 1 0 0 0 0 0 0 0 2 2 0 0 2 0 0 0 0 0 0 0 0 0 0 0 0 0 0 0 0 0 0 0 2 0 0 0 2 1 2 3 0 0 1 7
0 1 0 1 1 2 1 0 0 0 0 0 0 0 1 3 0 5 0 2 0 1 0 0 0 0 0 0 0 0 0 0 0 0 1 0 0 0 0 0 1 0 0 0 0 2 0 0 2 4
0 0 0 0 1 1 1 0 0 0 0 0 0 0 1 1 0 0 1 1 0 0 0 1 0 0 0 0 0 0 0 0 0 0 0 0 0 0 2 0 1 0 0 1 0 1 0 0 1 8
0 1 0 1 0 0 1 0 0 0 0 0 0 0 1 0 0 0 0 0 0 0 0 0 0 0 0 0 0 0 0 0 0 0 0 0 0 0 0 0 0 0 0 0 3 0 0 0 0 15
1 2 1 0 0 0 1 1 0 1 2 3 4 0 0 1 0 5 0 0 2 0 4 7 3 1 0 1 1 0 1 1 0 1 0 1 1 1 1 0 0 1 0 0 1 0 0 1 1 32
0 2 1 0 0 0 2 1 1 0 0 7 15 0 0 3 1 5 0 0 0 0 2 10 2 1 0 1 1 0 0 0 0 8 0 1 0 1 0 1 0 1 0 0 2 3 0 1 1 18
0 0 0 1 1 1 2 0 1 0 0 0 0 0 3 5 0 6 0 1 0 0 0 0 0 0 0 0 0 0 0 0 0 0 1 0 0 0 0 0 1 0 0 0 0 5 0 0 1 5
0 0 0 0 1 1 0 0 0 0 0 0 0 0 1 1 0 0 0 1 0 0 0 0 0 0 0 0 0 0 0 0 0 0 1 0 0 0 0 0 0 0 0 0 0 0 0 0 1 0
0 1 0 0 0 0 0 4 0 1 0 0 0 0 0 1 0 0 0 0 0 1 2 1 1 0 0 0 0 0 0 0 0 0 0 0 1 0 0 0 0 0 0 0 2 4 0 0 0 8
0 1 0 3 1 1 3 0 0 0 0 0 0 0 6 5 0 5 0 1 0 1 0 0 0 0 0 0 0 0 0 0 0 0 1 0 0 0 0 0 3 0 0 0 1 0 0 0 1 5
0 0 0 0 0 0 0 0 0 0 0 0 0 0 0 0 0 0 0 0 0 0 0 0 0 0 0 0 0 0 0 0 0 0 0 0 0 0 0 0 0 0 0 0 0 0 0 0 0 0
1 2 1 1 2 2 3 1 0 0 0 0 2 0 2 2 0 3 0 0 1 0 3 5 0 1 0 1 1 0 0 0 0 1 0 1 0 1 1 2 1 2 0 1 5 1 0 0 5 25
0 1 0 2 0 0 3 0 0 0 0 0 0 0 2 2 0 2 0 1 0 1 0 0 0 0 0 0 0 0 0 0 1 0 0 0 0 0 0 0 2 0 0 0 0 4 0 0 1 6
0 1 0 1 1 0 3 0 0 0 0 0 0 0 3 0 0 5 1 2 0 1 0 0 0 0 0 0 0 0 0 0 0 0 0 0 0 0 0 0 0 0 0 0 7 2 0 0 0 2
0 1 0 1 0 0 1 0 2 0 0 0 0 0 0 0 0 1 1 0 0 1 0 0 0 0 0 0 0 0 0 0 0 0 0 0 0 0 2 0 0 0 0 0 2 3 0 0 0 10
1 1 2 1 1 3 4 1 1 1 3 2 3 1 1 3 1 0 0 1 1 0 2 3 1 2 2 1 1 0 1 1 0 4 0 0 2 1 2 1 0 1 0 2 2 1 2 1 1 20
0 1 0 1 0 0 2 0 0 0 0 0 0 0 0 0 0 0 0 0 0 1 4 1 0 0 0 0 0 0 0 0 0 0 0 0 0 0 0 0 0 0 0 0 0 0 0 0 0 9
1 1 1 0 0 0 2 2 0 0 0 2 2 1 1 0 2 1 0 0 1 0 3 1 0 1 2 1 1 0 0 0 0 0 0 2 1 0 0 1 1 1 0 0 0 4 0 0 1 14
0 1 0 1 0 0 1 0 0 0 0 0 0 0 0 2 0 1 0 0 0 1 0 0 0 0 0 0 0 0 0 0 0 0 0 0 0 0 0 0 1 0 0 0 1 4 0 0 0 5
0 1 0 1 1 1 1 1 0 0 0 0 0 0 1 1 0 1 1 1 0 1 0 2 0 0 0 1 0 0 0 0 0 0 0 1 0 0 2 0 1 0 0 0 0 3 0 0 1 10
0 0 0 2 0 1 2 0 0 0 0 0 0 0 0 0 0 2 0 0 0 0 0 0 0 0 0 0 0 0 0 0 0 0 0 0 0 0 0 0 2 0 0 0 6 1 0 0 0 2
2 2 0 0 3 2 4 0 0 0 3 0 3 0 2 1 0 2 0 2 1 0 0 3 0 1 0 0 0 0 0 0 0 1 0 0 0 0 2 0 0 1 0 1 0 1 0 0 2 14
0 1 0 0 0 0 2 0 1 0 0 0 0 0 1 1 0 1 0 0 0 0 0 0 0 0 0 0 0 0 0 0 0 0 0 0 0 0 0 0 1 0 0 0 0 1 0 0 1 3
0 0 0 1 0 2 1 0 0 0 0 0 0 0 1 2 0 4 1 1 0 0 1 1 0 0 0 0 0 0 0 0 0 0 0 0 0 0 2 0 1 0 0 1 0 3 0 0 0 14
0 1 0 1 0 0 1 0 0 0 0 0 0 0 0 0 0 0 1 0 0 1 0 0 0 0 0 0 0 0 0 0 0 0 0 0 0 0 2 0 0 0 0 1 3 0 0 0 0 0
0 1 0 0 1 4 1 0 0 0 2 0 1 1 4 1 2 3 1 1 1 0 0 0 0 1 1 1 1 0 0 0 1 4 1 1 0 1 0 0 0 0 0 1 0 0 0 0 2 4
0 1 0 0 0 0 0 0 0 0 0 0 0 0 0 0 0 0 1 0 0 1 0 0 0 0 0 0 0 0 0 0 0 0 0 0 0 0 2 0 0 0 0 1 0 0 0 0 0 1
0 1 0 2 0 2 2 0 0 0 0 0 0 0 0 2 0 2 1 1 0 1 0 0 0 0 0 0 0 0 0 0 0 0 0 0 0 0 1 0 0 1 0 1 1 6 0 0 0 6
0 1 0 2 2 1 2 0 0 0 0 0 0 0 1 3 0 1 1 2 0 1 0 0 0 0 0 0 0 0 0 0 0 0 0 0 0 0 1 0 2 0 0 0 1 4 0 0 1 9
0 1 0 2 0 0 2 0 1 0 0 0 0 0 3 2 0 3 0 2 0 1 0 0 0 0 0 0 0 0 0 0 0 0 0 0 0 0 0 0 2 0 0 0 3 7 0 0 1 3
0 1 0 0 0 0 0 0 0 0 0 0 0 0 2 0 0 0 0 0 0 1 0 0 0 0 0 0 0 0 0 0 0 0 0 0 0 0 0 0 0 0 0 0 2 0 0 0 1 1
0 1 3 0 0 1 0 2 0 0 4 2 3 1 1 0 0 4 0 0 1 0 2 1 2 1 0 0 1 0 0 1 0 1 0 1 0 0 0 0 0 1 0 0 0 1 0 0 0 2
0 0 1 0 1 3 0 0 0 0 0 0 1 0 2 2 0 3 1 0 0 0 0 0 0 0 0 0 0 0 0 0 0 3 0 0 0 0 3 0 0 0 0 2 8 0 0 0 1 17
1 1 1 0 0 0 1 1 1 0 1 0 0 1 2 0 0 1 0 1 1 0 0 1 0 1 1 1 1 0 0 0 1 3 0 1 0 1 0 0 0 0 0 1 0 1 0 0 1 8
0 1 0 1 1 1 1 0 0 0 0 0 0 0 1 1 0 0 1 1 0 1 0 0 0 1 0 0 0 0 0 0 0 0 0 0 0 0 1 0 0 0 0 1 0 2 0 0 1 3
0 1 0 0 0 0 0 0 0 0 0 0 0 0 0 0 0 0 0 0 0 1 0 0 0 0 0 0 0 0 0 0 0 0 0 0 0 0 0 0 0 0 0 0 1 2 0 0 0 6
0 2 0 1 2 1 1 0 0 0 0 0 0 0 2 1 0 0 1 2 0 1 9 10 0 0 1 0 0 0 0 0 0 0 0 0 0 0 2 0 0 0 0 0 4 0 0 0 0 30
1 1 0 2 0 0 2 1 0 0 0 0 0 0 1 0 0 0 0 2 1 1 3 3 1 1 3 0 1 0 0 0 0 0 0 0 1 0 0 1 0 1 0 0 4 1 0 0 0 7
0 0 0 0 0 0 0 0 0 0 0 0 0 0 0 0 0 0 1 0 0 0 0 0 0 0 0 0 0 0 0 0 0 0 0 0 0 0 2 0 0 0 0 1 0 1 0 0 0 2
0 0 0 0 0 0 0 0 0 0 1 0 1 0 0 0 0 0 0 0 0 0 0 0 0 0 0 0 0 0 0 0 1 0 0 0 0 0 0 0 0 0 0 0 0 0 0 1 0 5
1 1 0 0 0 0 1 0 0 0 1 0 1 1 0 1 0 1 2 0 3 0 0 0 0 1 1 1 1 0 0 0 0 2 0 1 0 1 2 0 0 1 0 0 4 4 2 0 1 18
0 1 0 1 1 1 1 0 0 0 0 0 0 0 3 4 0 0 1 2 0 1 0 0 0 0 0 0 0 0 0 0 0 0 0 0 0 0 2 0 0 0 0 1 3 3 0 0 1 12
0 1 0 0 0 0 0 0 0 0 0 0 0 0 0 0 0 1 1 0 0 1 0 0 0 1 0 1 0 0 0 0 0 0 0 0 0 0 1 0 0 1 0 0 0 2 0 0 0 13
0 1 0 2 0 1 2 1 0 0 0 0 0 0 0 0 0 1 1 0 0 1 6 1 0 0 0 0 0 0 0 0 0 0 0 0 1 0 3 0 1 0 0 1 0 1 0 0 0 24
0 1 0 2 1 1 2 0 0 0 0 0 0 0 1 1 0 0 0 1 0 1 0 0 0 0 0 0 0 0 0 0 0 0 0 0 0 0 0 0 2 0 0 0 0 0 0 0 1 6
0 1 3 0 0 0 1 0 1 0 1 2 1 0 2 2 1 3 0 1 1 1 0 0 0 0 0 1 0 0 0 0 1 2 0 1 0 1 0 0 0 1 0 0 2 5 1 1 0 16
0 1 0 0 0 0 1 0 0 0 0 0 0 0 1 1 0 0 1 0 0 0 0 0 0 0 0 0 0 0 0 0 0 0 0 0 0 0 1 0 0 0 0 1 0 1 0 0 1 2
0 0 1 0 0 0 1 0 0 0 2 0 2 0 0 0 2 3 0 0 1 0 0 0 0 1 2 1 1 0 0 0 0 1 0 1 0 0 0 0 0 1 0 0 0 0 0 0 0 2
1 0 0 0 0 1 1 0 0 0 0 2 3 0 1 1 2 0 0 0 1 0 2 2 1 1 0 0 0 0 0 0 0 3 0 0 0 0 2 0 0 1 0 0 2 0 0 0 0 19
0 1 7 0 3 4 1 5 3 0 39 17 38 1 9 7 3 2 0 4 1 0 15 33 8 0 3 0 0 0 0 0 0 27 2 0 0 0 0 11 1 0 0 0 2 0 5 0 6 10
0 1 0 0 1 0 1 0 0 0 0 0 0 0 1 1 0 0 0 1 0 0 0 0 0 0 0 0 0 0 1 0 0 0 0 0 0 0 1 0 0 0 0 0 0 3 0 1 0 6
0 0 0 0 0 0 0 0 1 0 0 0 1 0 0 0 0 1 1 0 0 0 0 0 0 0 0 0 0 0 0 0 1 0 0 0 0 0 1 0 0 0 0 1 0 1 0 0 0 1
0 0 0 0 0 0 0 0 0 0 0 0 0 0 1 1 0 0 0 0 0 0 0 0 0 0 0 0 0 0 0 0 0 0 1 0 0 0 0 0 0 0 0 0 0 0 0 0 1 2
0 3 0 1 2 2 3 0 0 0 1 0 0 0 3 3 2 1 1 1 0 0 0 0 0 0 0 0 0 0 0 0 0 3 0 0 0 0 1 0 2 0 0 3 0 3 0 0 3 12
0 1 0 2 2 1 2 0 0 0 0 0 0 0 2 2 0 0 1 1 0 1 0 0 0 0 0 0 0 0 0 0 0 0 1 0 0 0 1 0 2 0 0 1 0 1 0 0 1 4
0 1 0 0 0 0 0 0 0 0 0 0 0 0 0 0 0 0 1 0 0 1 0 0 0 0 0 0 0 0 0 0 0 0 0 0 0 0 2 0 0 0 0 1 0 0 0 0 0 2
0 1 0 0 1 1 2 0 0 0 0 0 0 0 1 1 0 0 1 1 0 0 0 0 0 0 0 0 0 0 0 0 1 0 1 0 0 0 1 0 1 0 0 1 0 0 0 0 1 0
0 0 0 1 1 1 4 0 0 0 0 0 0 0 4 0 0 3 0 1 0 0 0 0 0 0 0 0 0 0 0 0 0 0 0 0 0 0 3 0 0 0 0 0 0 1 0 0 1 3
1 1 0 3 1 1 6 2 0 0 0 2 1 0 5 2 1 1 3 3 3 1 6 7 0 3 5 0 3 0 0 0 0 0 2 0 0 2 1 1 1 2 0 2 7 10 0 0 3 15
0 0 0 0 1 1 3 0 0 0 0 0 0 0 2 2 0 2 0 1 0 0 0 0 0 0 0 0 0 0 0 0 0 0 1 0 0 0 0 0 2 0 0 0 0 1 0 0 2 8
0 1 0 1 2 1 1 0 0 0 0 0 0 0 2 3 0 2 1 2 0 1 0 0 0 0 0 0 0 0 0 0 0 0 1 0 0 0 2 0 0 0 0 0 0 2 0 0 1 4
0 1 0 1 0 0 1 0 0 0 0 0 0 0 1 2 0 0 0 0 0 1 0 0 0 0 0 0 0 0 0 0 0 0 0 0 0 0 0 0 1 0 0 0 0 1 0 0 0 6
0 1 0 0 0 0 0 0 0 0 0 0 0 0 0 0 0 0 0 0 0 1 0 0 0 0 0 0 0 0 0 0 0 0 0 0 0 0 0 0 0 0 0 0 0 0 0 0 0 0
0 1 0 1 0 0 1 0 0 0 0 0 0 0 1 1 0 0 0 0 0 1 0 0 0 0 0 0 0 0 0 0 0 0 0 0 0 0 0 0 1 0 0 0 0 1 0 0 1 0
0 1 0 0 1 1 0 0 0 0 0 0 0 0 2 2 0 1 0 1 0 0 0 0 0 0 0 0 0 0 0 0 0 0 1 0 0 0 0 0 1 0 0 0 1 2 0 0 1 0
0 0 2 0 1 1 0 0 0 0 2 1 2 0 2 2 0 0 1 1 0 0 0 0 0 0 0 0 0 0 1 0 0 2 1 0 0 0 0 0 0 0 0 0 1 0 0 1 1 4
0 0 0 2 2 1 2 0 0 0 0 0 0 0 3 5 0 0 0 1 0 0 0 0 0 0 0 0 0 0 0 0 0 0 1 0 0 0 0 0 2 0 0 0 1 1 0 0 1 0
1 1 0 0 0 1 1 0 1 0 0 0 0 1 1 0 0 0 0 0 1 0 3 1 0 0 0 1 1 0 0 0 1 0 0 0 0 1 0 0 0 1 1 0 0 1 0 0 0 7
0 1 0 1 1 1 2 0 0 0 0 0 0 0 2 2 0 0 0 1 0 1 0 0 0 0 0 0 0 0 0 0 0 0 0 0 0 0 0 0 1 0 0 0 0 0 0 0 1 8
0 1 1 1 0 1 10 0 0 0 1 0 0 0 3 0 2 4 1 2 0 0 0 0 0 0 0 0 0 0 0 0 0 0 1 0 0 0 2 0 1 0 0 1 1 1 0 0 2 5
0 1 0 2 0 0 2 0 0 0 0 0 0 0 0 0 0 2 0 0 0 1 0 0 0 0 0 0 0 0 0 0 0 0 0 0 0 0 0 0 2 0 0 0 0 2 0 0 0 0
0 1 0 0 1 1 1 0 1 0 0 0 0 0 1 0 0 1 1 1 0 1 0 0 0 0 0 0 0 0 0 0 0 0 0 0 0 0 0 0 0 0 2 1 0 1 0 0 1 7
0 0 0 0 1 1 0 0 0 0 0 0 1 0 0 1 0 2 0 1 0 0 0 1 0 1 0 1 1 0 0 0 0 0 0 1 0 0 0 0 0 0 0 0 1 0 0 0 0 12
0 1 0 0 0 0 1 0 0 0 0 0 0 0 1 0 0 1 1 0 0 0 0 0 0 0 0 0 0 0 0 0 0 0 0 0 0 0 2 0 1 0 0 1 0 0 0 0 1 4
0 0 0 0 0 0 0 0 0 0 0 0 0 0 0 0 0 0 0 0 0 0 0 0 0 0 0 0 0 0 0 0 0 0 0 0 0 0 1 0 2 0 0 0 0 0 0 0 0 1
0 1 0 2 1 1 4 0 0 0 0 0 0 0 1 1 0 0 1 1 0 0 0 0 0 0 0 0 0 0 0 0 0 0 1 0 0 0 1 0 2 0 0 1 0 0 0 0 0 0
0 1 0 1 2 1 1 0 0 0 0 0 0 0 0 3 0 1 0 1 0 1 0 0 0 0 0 0 0 0 0 0 0 0 1 0 0 0 0 0 1 0 0 0 0 6 0 0 1 1
0 3 0 0 1 3 5 1 0 0 1 0 0 0 6 3 4 1 1 3 0 0 4 11 0 0 0 1 1 0 0 0 0 2 1 0 1 0 1 0 3 1 0 3 0 4 1 0 4 32
1 0 0 0 0 0 1 0 1 0 0 3 6 1 1 0 1 0 0 0 1 0 2 3 0 1 0 1 1 0 0 0 1 1 0 0 0 1 0 1 0 1 0 0 0 1 0 0 1 1
0 1 0 0 0 0 0 0 0 0 0 0 0 0 0 0 0 1 0 0 0 1 0 0 0 0 0 0 0 0 0 0 0 0 0 0 0 0 0 0 0 0 0 0 0 1 0 0 0 0
0 1 0 0 0 2 1 0 1 0 1 0 3 0 4 2 1 0 0 1 0 0 0 1 0 0 1 0 0 0 0 0 1 0 0 0 0 0 0 0 0 1 0 0 0 0 0 0 0 10
0 0 0 0 0 0 1 0 1 0 0 0 0 0 0 0 0 1 0 0 0 0 0 0 0 0 0 0 0 0 0 0 1 0 0 0 0 0 0 0 1 0 0 0 0 0 0 0 0 0
0 1 0 1 0 0 1 0 0 0 0 0 0 0 0 0 0 0 1 0 0 1 0 0 0 0 0 0 0 0 0 0 0 0 0 0 0 0 1 0 1 0 0 1 0 1 0 0 0 0
0 1 0 0 2 1 0 0 0 0 0 0 0 0 1 0 0 2 2 1 0 1 0 0 0 0 0 0 0 0 0 0 0 0 0 0 0 0 2 0 0 0 0 2 6 3 0 0 2 5
0 1 0 0 1 1 3 0 0 0 0 0 0 0 1 1 0 0 1 1 0 0 0 0 0 0 0 0 0 0 0 0 0 0 1 0 0 0 0 0 0 0 0 1 0 4 0 0 1 2
0 0 0 0 1 1 1 0 0 0 0 0 0 0 3 0 0 0 0 1 0 0 0 0 0 0 0 0 0 0 0 0 1 0 1 0 0 0 0 0 1 0 1 0 0 0 0 1 1 1
0 1 0 0 0 0 0 0 0 0 0 0 0 0 1 1 0 0 1 0 0 1 0 0 0 0 0 0 0 0 0 0 0 0 0 0 0 0 2 0 0 0 0 1 0 1 0 0 1 3
0 1 0 3 1 0 3 0 0 0 0 0 0 0 1 2 0 0 0 1 0 1 0 0 0 0 0 0 0 0 0 0 0 0 1 0 0 0 0 0 3 0 0 0 0 0 0 0 1 1
0 0 0 0 1 1 0 0 0 0 0 0 0 0 1 2 0 0 0 1 0 0 0 0 0 0 0 0 0 0 0 0 0 0 1 0 0 0 0 0 0 0 0 0 0 0 0 0 1 2
0 1 3 0 0 0 3 1 1 0 3 3 6 1 3 3 0 2 0 0 2 0 4 2 0 0 0 0 0 0 1 0 0 7 0 0 1 0 2 0 0 1 0 0 3 1 5 1 2 18
0 2 0 1 0 1 3 0 1 0 0 0 0 0 4 5 0 8 0 1 0 1 0 0 0 0 0 0 0 0 0 0 0 0 0 0 0 0 0 0 2 0 0 0 0 4 0 0 1 13
1 1 0 3 0 1 3 0 1 1 0 0 0 0 1 0 0 5 0 0 0 1 0 0 0 0 1 0 0 0 0 0 0 0 0 1 1 0 0 0 0 1 0 0 3 3 0 0 1 14
0 1 0 1 0 0 2 0 0 0 0 0 0 0 0 0 0 0 0 0 0 0 0 0 0 0 0 0 0 0 0 0 0 0 0 0 0 0 0 0 1 0 0 0 0 0 0 0 0 0
0 1 0 0 2 0 2 1 0 0 0 0 0 0 2 2 0 3 1 1 0 0 0 1 0 1 1 0 0 0 0 0 0 0 0 2 1 0 1 0 1 1 0 1 1 4 0 0 1 9
0 1 0 1 1 1 1 0 0 0 0 0 0 0 1 1 0 0 1 1 0 1 0 0 0 0 0 0 0 0 0 0 0 0 1 0 0 0 1 0 0 0 0 1 0 0 0 0 1 0
0 1 0 0 1 1 1 0 0 0 0 0 0 0 1 3 0 2 0 1 0 0 0 0 0 0 0 0 0 0 0 0 0 0 1 0 0 0 0 0 0 0 0 0 0 5 0 0 1 7
0 1 0 2 0 0 2 0 0 0 0 0 0 0 0 0 0 1 0 0 0 1 0 0 0 0 0 0 0 0 0 0 0 0 0 0 0 0 0 0 2 0 0 0 0 1 0 0 0 4
0 1 0 1 0 1 1 0 0 0 0 0 0 0 3 1 0 0 0 1 0 1 0 0 0 0 0 0 0 0 0 0 0 0 1 0 0 0 0 0 0 0 0 1 0 2 0 0 2 2
0 1 0 0 1 1 0 0 0 0 0 0 0 0 1 1 0 2 0 1 0 1 0 0 0 0 0 0 0 0 0 0 0 0 0 0 0 0 0 0 0 0 0 0 0 4 0 0 1 9
0 0 0 0 0 0 0 0 0 0 0 0 0 0 0 0 0 0 0 0 0 0 0 0 0 0 0 0 0 0 0 0 0 0 0 0 0 0 0 0 0 0 0 0 0 0 0 0 0 0
0 0 0 0 1 1 0 0 0 0 0 0 0 0 2 2 0 1 0 1 0 0 0 0 0 0 0 0 0 0 0 0 0 0 1 0 0 0 0 0 0 0 0 0 0 0 0 0 1 0
1 1 0 2 1 1 2 0 0 0 0 0 0 0 5 1 0 3 1 0 0 1 0 0 0 0 2 1 1 0 0 0 0 0 0 0 0 0 3 0 0 0 1 1 1 1 0 0 0 6
0 1 0 0 1 0 1 0 1 0 0 0 0 0 2 0 0 5 0 0 0 0 0 0 0 0 0 0 0 0 0 0 0 0 0 0 0 0 0 0 0 0 0 0 0 1 0 0 3 4
0 2 0 0 0 1 3 0 0 0 0 0 0 0 1 1 0 0 0 1 0 0 0 0 0 0 0 0 0 0 0 0 0 0 0 0 0 0 0 0 2 0 0 0 0 0 0 0 1 2
0 1 0 0 1 2 0 2 0 0 0 0 0 0 2 2 0 0 0 1 0 0 1 0 0 0 1 0 1 0 0 0 0 0 1 0 1 0 0 0 0 0 0 0 1 2 0 0 0 2
0 0 0 0 1 2 0 0 0 0 0 0 0 0 3 6 0 2 1 2 0 0 0 0 0 0 0 0 0 0 0 0 0 0 1 2 0 0 2 0 0 0 0 1 0 2 0 0 1 7
1 2 0 0 0 0 3 0 1 1 0 0 0 1 3 0 0 0 0 0 1 0 0 0 0 1 0 1 0 0 1 0 1 1 0 1 1 1 0 0 0 1 1 0 0 0 0 1 0 5
0 2 1 0 1 1 6 0 0 0 1 1 0 0 1 1 2 2 1 0 0 0 1 2 0 0 1 0 0 0 1 0 2 3 0 0 0 0 1 1 0 0 0 0 0 3 0 1 1 27
0 1 0 2 1 1 2 0 0 0 0 0 0 0 4 3 0 2 1 1 0 1 0 0 0 0 0 0 0 0 0 0 0 0 0 0 0 0 3 0 2 0 0 2 0 2 0 0 1 8
0 1 0 2 0 0 2 0 0 0 0 0 0 0 0 1 0 0 0 0 0 1 0 0 0 0 0 0 0 0 0 0 0 0 1 0 0 0 0 0 2 0 0 0 0 0 0 0 1 6
0 1 0 2 1 1 2 0 0 0 0 0 0 0 1 1 0 0 0 1 0 1 0 0 0 0 0 0 0 0 0 0 0 0 1 0 0 0 0 0 2 0 0 0 0 1 0 0 1 5
0 1 0 1 0 0 1 0 0 0 0 0 0 0 0 0 0 0 0 0 0 1 0 0 0 0 0 0 0 0 0 0 0 0 0 0 0 0 0 0 1 0 0 0 0 0 0 0 0 0
0 0 0 0 0 0 0 0 0 0 0 0 0 0 0 0 0 0 0 0 0 0 0 0 0 0 0 0 0 0 0 0 0 0 0 0 0 0 0 0 0 0 0 0 0 1 0 0 0 0
1 0 1 1 1 1 3 1 0 0 2 6 9 0 2 1 1 1 1 1 1 0 6 6 1 0 0 1 1 0 0 1 1 9 1 1 1 1 2 0 0 0 0 1 7 0 2 0 1 18
0 1 0 1 1 1 1 1 0 0 0 0 0 0 2 2 0 0 1 1 0 1 3 2 0 0 0 0 0 0 0 0 0 0 1 0 1 0 2 0 0 0 0 1 0 2 0 0 0 16
0 0 0 1 0 0 1 0 0 0 0 0 0 0 0 0 0 0 0 0 0 0 0 0 0 0 0 0 0 0 0 0 0 0 0 0 0 0 0 0 0 0 0 0 0 0 0 0 0 0
0 2 0 1 1 1 5 0 0 0 1 1 0 0 3 1 0 2 0 3 0 0 6 1 0 0 0 0 0 0 0 0 0 3 0 0 1 0 2 0 2 0 0 1 3 0 0 0 1 19
0 1 0 1 0 0 1 0 0 0 0 0 0 0 0 0 0 1 0 1 0 1 0 0 0 0 0 0 0 0 0 0 0 0 0 0 0 0 0 0 1 0 0 0 0 0 0 0 0 3
0 1 1 0 2 1 0 5 1 1 3 4 5 1 1 0 0 0 0 1 1 0 12 14 4 1 0 0 1 0 1 0 1 2 0 0 1 1 2 1 0 1 0 0 2 4 1 1 4 1
1 1 0 1 1 1 1 0 0 0 0 0 2 0 0 2 0 3 0 1 0 0 0 0 0 1 0 0 0 0 0 0 0 0 0 0 0 0 0 0 0 1 0 0 1 2 0 0 0 4
0 0 7 0 1 3 2 0 0 0 2 2 7 1 0 0 1 0 1 0 0 0 0 0 0 0 0 0 0 0 1 0 2 5 0 0 0 0 3 0 1 0 1 3 5 1 0 1 3 26
0 1 0 0 0 2 0 0 0 0 0 0 0 0 1 2 0 6 1 2 0 1 0 0 0 0 0 0 0 0 0 0 0 0 0 0 0 0 2 0 0 0 0 1 0 3 0 0 2 13
0 0 1 1 0 1 2 0 0 0 3 3 4 0 3 2 4 0 1 1 0 0 0 2 0 0 1 0 0 0 0 0 0 6 0 0 0 0 1 0 1 0 0 1 0 0 0 0 0 17
0 1 0 0 1 2 3 5 0 0 0 0 0 0 1 0 0 2 0 1 0 0 1 6 0 0 0 0 0 0 0 0 0 0 0 0 0 0 1 1 1 0 0 0 1 6 0 0 0 21
0 1 0 0 0 0 1 0 1 0 0 0 0 0 2 0 1 4 1 1 1 1 0 1 0 0 0 0 2 0 0 0 0 1 0 0 0 0 0 0 0 0 1 1 0 0 0 0 0 14
0 1 0 3 1 1 3 0 0 0 0 0 0 0 2 3 0 0 1 1 0 1 0 0 0 0 0 0 0 0 0 0 0 0 1 0 0 0 2 0 1 0 0 1 0 2 0 0 1 4
0 1 0 3 1 1 3 0 0 0 0 0 0 0 0 1 0 1 0 1 0 1 0 0 0 0 0 0 0 0 0 0 0 0 1 0 0 0 0 0 3 0 0 0 0 1 0 0 1 0
0 0 0 0 0 1 2 0 0 0 0 0 0 0 4 0 0 2 0 0 0 0 0 0 0 0 0 0 0 0 0 0 0 0 0 0 0 0 0 0 0 0 0 0 3 3 0 0 0 6
0 0 0 1 0 0 2 0 0 0 0 0 0 0 4 2 0 2 0 0 0 0 0 0 0 0 0 0 0 0 0 0 0 0 0 0 0 0 4 0 0 0 0 0 0 0 0 0 2 1
0 1 0 2 1 1 2 0 0 0 0 0 0 0 1 3 0 4 0 1 0 1 0 0 0 0 0 0 0 0 0 0 0 0 1 0 0 0 0 0 2 0 1 0 0 6 0 0 1 2
0 1 0 0 0 0 0 0 0 0 0 0 0 0 0 0 0 0 0 0 0 1 0 0 0 0 0 0 0 0 0 0 0 0 0 0 0 0 0 0 0 0 0 0 0 0 0 0 0 0
0 1 0 3 0 0 3 0 0 0 0 0 0 0 0 2 0 9 0 0 0 1 0 0 0 0 0 0 0 0 0 0 0 0 0 0 0 0 0 0 2 0 0 0 1 9 0 0 0 7
0 0 1 0 1 1 2 0 1 0 1 2 2 0 2 0 1 1 1 1 2 0 4 5 0 0 0 1 1 0 0 0 0 5 0 1 0 0 1 0 1 0 0 2 0 1 0 0 2 18
0 0 1 0 0 1 3 0 1 0 2 1 3 0 1 1 0 6 0 0 0 0 0 0 0 0 0 0 0 0 0 0 1 0 0 0 0 0 0 0 1 0 0 1 0 3 0 0 0 15
0 1 0 2 0 0 2 0 0 0 0 0 0 0 0 0 0 1 0 0 0 1 0 0 0 0 0 0 0 0 0 0 0 0 0 0 0 0 0 0 2 0 0 0 0 1 0 0 0 4
0 1 0 0 1 2 1 0 0 0 0 0 0 0 3 2 0 1 0 2 0 0 0 0 0 0 0 0 0 0 0 0 0 0 1 0 0 0 0 0 1 0 0 0 1 2 0 0 1 4
0 1 0 1 0 0 1 0 0 0 0 0 0 0 0 0 0 0 1 0 0 1 0 0 0 0 0 0 0 0 0 0 0 0 0 0 0 0 2 0 1 0 0 1 0 0 0 0 0 0
2 3 0 0 1 1 3 0 1 0 0 0 0 1 2 1 0 2 1 1 1 1 0 1 0 0 0 1 1 0 0 0 1 0 0 1 0 1 2 0 0 1 0 0 0 2 0 0 1 11
0 0 0 0 0 0 1 0 0 0 0 0 0 0 0 0 0 0 0 0 0 0 0 0 0 0 0 0 0 0 0 0 0 0 0 0 0 0 0 0 0 0 0 0 0 0 0 0 0 3
1 1 0 0 0 2 2 2 0 1 0 0 0 1 2 2 0 0 0 0 2 0 5 5 0 1 3 0 2 0 0 0 0 0 0 0 3 1 0 2 0 4 0 1 3 4 0 0 1 25
0 1 0 0 1 1 0 0 0 0 0 0 0 0 1 2 0 2 0 1 0 1 0 0 0 0 0 0 0 0 0 0 0 0 1 0 0 0 0 0 0 0 0 0 0 1 0 0 1 4
0 1 0 0 1 0 0 0 0 0 0 0 0 0 1 1 1 2 0 1 0 1 0 0 0 0 1 0 0 0 0 0 0 0 0 0 0 0 0 0 0 0 0 1 1 1 0 0 1 0
0 1 0 0 0 1 1 0 0 0 0 0 0 0 0 2 0 1 0 0 0 0 0 0 0 0 0 0 0 0 0 0 0 0 0 0 0 0 0 0 1 0 0 0 1 0 0 0 0 3
0 1 0 1 0 0 1 0 0 0 0 0 0 0 1 2 0 0 1 0 0 1 0 0 0 0 0 0 0 0 0 0 0 0 0 0 0 0 3 0 1 0 0 1 0 0 0 0 0 0
0 1 0 0 0 0 0 0 0 0 0 0 0 0 0 0 0 1 0 0 0 1 0 0 0 0 0 0 0 0 0 0 0 0 0 0 0 0 0 0 0 0 0 0 0 1 0 0 0 1
0 1 0 1 0 0 1 0 0 0 0 0 0 0 2 2 0 0 0 0 0 1 0 0 0 0 0 0 0 0 0 0 0 0 1 0 0 0 0 0 0 0 0 0 0 0 0 0 1 2
0 0 0 0 0 0 2 0 0 0 0 0 0 0 0 1 0 0 0 0 0 0 0 0 0 0 0 0 0 0 0 0 0 0 0 0 0 0 0 0 0 0 0 0 0 0 0 0 0 0
1 0 0 0 0 0 1 0 0 0 2 3 6 0 0 0 1 0 0 0 1 0 3 5 0 1 1 1 1 0 0 1 0 5 0 1 0 0 0 0 0 0 0 0 0 1 1 0 0 17
0 0 0 1 1 1 1 0 1 0 0 0 0 0 2 2 0 0 0 1 0 0 0 0 0 0 0 0 0 0 0 0 0 0 1 0 0 0 0 0 1 0 0 0 0 1 0 0 1 0
0 0 0 0 0 0 0 0 0 0 0 0 0 0 0 1 0 2 0 1 0 0 0 0 0 0 0 0 0 0 0 0 0 0 0 0 0 0 0 0 0 0 0 0 2 0 0 0 1 2
0 1 0 0 0 1 0 0 0 0 0 0 0 0 0 1 0 0 0 1 0 0 0 0 0 0 0 0 0 0 0 0 0 0 0 0 0 0 0 0 0 0 0 0 1 1 0 0 1 2
0 1 0 0 0 0 0 0 0 0 0 0 0 0 0 0 0 1 0 0 0 1 0 0 0 0 0 0 0 0 0 0 0 0 0 0 0 0 0 0 0 0 0 0 0 2 0 0 0 2
0 1 0 0 0 0 0 0 0 0 0 0 0 0 0 0 0 1 0 0 0 0 0 0 0 0 0 0 0 0 0 0 0 0 0 0 0 0 0 0 0 0 0 0 0 1 0 0 0 2
0 1 0 0 0 0 2 0 0 0 0 0 0 0 1 3 0 7 0 1 0 0 0 0 0 0 0 0 0 0 0 0 0 0 0 0 0 0 0 0 2 0 0 0 0 2 0 0 1 14
0 1 0 0 0 1 1 0 0 0 0 0 0 0 2 1 0 5 0 2 0 0 0 0 0 0 0 0 0 0 0 0 0 0 0 0 0 0 0 0 0 0 0 0 0 3 0 0 0 4
1 0 0 2 1 1 2 2 1 0 0 0 0 1 2 2 0 0 0 1 1 0 2 2 2 0 2 0 1 0 0 1 0 0 0 1 0 0 0 0 0 1 0 0 0 4 0 0 1 6
0 1 0 1 1 1 1 0 0 0 0 0 0 0 1 1 0 2 1 1 0 1 0 0 0 0 0 0 0 0 0 0 0 0 1 0 0 0 1 0 2 0 0 1 0 2 0 0 1 4
0 0 0 0 0 0 1 0 0 0 1 0 2 0 1 0 1 0 0 0 0 0 0 0 0 0 0 0 0 0 0 0 0 2 0 0 0 0 0 0 1 0 0 0 0 0 1 0 0 4
0 1 0 0 0 0 0 0 0 0 0 0 0 0 0 0 0 0 0 0 0 1 0 0 0 0 0 0 0 0 0 0 0 0 0 0 0 0 0 0 0 0 0 0 0 1 0 0 1 1
1 0 1 0 1 1 1 2 1 0 3 7 0 1 2 2 1 0 0 1 0 0 13 3 0 1 0 0 0 0 0 0 1 6 0 0 2 1 2 0 0 0 0 1 0 3 3 1 0 17
0 0 0 0 0 0 0 0 0 0 0 0 1 0 0 0 0 0 0 0 0 0 0 0 0 0 0 0 0 0 0 0 1 1 0 0 0 0 0 0 1 0 0 0 0 0 0 0 1 10
0 2 0 0 2 2 2 0 0 0 0 0 0 0 1 1 0 1 1 2 0 0 0 0 0 0 0 0 0 0 0 0 0 0 1 0 0 0 1 0 1 0 0 1 0 0 0 0 1 5
0 1 0 2 1 2 2 2 0 0 0 0 0 1 4 2 0 0 1 1 0 1 2 8 0 0 0 0 0 0 0 0 0 0 1 0 1 0 2 0 0 0 0 1 1 3 0 0 1 2
0 1 0 2 1 1 2 0 0 0 0 0 0 0 1 2 0 2 0 1 0 1 0 0 0 0 0 0 0 0 0 0 0 0 1 0 0 0 0 0 2 0 0 0 0 0 0 0 1 2
0 1 0 1 1 1 1 0 0 0 0 0 0 0 1 1 0 1 1 1 0 1 0 0 0 0 0 0 0 0 0 0 0 0 1 0 0 0 0 0 1 0 0 1 0 1 0 0 0 1
0 1 0 1 0 1 1 0 0 0 0 0 0 0 2 2 0 2 0 2 0 1 0 0 0 0 0 0 0 0 0 0 0 0 0 0 0 0 0 0 1 0 0 0 0 2 0 0 0 4
0 1 0 0 1 1 2 0 0 0 2 2 7 0 0 0 2 2 1 2 1 0 1 5 2 0 2 1 1 0 0 0 0 7 0 1 0 0 0 0 0 1 0 1 9 1 3 0 3 42
0 0 0 0 0 0 1 0 0 0 0 0 0 0 0 0 0 1 1 0 0 0 0 0 0 0 0 0 0 0 0 0 0 0 0 0 0 0 2 0 0 0 0 1 0 1 0 0 0 7
1 1 0 0 1 2 1 2 1 1 0 0 0 0 1 3 0 0 0 2 1 0 7 15 0 0 0 0 0 0 0 1 0 0 1 0 1 0 0 2 0 1 0 0 6 1 0 0 5 7
0 1 0 1 2 3 1 0 0 0 0 0 0 0 0 1 0 4 1 0 0 0 0 0 0 0 0 0 0 0 0 0 0 0 0 0 0 0 2 0 1 0 0 1 0 2 0 0 0 4
0 1 0 0 0 0 2 1 0 0 1 0 1 0 2 2 1 0 0 1 0 0 4 4 0 0 0 0 0 0 0 0 0 1 0 0 2 0 0 0 0 1 0 0 3 1 1 0 0 6
0 1 0 0 0 0 2 0 0 0 0 0 0 0 0 1 0 0 0 0 0 0 0 0 0 0 0 0 0 0 0 0 0 0 0 0 0 0 0 0 2 0 0 0 0 1 0 0 1 0
0 1 0 1 1 0 2 0 0 0 0 0 0 0 1 2 0 1 0 0 0 0 0 0 0 0 0 0 0 0 0 0 0 0 1 0 0 0 0 0 1 0 0 0 0 1 0 0 2 3
0 0 0 2 0 0 2 0 0 0 0 0 0 0 1 0 0 1 0 1 0 0 0 0 0 0 0 0 0 0 0 0 0 0 0 0 0 0 0 0 2 0 0 0 1 0 0 0 0 5
1 0 2 1 3 2 2 0 2 0 3 4 4 0 4 3 1 1 2 2 1 0 0 1 0 0 1 1 0 0 0 0 1 7 0 0 0 1 2 1 0 1 0 1 3 1 1 0 1 8
2 0 0 0 0 0 1 0 0 0 6 1 5 1 1 3 1 1 0 0 1 0 0 0 0 0 0 1 0 0 1 0 0 5 1 2 1 1 1 0 0 1 0 0 1 2 2 1 1 8
0 1 0 0 0 2 1 0 0 0 0 0 0 1 0 0 0 0 0 0 0 0 2 2 0 0 0 1 0 0 0 0 0 0 0 0 1 0 1 1 0 0 0 3 1 5 0 0 2 18
1 0 0 0 0 0 1 0 0 0 0 0 0 0 0 0 1 0 0 0 1 0 1 1 0 1 1 1 1 0 0 0 0 1 0 1 1 0 1 0 0 1 0 0 2 0 2 0 0 3
1 1 0 1 1 1 1 0 0 0 0 0 0 0 2 3 0 3 0 2 0 1 0 0 0 0 0 0 0 0 0 0 0 0 1 0 0 0 2 0 1 0 0 1 0 4 0 0 1 13
0 1 0 1 1 1 1 0 0 0 0 0 0 0 2 1 0 2 0 1 0 1 0 0 0 0 0 0 0 0 0 0 0 0 1 0 0 0 0 0 1 0 0 0 0 0 0 0 1 3
1 1 0 2 0 0 2 0 0 0 0 0 0 0 2 1 0 2 0 0 1 1 0 3 0 1 1 0 0 0 0 0 0 0 0 0 1 0 1 0 1 1 0 0 7 0 0 0 1 8
0 0 0 0 0 0 1 0 0 0 0 0 0 0 0 0 0 0 0 0 0 0 0 0 0 0 0 0 0 0 0 0 0 0 0 0 0 0 0 0 0 0 0 0 0 0 0 0 0 0
0 0 0 1 1 1 1 0 0 0 0 0 0 0 2 1 0 0 0 1 0 0 0 0 0 0 0 0 0 0 0 0 0 0 1 0 0 0 0 0 1 0 0 0 0 0 0 0 1 2
0 0 1 0 1 0 1 0 0 0 0 0 6 0 1 1 1 0 0 1 0 0 0 4 0 1 0 1 0 0 0 0 0 2 0 0 0 0 0 0 0 0 0 0 2 2 1 0 0 11
1 1 0 1 1 2 2 1 1 0 0 0 0 2 4 3 0 4 2 0 1 0 0 0 1 0 1 0 0 0 0 0 0 0 1 1 0 0 0 0 1 1 0 2 5 6 0 0 4 10
0 0 0 0 0 1 1 0 0 0 0 0 0 0 1 1 0 4 0 1 0 0 0 0 0 0 0 0 0 0 0 0 0 0 0 0 0 0 0 0 0 0 0 0 0 7 0 0 1 8
0 1 0 2 1 2 2 1 1 0 0 0 0 1 3 3 0 2 0 2 1 1 0 0 0 1 1 0 0 0 0 0 0 0 1 2 0 1 4 0 1 0 0 1 3 9 0 0 1 8
0 1 0 3 0 1 3 1 0 0 0 0 0 0 0 1 0 0 1 0 0 1 0 0 0 0 0 0 0 0 0 0 0 0 0 0 0 0 1 0 1 0 0 3 1 1 0 0 0 12
0 0 0 1 1 1 1 0 0 0 0 0 0 0 1 1 0 0 0 1 0 0 0 0 0 0 0 0 0 0 0 0 0 0 1 0 0 0 0 0 1 0 0 0 0 2 0 0 0 8
0 0 0 0 0 0 0 0 0 0 0 0 0 0 0 0 0 0 0 0 0 0 0 0 0 0 0 0 0 0 0 0 0 0 0 0 0 0 0 0 0 0 0 0 0 0 0 0 0 0
0 2 0 2 1 2 3 0 0 0 0 0 0 0 1 0 0 3 0 2 0 1 0 0 0 0 0 0 0 0 0 0 0 0 0 0 0 0 0 0 0 0 0 0 3 1 0 0 1 5
1 1 0 1 0 0 1 0 0 0 0 0 0 0 1 0 0 0 0 0 1 0 0 0 0 1 0 0 1 0 0 0 0 0 0 0 0 0 0 0 1 1 0 0 0 0 0 0 0 2
0 1 0 2 0 1 2 1 0 0 0 0 0 0 5 0 0 0 1 1 0 1 1 1 0 0 0 0 0 0 0 0 0 0 0 0 0 1 3 0 2 0 0 1 5 2 0 0 1 10
0 1 0 1 1 1 1 0 0 0 0 0 0 0 1 1 0 1 0 1 0 1 0 0 0 0 0 0 0 0 0 0 0 0 1 0 0 0 0 0 1 0 0 0 0 1 0 0 1 1
0 1 0 0 1 1 0 0 0 0 0 0 0 0 1 2 0 0 1 1 0 1 0 0 0 0 0 0 0 0 0 0 0 0 1 0 0 0 2 0 0 0 0 1 0 0 0 0 1 2
0 0 0 0 0 1 1 1 0 1 0 4 0 0 1 1 0 1 1 1 1 0 1 0 0 2 1 2 1 0 1 0 0 0 0 1 1 0 2 0 0 1 0 1 1 1 1 1 0 13
0 2 0 1 2 2 4 4 1 0 0 0 0 0 6 2 0 1 0 1 0 1 10 11 3 0 0 0 0 0 0 0 0 0 1 0 1 0 0 0 0 0 0 0 7 4 0 0 0 12
0 1 0 2 0 0 2 0 0 0 0 0 0 0 1 0 0 1 0 0 0 1 0 0 0 0 0 0 0 0 0 0 0 0 1 0 0 0 0 0 2 0 0 0 0 1 0 0 1 5
0 0 0 1 0 0 1 0 0 0 0 0 0 0 0 0 0 0 0 0 0 0 0 0 0 0 0 0 0 0 0 0 0 0 0 0 0 0 0 0 1 0 0 0 0 1 0 0 0 0
2 0 0 0 0 0 2 0 1 0 0 0 0 0 0 0 0 0 1 0 0 0 2 3 0 2 2 1 1 0 0 0 1 0 0 0 1 1 1 0 0 1 1 1 0 0 0 0 0 3
0 0 0 2 1 1 2 0 0 0 0 0 0 0 2 2 0 1 1 1 0 0 0 0 1 0 0 0 0 0 0 0 0 0 1 0 1 0 2 0 2 0 0 1 0 1 0 0 0 2
0 0 0 0 0 0 0 0 0 0 2 5 9 0 0 0 1 0 0 0 0 0 5 9 0 0 0 0 0 1 0 0 0 7 0 0 1 0 0 2 0 0 0 0 0 0 4 1 0 11
0 1 0 0 1 1 1 0 0 0 1 2 0 0 1 0 1 0 0 1 1 0 2 0 0 1 0 1 0 0 0 0 0 2 0 1 0 0 0 0 0 1 0 0 5 0 1 0 0 13
0 0 0 0 0 0 0 0 0 0 4 3 6 0 0 0 0 0 0 0 0 0 3 6 1 0 0 0 0 0 0 0 0 3 0 0 0 0 0 0 0 0 0 0 0 0 7 0 0 5
0 0 0 0 0 0 0 0 0 0 1 1 0 0 1 0 0 0 0 0 0 0 1 0 0 0 0 0 0 0 0 0 0 1 0 0 0 0 0 0 0 0 0 0 1 0 1 0 1 1
1 0 2 0 1 0 0 0 1 0 5 0 1 0 1 3 1 2 0 1 1 0 0 0 0 1 1 1 1 0 1 0 1 5 0 1 0 0 0 0 0 1 0 0 0 0 0 1 0 15
0 1 0 0 1 1 0 0 0 0 0 0 0 0 1 1 0 0 0 1 0 0 0 0 0 0 0 0 0 0 0 0 0 0 0 0 0 0 0 0 0 0 0 0 0 0 0 0 1 0
0 1 0 1 0 0 1 0 0 0 0 0 0 0 0 0 0 0 0 0 0 1 0 0 0 0 0 0 0 0 0 0 0 0 0 0 0 0 0 0 0 0 0 0 0 2 0 0 0 3
0 0 0 0 1 1 0 0 0 0 0 0 0 0 1 2 0 0 0 1 0 0 0 0 0 0 0 0 0 0 0 0 0 0 1 0 0 0 0 0 0 0 0 0 0 0 0 0 1 0
0 0 1 0 0 0 1 0 0 0 0 1 0 1 0 0 1 1 1 0 0 0 0 0 0 1 0 0 0 0 0 0 0 0 0 0 0 1 1 0 0 0 0 1 0 0 0 0 0 4
0 0 0 1 1 0 1 0 1 0 5 1 6 0 1 0 1 1 0 0 0 0 0 2 0 1 0 0 0 0 0 0 1 5 0 0 0 1 0 0 0 0 0 0 0 0 1 0 2 5
0 0 0 1 0 0 1 0 0 0 0 0 0 0 0 0 0 0 0 0 0 0 0 0 0 0 0 0 0 0 0 0 0 0 0 0 0 0 0 0 1 0 0 0 0 0 0 0 0 0
0 1 0 0 0 0 1 0 0 0 0 0 0 0 0 1 0 0 0 0 0 0 0 0 0 0 0 0 0 0 0 0 0 0 1 0 0 0 0 0 0 0 0 0 0 1 0 0 1 2
0 4 0 1 0 0 1 1 0 0 0 0 0 1 0 1 0 0 1 0 1 3 0 1 0 0 1 0 0 0 0 0 0 0 0 0 0 0 1 0 1 1 0 2 0 4 0 0 0 11
0 0 0 0 0 0 0 0 0 0 0 0 0 0 0 0 0 0 0 0 0 0 0 0 0 0 0 0 0 0 0 0 0 0 0 0 0 0 0 0 0 0 0 0 0 0 0 0 0 0
0 0 0 1 1 1 1 0 2 0 0 0 0 0 4 3 0 4 1 3 0 0 0 0 1 0 0 0 0 0 0 0 0 0 1 0 0 0 2 0 2 0 0 1 2 7 0 0 2 14
0 1 0 2 2 2 3 0 0 0 0 0 0 0 5 5 1 0 0 1 0 0 0 0 0 0 0 0 0 0 0 0 0 0 1 0 0 1 2 0 1 0 0 0 0 1 0 0 5 8
0 0 0 0 0 0 0 0 0 0 0 0 0 0 0 0 0 0 0 0 0 0 0 0 0 0 0 0 0 0 0 0 0 0 0 0 0 0 0 0 0 0 0 0 0 1 0 0 0 0
0 1 0 1 1 1 1 0 0 0 0 0 0 0 1 0 0 1 0 1 0 1 0 0 0 0 0 0 0 0 0 0 0 0 0 0 0 0 0 0 1 0 0 0 0 1 0 0 0 0
0 1 0 0 0 1 0 0 1 0 0 0 0 0 0 0 0 1 0 0 0 1 0 0 0 0 0 0 0 0 0 0 0 0 0 0 0 0 0 0 0 0 0 0 0 1 0 0 0 2
0 1 0 1 0 0 1 0 0 0 0 0 0 0 1 0 0 0 0 0 0 1 0 0 0 0 0 0 0 0 0 0 0 0 0 0 0 0 0 0 1 0 0 0 0 0 0 0 1 1
0 3 0 1 2 1 3 0 0 0 0 0 0 0 2 2 0 1 0 3 0 1 0 0 0 0 0 0 0 0 0 0 0 0 1 0 0 0 0 0 1 0 1 0 0 0 0 0 1 1
0 1 1 0 0 0 1 0 0 0 3 1 1 0 1 0 1 2 0 1 0 0 0 0 0 0 0 0 0 0 0 0 0 2 0 0 0 0 0 0 0 0 0 0 0 1 2 0 0 6
0 1 0 0 0 0 0 0 0 0 0 0 0 0 0 0 0 0 0 0 0 1 0 0 0 0 0 0 0 0 0 0 0 0 0 0 0 0 0 0 0 0 0 0 0 0 0 0 0 0
0 1 0 3 3 1 4 0 0 0 0 0 0 0 6 2 0 0 1 3 0 0 4 2 0 0 1 0 0 0 0 0 0 0 0 0 0 0 2 0 0 0 0 1 6 0 0 0 2 6
0 1 0 2 1 1 2 0 0 0 0 0 0 0 2 2 0 0 1 1 0 1 0 0 0 0 0 0 0 0 0 0 0 0 1 0 0 0 2 0 1 0 0 1 1 1 0 0 1 2
1 0 0 2 0 1 7 0 0 1 7 0 3 0 6 4 0 1 0 1 3 0 0 1 0 0 0 2 1 0 1 0 0 7 0 1 2 0 2 0 0 1 0 2 4 0 1 1 2 13
0 0 0 0 0 0 3 1 0 1 0 0 0 0 0 0 0 0 1 0 0 0 0 0 0 0 0 0 0 0 0 0 2 0 0 0 1 0 2 0 0 0 0 1 1 1 0 0 0 17
1 0 7 0 0 0 0 6 2 0 1 5 7 0 1 1 2 0 0 0 1 0 4 5 2 1 2 1 1 0 0 0 1 7 0 1 0 0 0 2 0 1 0 0 0 3 2 0 2 2
0 1 0 2 2 1 2 0 0 0 0 0 0 0 2 3 0 0 1 2 0 1 0 0 0 0 0 0 0 0 0 0 0 0 1 0 0 0 1 0 2 0 0 1 0 1 0 0 2 2
0 1 0 2 1 2 2 0 0 0 0 0 0 0 2 2 0 1 0 1 0 1 0 0 0 0 0 0 0 0 0 0 0 0 1 0 0 0 0 0 2 0 0 0 0 2 0 0 1 8
0 3 0 1 2 1 6 0 0 0 0 0 0 0 3 2 0 2 1 1 0 0 0 0 0 0 0 0 0 0 0 0 0 0 0 0 0 0 3 0 0 0 0 1 1 1 0 0 1 18
0 1 0 1 0 0 1 0 0 0 0 0 0 0 0 0 0 0 0 0 0 1 0 0 0 0 0 0 0 0 0 0 0 0 0 0 0 0 0 0 1 0 0 0 0 1 0 0 0 2
0 0 0 0 0 0 0 0 0 0 0 0 0 0 0 0 0 1 0 0 0 0 0 0 0 0 0 0 0 0 0 0 0 0 0 0 0 0 0 0 0 0 0 0 0 0 0 0 0 0
1 1 2 0 0 0 1 1 0 1 1 1 2 0 1 0 1 2 0 0 1 0 1 1 0 1 1 1 1 0 1 0 0 0 0 1 1 1 0 1 0 1 0 0 0 3 3 1 1 3
1 1 0 0 0 1 1 0 0 0 0 0 2 0 2 1 1 2 0 0 1 0 0 1 0 1 1 1 1 0 0 0 0 1 0 1 0 0 0 0 0 0 0 0 0 0 0 0 2 12
0 1 0 0 1 1 1 0 0 0 0 0 0 0 0 1 0 4 0 4 0 0 0 0 0 0 0 0 0 0 0 0 0 0 0 0 0 0 0 0 0 0 0 0 0 7 0 0 2 8
0 1 0 0 0 0 2 0 0 0 0 0 0 0 0 0 0 0 0 0 0 1 0 0 0 0 0 0 0 0 0 0 0 0 0 0 0 0 1 0 2 0 1 0 0 3 0 0 0 2
0 0 0 0 1 1 0 0 0 0 0 0 0 0 1 2 0 0 0 1 0 0 0 0 0 0 0 0 0 0 0 0 0 0 1 0 0 0 0 0 0 0 0 0 0 0 0 0 2 0
0 0 0 2 0 1 2 0 0 0 0 0 0 0 3 2 0 0 1 1 0 0 0 0 0 0 0 0 0 0 0 0 0 0 1 0 0 0 2 0 2 0 0 1 0 0 0 0 1 3
0 1 0 0 0 1 0 0 0 0 0 0 0 0 0 0 0 4 0 0 0 0 0 0 0 0 0 0 0 0 0 0 0 0 0 0 0 0 0 0 0 0 0 0 1 4 0 0 1 12