0
1
3
4
5
7
11
12
13
14
17
18
19
21
23
25
27
28
31
35
36
38
39
40
41
42
43
44
49
50
52
54
55
57
58
59
63
65
69
74
75
76
77
81
82
84
85
86
88
93
96
98
100
102
103
104
105
107
109
111
112
113
117
118
120
121
123
124
125
127
129
134
135
136
138
142
144
146
148
149
155
156
158
161
165
168
170
176
177
179
183
185
189
193
196
203
204
205
206
207
209
211
212
215
216
218
221
222
223
226
228
230
232
234
235
236
240
241
242
244
246
249
250
252
254
257
258
259
261
262
263
264
268
270
273
275
276
277
278
279
281
282
285
287
288
289
291
293
296
301
302
303
304
305
306
308
311
312
315
316
317
318
319
320
321
322
326
327
331
332
333
334
336
340
341
342
343
346
350
351
352
353
356
357
359
361
362
365
366
368
369
372
376
377
378
386
387
388
392
394
400
402
405
406
408
409
411
412
413
414
416
418
419
422
423
424
428
429
431
432
435
436
437
445
446
449
450
451
454
457
459
461
465
466
468
472
473
474
475
479
481
483
484
486
487
488
492
494
495