117.92370414806346 130.18448448259878 175.8721126273293 170.5637710652529 133.70115930686615 134.27211177307072
119.95832609702421 133.47658970770868 171.54299752540177 179.02513789968157 132.4462154989715 133.33041663476493
104.4030650891055 120.797350964332 168.62680688431482 163.67040050051813 115.33429672044652 116.00431026474836
108.62320194139004 122.84543133547946 166.07227342335023 169.3546574499798 131.21356637177422 120.85528536228773
125.06398362438324 133.69741957120937 176.19875141441838 176.91523393987302 143.00699283601483 132.8457752433249
112.37882362794157 121.23943252918994 168.98520645310938 169.30150619530826 136.94889557787604 128.7400481590713
92.40129869217208 113.60457737256893 166.484233487739 162.82505949638096 115.32562594670796 115.21718621802913
99.9499874937461 122.71919165313956 166.6823325970692 166.50525517232182 119.08820260630354 120.73524754602526
115.36463929644994 128.68177804180357 172.2556240010758 177.12425017484196 138.08330818748513 126.54643416548726
116.68333214302719 127.92575972023774 169.49336270190642 175.49643871030545 132.66876045248935 125.45915670049756
111.32385189167684 122.24156412611875 172.52246230563716 160.09684569035082 120.0541544470661 118.83602147497197
92.12491519670452 106.46595700034824 163.43806166251483 159.39573394542276 111.71839597846005 101.97058399362044
108.34666584625482 122.98373876248843 174.28711943227475 167.7110610544218 120.06248373242992 119.34822998268554
102.61578825892242 117.05554237198682 171.93312653470826 168.03571049035975 109.39835464941875 113.10614483749325
92.57969539807311 111.14405067298924 168.02975926900567 167.5022387910084 111.48542505637228 104.82366145102927
83.3186653757728 109.42577392917995 154.58007633585902 153.0098036074813 104.04806581575652 106.20263650211326
93.47726996441435 122.55610959882824 164.55090397806995 163.2360254355637 121.01239605924675 117.89402020458883
91.804139340228 119.54078801814885 160.82599292402955 158.9528231897754 107.95369377654477 117.40102214205803
94.30800602281866 118.51582172857766 165.13933510826547 160.1873902652765 119.858249611781 119.44454780357285
78.18567643756751 114.34596626029271 157.13051899615172 158.96855034880326 116.3915804515086 108.01851693112621
106.57391800998967 129.6919426949878 172.1772342674838 161.68487869927725 134.1118935814419 132.102233137824
89.38679992034618 117.88977903109328 163.59400967028103 163.8596960817394 114.60366486286553 109.77704678119193
97.91322688993556 119.83738982471205 161.74671557716403 162.07097210790093 120.66068125118473 111.3822247937255
94.76286192385707 128.2107639786925 166.23176591734807 160.52414148656894 113.78927893259541 118.76447280226525
82.84322543213779 117.28171212938528 158.60643114325472 154.4182631685773 112.69871339105873 109.37092849564732
89.38679992034618 116.22392180614109 154.8321672004884 158.72617931519676 121.21056059601408 114.9565135170687
98.88882646689666 128.94572501638044 165.46298679765212 162.93250136176025 123.97983707038819 122.22111110606056
108.30050784737807 141.5167834569455 167.51119365582707 165.77997466521703 134.70337783441067 136.95254652615992
99.3529063490344 129.2555608088101 167.80941570722425 161.91664522216362 124.99199974398361 121.04544601099208
108.59097568398582 133.06389442670013 174.2096438203121 163.15636671610457 125.80143083447024 127.63620176109912
69.57010852370435 114.39405578962571 151.87165634179408 154.84831287424478 118.67602959317438 108.77040038539897
91.92388155425118 133.4241357476225 166.0210829985156 164.47492210060474 127.03542812932147 126.86607111438424
81.08637370113428 117.99576263578281 158.80176321439257 162.0586313653179 120.24558203942463 111.82128598795491
99.20181449953424 123.10564568694646 154.5833108715168 149.80320423809366 122.54386969571347 118.79393923933998
100.80674580602232 121.55657119218195 161.01242188104618 169.1389960949278 120.25805586321442 119.12598373151006
89.19080670113932 115.60709320798617 165.8010856418015 161.5704180844996 121.4207560510146 110.20889256316842
188.04254837669055 178.96368346678608 222.04278866921123 223.26217771937996 192.07290282598427 173.09246084101989
78.70196947980399 115.19548602267365 160.80111939908875 159.72476326481126 115.02173707608489 107.36386729249277
96.51424765287247 121.98770429842509 163.71316379570703 168.40724449975423 116.69190203266035 118.17783210061013
69.15923654870693 110.83771921146699 155.1773179301666 156.08010763707205 111.19802156513397 102.78132126023678
94.39279633531363 126.4199351368288 163.26359055221099 166.29491874377882 130.927460832325 123.8587905640936
112.9778739399888 130.3533658944026 167.97916537475712 159.4741358339966 129.1743008496659 129.1239714383042
112.80957406177899 142.80056022299073 170.4083331295744 172.41809649801846 137.5281789307195 136.68577102244404
96.29641737884126 131.8142632646407 160.61133210331082 172.20627166279397 134.32423459673984 125.57866060760483
71.5122367151245 113.50770898930169 156.2209973083004 156.09612423119287 115.41230437002807 105.8158778255891
78.11529939774923 120.68139873236471 165.90660023037057 161.00931650062986 115.74973002128341 113.21219015636082
85.246700815926 119.80400661079746 161.37533888422976 156.3873396410336 105.93866149805746 112.49888888340186
80.97530487747484 118.38496526164123 157.08596372687154 157.41346829290052 122.86984984120393 112.79184367674819
98.85848471426213 129.24782396620841 162.94170736800322 165.75584454250776 122.76400123814798 119.40686747419514
85.72047596694736 122.2620137246234 162.35455029040608 163.21764610482532 122.13107712617621 115.0
65.81793068761733 106.58330075579383 150.58884420832774 151.28780519261954 107.3126274023705 100.60318086422517
115.34730165894649 141.37538682528864 164.0365812860046 172.4441938715247 136.0183811107896 139.6352391053204
94.65727652959386 123.28828005937953 164.1554141659665 161.57970169547906 119.3901168438996 117.23054209547954
90.90104509850258 121.68401702770993 157.44840424723267 162.6806687962648 122.20883765096532 119.98333217576514
73.55949972641196 116.3915804515086 154.86768546084753 158.1043958908164 110.24971655292362 108.07404868885037
92.15204826806618 121.5236602477065 161.26685958373469 166.48723674804626 126.0317420335052 119.89578808281799
93.78699270154684 128.3822417626363 167.10774967068403 166.7932852365466 128.2497563350512 121.78259317324459
103.16976301223144 134.32795688165587 173.3176274935703 173.56266879718115 136.3011371926148 130.11149065320865
95.99479152537391 134.86660075793412 168.5645277037847 168.67424225411537 132.9699214108213 129.2749008895385
90.6311204829776 125.15590277729612 161.13038198924497 160.76691201861158 116.67904696216884 118.33427229674419
89.92218858546538 129.6225289060509 166.3159643570033 167.72000476985446 127.61661333854617 121.09913294487289
82.93370846646133 118.56643707221703 163.09812997088594 160.72958657322553 115.08257904652642 109.65856099730654
91.16468614545876 122.82914963476708 168.4755175092215 165.57475653009428 114.23221962301179 115.89650555560335
87.14929718592113 124.77579893553076 170.03529045465825 163.17781711985242 116.26263372210352 116.10340218959993
76.4198926981712 124.9879994239447 160.40261843249317 164.56609614376833 124.2014492669067 116.40017182117903
110.3675676999362 137.11673858431726 171.38261288707207 166.9520889357183 128.75169901791588 132.31779925618474
89.91106717195609 127.94530081249565 167.59176590751707 168.08926200087856 124.7477454706096 118.9243456992722
79.42291860665912 115.78428218026832 155.29649062358106 156.3009916795156 114.27160627207444 105.3897528225586
91.0494371207203 119.04620951546504 166.3159643570033 163.15636671610457 111.65124271587845 114.01315713548152
79.19595949289332 125.04399225872469 162.7298374607435 160.39326669159152 118.490505948789 111.63780721601441
96.93812459502195 124.28596059088895 162.5730604989646 163.1349134918703 116.71760792613941 110.74294559925703
89.00561780022652 126.84636376341263 169.51991033504 170.7161386629864 127.18490476467717 123.45444503945575
91.53687781435414 126.67675398430448 169.4284509756257 163.19620093617377 121.52777460317456 115.68923891183657
97.82126558167197 127.38524247337287 163.30339861742007 163.45947510009935 128.81381913443914 120.86355943790502
86.38865666278183 128.23026163897507 164.19500601419034 165.8282243769136 122.89426349508751 120.48236385463227
0.0 107.68472500777443 152.9803909002719 154.40207252495026 104.22091920531118 96.01562372864116
100.70253224224304 135.2442235365341 173.49351572897473 164.17977951014552 127.94139283281233 125.42726976220123
89.21883209278185 134.92219980418344 172.02616080119907 170.71028088548152 125.52290627610564 125.27170470621049
77.30459236035075 123.39367893048654 162.70525498581785 160.79800993793424 121.92620719107111 112.34322409473569
95.97916440561461 137.17871555019022 169.73803345155144 167.65440644373174 131.293564198707 125.07197927593535
89.67719888578144 116.72189169131899 160.52725625263767 152.4073489041785 107.19141756689292 109.13752791776072
95.79144011862438 133.2816566523691 163.42888361608544 162.27754003558226 125.92060990957755 126.36850873536493
100.82162466455298 141.18427674496903 171.25419702886117 174.89139487121716 138.68309197591464 131.78011989674314
68.10286337592568 121.35897165022452 160.37144384210052 163.3217682980441 119.20570456148481 111.23398761170077
71.83313998427188 123.8305293536291 160.844645543456 158.67577004697347 114.46396812971321 113.25634640054393
95.69221493935649 128.2380598730346 161.05899540230592 164.2954655491137 129.24782396620841 124.18534535121283
93.7923237797209 135.38463723776047 164.28024835627684 166.89817254841347 129.6803763103732 125.5706972187381
107.09341716464182 140.09639538546307 168.31518053936787 168.55562879951532 133.5926644692739 132.664991614216
62.93647591023825 112.46777316191515 156.74182594317318 157.60393396105314 111.29690022637648 101.31140113531151
73.55270219373317 116.3958762156117 160.09684569035082 162.81891781976688 121.98360545581525 113.57376457615553
99.77975746613137 137.94926603646718 165.65928890345992 165.96385148579796 133.30416347586447 129.3715579252256
102.00980345045274 139.29106216839614 169.42549985170473 174.66539439740203 137.30986854556377 132.80436739806413
64.13267497929586 113.1238259607586 151.53877391611692 153.89281984550158 111.26994203287786 105.33755265810954
86.70640114778148 126.7911668847637 163.7345412550449 166.21070964291079 124.1370210694618 124.55922286205868
86.95976080923866 129.81525334104617 163.97865714781298 161.58589047314743 127.16131487209465 122.24974437601087
188.3454273402994 191.76548177396265 226.17471123005774 223.91516250580264 189.27757394894937 174.57663073848116
180.9834246554087 178.21616088334974 220.55838229366844 217.60744472558838 179.66914036639682 168.7187008010671
181.22913673027304 178.28628662911794 219.3467574412715 221.32781117609238 185.97849338028308 166.10538823289266
192.23423212320952 187.20576914187234 229.0960497258737 224.7798923391503 197.0989599160787 181.73332110540434
164.91209779758427 164.2985088185526 195.99744896299032 201.48945381830782 167.68422704595682 167.05388352265265
144.50951525764663 134.4953530795767 175.3909917869216 183.81784461798043 148.8321201891581 138.06520198804623
186.884991371699 182.90981384277882 223.04932189988833 223.45916852973386 186.05375567292373 168.46661390317072
192.3408432964772 189.26964891392387 226.50386310171402 227.88374228979126 191.85150507619167 176.0454486773231
115.66330446602328 115.62006746235707 166.50825805346713 160.00624987793447 125.13193037750197 120.55289295574785
180.70141117323905 174.22112386275091 217.02073633641555 220.5697168697462 177.09037240911772 166.84723551800312
185.15939079614623 183.07375562870828 223.56878136269384 221.7385848245632 184.19554826325202 168.5852899869974
188.30825791770258 176.11359970201053 216.8340379184043 219.91361940543837 186.11286898008962 175.30259553126987
180.7788704467422 182.7867610085588 222.62973745661202 218.38269162184076 186.57170203436533 166.75730868540666
191.6402880398587 187.64860777527767 224.7954625876599 227.99561399290118 186.9598887462228 174.38749955200345
110.06361796706484 114.37657102746174 154.042202009709 161.4249051416788 126.07934009979589 113.04423912787418
192.9196724027905 187.7338541659442 221.32555207205516 222.4589849837493 194.11336893681485 189.48614725092702
126.81482563170601 96.91233151668574 164.54482671904336 156.26899884494046 125.22779244241272 122.91053657030385
178.51890656174209 171.77601695230913 215.93054438869922 216.9354742774911 179.36833611315015 162.77591959500643
183.2593790232849 181.18498834064593 214.10978492352936 213.88782106515555 184.4776409216033 183.49114420047633
107.68472500777443 0.0 150.2165104108067 159.34867429633672 107.97221864905805 95.58765610684259
142.07040508142433 129.22847983320085 177.23712929293342 183.94564414522026 152.78743403827423 137.648102057384
126.70832648251653 105.68348972285122 167.40967713964446 163.5328713133846 127.06297651164952 122.0245876862528
132.7365812427004 118.3934119788766 166.5232716469383 160.0218735048431 127.92575972023774 135.2701001699932
109.60383204979651 89.77193325310535 151.1158495989087 150.5489953470298 113.82881884654694 102.18610473053565
179.43522508136468 166.1535434470177 211.02606474082768 215.45533179756774 177.97471730557686 164.7604321431575
190.97643833729856 182.62529945218432 223.77444000600246 226.37137628242667 194.0257714840995 177.25405496066938
134.8591858198766 137.6117727521886 193.70080020485202 183.19115699181552 150.35624363490862 145.89722409970656
154.0811474515945 158.85528005074303 207.09901013766338 189.7814532561072 166.5562967888035 164.56609614376833
186.97058592195725 180.21653642216077 222.29484924307175 226.15481423131368 193.41147845978531 177.96909844127435
183.74166647769363 181.94229854544545 216.0509199239846 215.58524995926786 185.92202666709505 174.32727841620198
102.36210236215355 102.77159140540736 159.8718236588299 163.25440269714014 119.27279656317278 109.7679370308106
142.9930068220121 154.48300877442801 201.41002954172862 182.10161998181127 159.90309565483716 156.46085772486356
185.63674205285977 181.4359391079948 218.4078753158869 212.75572847751948 185.878992895916 189.1877374461675
107.75435026020992 96.55568341635825 151.77615095923338 156.43209389380428 112.97344820797495 111.6422858956229
185.1404871982355 177.70481141488546 222.12158832495322 224.90220096744272 186.7270735592458 169.85876486069242
172.87567787285752 168.4280261714184 207.91584836178313 210.6751053162191 176.38594048279472 170.4083331295744
137.09850473291092 133.19909909605244 180.44666802132977 176.62955585065598 147.02380759591284 142.44648117801998
102.66937225872184 116.59759860305871 166.89517668285083 169.08281994336386 130.12686117785213 123.18279100588686
99.51381813597547 86.91950298983537 146.3830591291219 144.30869689661813 107.10275439968852 102.60604270704528
106.92988356862641 91.19210492142398 157.01273833673497 159.9874995116806 119.18053532351665 111.00900864344298
127.89448776237387 106.09901036296239 163.1441080762649 165.13327950476852 124.84790747145104 121.82774724995944
177.52464617624224 169.54940282997165 211.0213259365034 216.94008389414807 181.3918410513549 167.40370366273262
121.50720143267229 101.91172650877817 157.97151641989134 158.50552040859648 126.76750372236569 118.59595271340417
126.85424707119584 114.93476410555685 156.23379916010492 162.32683080747927 128.2107639786925 130.47221926525202
177.2004514666935 179.8999722067794 212.31815749012142 211.0071088849852 181.64801127455263 180.8120571200936
109.01834707974616 84.36231386110744 149.1174034108695 151.56186855538567 109.05503197927182 105.1284928076114
180.43281298034458 177.87636155487328 215.6687274502263 216.35618780150477 181.8130908378162 175.45654732725137
133.0338302838793 125.90472588429714 167.75875536018978 170.89763017666453 144.81712605904042 136.84662947986698
128.47957036042735 111.87939935484101 166.55329477377504 168.3181511305302 136.53204751998703 128.41339493993607
179.61347388211163 170.83617883809038 215.97685061135604 215.55741694499866 183.24027941476186 165.3178756214826
176.8219443394965 176.22712617528552 208.58331668664204 211.0071088849852 176.74275091216612 178.85468962260956
182.1318203939114 169.4815624190431 216.95852138139216 218.6869909253863 183.62461708605412 169.9499926448954
124.73972903610141 115.42096863222038 162.85269417482783 167.6722994414999 135.94851966829208 126.81088281373961
180.3995565404749 168.01785619391768 216.09488656606385 216.7256330017287 180.14993755202914 167.07782617690475
173.64907140552177 167.00898179439332 212.69931828757703 213.030514246199 180.18878988438766 160.42755374311483
187.98138205684094 174.16945771288374 218.3575050232989 219.1049976609388 187.6832437912346 174.8656627242753
122.36012422353943 101.65628362280415 168.88753654429328 164.61470165206995 134.49907062875937 126.70832648251653
101.79390944452423 95.4567965102538 153.86682553429117 159.78735869899094 123.5394673778384 113.1238259607586
108.3789647487002 84.41563836162112 153.7693077307692 158.86472232689044 117.27744881263405 111.61093136427094
184.87833837418594 179.13123680698462 221.51523649627356 222.49943820153794 194.24726510301247 175.02285565034072
179.47423213375228 170.3789893149974 216.2960933535324 219.99772726098786 186.45374761586316 165.53549468316456
120.00833304400157 91.85858696931932 150.94701056993478 162.09256614663116 122.60505699195282 109.83168941612435
119.6536668890678 107.33592129385204 160.76691201861158 161.46516652207063 124.42266674525185 123.83860464330176
103.71113729971339 77.78174593052023 148.5631178994302 152.10522673465235 103.02426898551623 98.75727821279807
118.61281549647154 94.11163583744573 159.75606404765986 161.4032217770141 119.08400396358866 109.41663493271945
92.05976319760984 89.57120072880568 152.4663897388536 154.71586861081832 104.47487736293353 94.03190947758107
120.85114811204733 98.87871358386495 159.69971822141704 169.0295832095672 127.07871576310488 112.22299229658778
114.95216396397242 95.91663046625439 165.37533068750005 156.57586020839867 116.96153213770756 114.6778095361086
186.41351882307248 173.19930715796758 215.7753461357437 217.2418007658747 179.82213434391218 177.94100145834855
110.01818031580054 83.60621986431393 150.68178390236824 155.59562975867928 109.73604694903129 107.2147377928986
181.38908456685039 170.5637710652529 219.11412551453637 218.8515478583599 190.51509126575775 168.97632970330488
180.85906114983567 179.22611416866684 126.69254121691615 206.78007640969668 174.18381095842403 187.3739576355263
165.3420696616563 167.37980762326143 108.57716150277645 199.08289730662452 174.5279347267938 172.2120785543221
233.95512390199963 231.18607224484782 202.94334184693028 257.40046620004404 232.6349070969359 222.7015940670385
218.78299751123257 215.8842282335604 187.77380008936285 249.43536236869062 220.15449121014996 206.60832509848194
224.755422626463 221.98873845310263 192.80560157837738 253.62373705944796 224.5373020235168 211.8773229961149
169.50811190028637 172.89013852733186 114.42027792310242 196.07396563542034 162.48384535085327 173.33205127730994
178.53291013143766 184.27696546231707 136.53937161126822 209.59484726490774 178.06178702910964 185.86285266292455
170.6487620816512 161.78071578528758 100.90589675534329 205.25837376341067 165.64721549123607 172.0
214.6438911313341 218.20632438130662 182.42532718896246 240.19159019416145 214.8720549536398 215.974535536021
173.92527130926086 178.51050389262812 123.35720489699821 204.15190422819964 174.20103329199858 178.67568385205638
169.3782748760891 170.3965962101356 103.53743284435828 200.3272322975586 164.86054712999106 177.7526371112395
167.14365079176653 168.48442064475873 97.49871794028884 194.12109622604135 164.60558921251732 176.05112893702216
171.3942822850284 162.03703280423275 102.9417310909429 201.50434238497195 175.54486605993353 176.28102563804194
181.3945974939717 174.53939383417142 109.80437149767764 207.79316639389276 169.8646520027048 184.06792224611002
171.36218952849546 175.09711591000007 115.20416659131735 205.24375751773792 169.26015479137433 179.42129193604643
178.68687696638497 179.10053042914194 118.1185844818672 203.12803843881326 162.61303760769 182.94808006644945
166.0 167.6663353210775 116.36580253665593 204.1470058560742 161.70343224557726 167.32304085211933
170.1323014597757 175.9119097730452 113.46365056704283 199.19086324427633 166.3640586184408 178.2806775845324
170.41126723312635 174.99714283381886 109.83168941612435 205.07559581773742 171.03216071838654 183.88311504866346
176.81063316441123 171.8778636125083 95.4829827770373 202.85955732969546 171.41761869772895 179.39620954747065
170.66927081346543 172.2149819266605 118.1482120050913 201.275930006546 168.25575770237404 176.84739183827395
170.60187572239644 170.60187572239644 105.97169433391164 204.3257203584512 168.05058762170395 176.91806012954132
178.44887222955487 169.48746266317164 113.39753083731586 203.7253052519495 165.74679484080528 176.9887002042786
180.0444389588304 183.3684814792335 133.4053971921676 208.51858430365385 174.64821785520743 186.50737250843463
167.1496335622666 171.11107503607124 113.63978176677391 199.8874683415646 166.844238737812 174.73408368146153
215.5110205998756 211.36461387848252 179.13681921927719 247.05262597268623 214.2545215392198 203.16495760834349
220.34745290109436 217.211878128246 189.97368238785077 252.99604739995445 219.8522230954238 209.41824180333478
171.17826964892478 171.0555465338672 100.03499387714281 195.94386951369518 165.64419700067975 177.98595450203368
164.33502365594498 167.6007159889241 97.2265395866787 194.59188061170485 161.22034611053283 174.10054566255673
167.68124522438399 170.80690852538723 100.08995953640904 195.9617309578582 163.37380450978057 177.85949510779568
170.49633427144408 171.64789541383837 105.98113039593416 198.13884021059576 169.86759549719895 176.38594048279472
160.15305179733542 162.9570495560103 93.40235543068493 195.4149431338351 154.40531078949326 169.13308369446824
168.79573454326385 169.4048405447731 112.60106571431729 204.9634113689563 167.48134224444226 174.0775689168481
221.18996360594664 219.97954450357423 188.98677202386415 251.31852299422738 223.92632717034414 210.14280858501917
177.6626015795108 173.5857136978732 106.44716999526104 202.2918683486808 164.08534364774937 181.95878654244757
179.4686602167632 179.61347388211163 123.68508398347798 208.35786522231408 173.60011520733505 183.03005217723125
166.14451540752106 159.7185023721422 98.84836872705588 201.40009930484146 167.86303941010956 173.44451562387323
166.28890522220658 166.25883435174205 91.1756546453054 196.56551070826234 166.87720036002523 175.08569330473577
180.25260053602557 175.21130100538608 115.56816170554933 206.37102509800158 164.13713778423212 184.42884806884197
217.05068532487982 215.87264764207623 186.14510468986285 250.3297824870225 220.0840748441377 205.94659501919423
175.63314038073793 175.35392781457733 98.95453501482385 197.7953487825232 159.06916734552928 182.46095472730596
167.17655337995217 163.6765102267274 82.48030067840442 195.70896760240703 167.6186147180557 171.64206943520577
166.84723551800312 166.38509548634457 95.98437372822724 194.3347627162984 164.78470802838473 173.59435474692143
159.66527487215245 162.9202258775748 91.0494371207203 196.49681931267997 162.34839081432253 166.5292767053289
168.70981002893697 171.62459031269384 102.03920815059278 204.67290978534507 168.70388258721255 178.7568180517879
175.89485495602196 178.3900221424954 116.73045875006231 206.5502360201992 168.78092309262917 184.43427013437605
166.93711390820198 168.25575770237404 101.24722218411723 201.26102454275642 166.6913315082701 176.16185739256952
175.37673733993344 170.78348866327798 111.01351269102334 200.9701470368174 167.9613050675661 179.6941846582688
161.18932967166282 163.48700254148645 82.17663901620703 193.28217714005604 164.2985088185526 170.30267173476756
164.96363235574077 171.4497010787712 103.3537614216338 193.69821888700992 169.25424662323837 173.65483005087995
174.1034175425629 168.90825912311098 104.88565202161828 197.86864329650618 162.191245139804 178.46848461283017
171.67410987099947 176.0454486773231 109.45775440780794 196.99746191258404 167.5768480429203 180.43004184447778
166.652332716947 170.18519324547597 97.9081201943945 201.02984853001308 167.77067681809 176.61257033405067
172.26433176952216 175.8379936191266 107.71258050942797 204.12006270820123 170.8010538609174 179.404570733301
172.33397807745285 166.73631877908304 101.58740079360236 203.60009823180343 160.61444517850816 176.71445894436596
163.55121522018723 162.15116404145854 88.9606654651369 192.84449693989197 163.84443841644426 172.18013822738092
173.66058850527946 172.74258305351347 113.32696060514462 198.36330305779848 178.02247049178933 177.9578601804371
174.4591642763429 174.92855684535903 101.18794394590691 197.83831782544047 172.9624236647949 182.9289479552102
168.30032679706835 165.24224641416615 92.81163720137685 195.58374165558854 163.75286257039906 172.26723426119082
159.25765287734214 160.53348560347152 78.01281945936834 195.31256999998746 166.75431028911967 167.89282295559866
161.67250848551834 160.1749044014074 86.00581375697809 193.68014869882768 165.26342608090877 167.8541033159452
172.72521529875132 170.17050273181894 96.42095207992918 201.11688143962456 170.33496411482875 175.43374817862156
172.99132926248066 170.19400694501556 107.2147377928986 193.2097306038182 173.216627377397 181.8213408816468
214.8348202689685 214.83016547961788 184.00271737123884 248.48339984795766 220.3043349550798 205.65748223684935
157.7529714458653 153.63593329686907 65.10760324263211 189.8789087813599 159.03458743304867 158.97484077677197
163.49617732534298 161.13658802394943 92.41212041718337 190.5019684937665 167.59176590751707 167.36188335460378
170.1616878148545 168.55562879951532 107.15409464878138 195.83411347362338 162.42844578459773 176.67484257811014
160.90369790654285 164.98484778912274 94.5568612000208 195.2690451658941 159.81239000778382 170.89470442351336
167.91366829415645 166.00903589865223 99.72963451251589 198.0631212517868 167.49626861515452 177.9213309302738
168.79573454326385 167.2064592053788 102.51341375644458 195.71918659140192 155.55706348475468 173.58283325260018
158.30034744118535 158.97484077677197 83.36666000266533 192.91708063310517 169.01183390520322 168.53486286225768
152.9803909002719 150.2165104108067 0.0 188.54442447338505 157.3944090493687 158.67577004697347
161.25445730273628 158.93080255255745 78.07688518377255 193.56910910576616 161.32885668720274 166.29491874377882
163.11345744603662 159.68719422671313 80.86408349817613 194.37592443510076 157.08596372687154 165.54455593585675
166.3640586184408 160.25292509030842 92.2062904578641 188.28967045486058 157.02547564010115 168.6238417306402
163.3370747870795 157.534123287623 65.16133823057964 190.2077811236964 160.3527361787132 166.70932787339765
163.3217682980441 158.64425612041552 74.23610981186985 192.25503894566717 161.09624452481813 165.46600859391032
159.63082409108839 153.19921670818033 77.86526825228306 188.88091486436633 160.7109205996904 161.74362429474616
165.37835408541227 162.62226169869857 82.39538822045807 194.8383945735542 167.14065932620943 171.71196813268432
161.74362429474616 153.64569632762255 86.1974477580398 189.7919914011126 153.39817469578966 163.43194302216443
168.6297719858507 165.94577427581578 97.81104232140663 197.08373854785685 173.18198520631412 175.19988584471167
174.58522274236157 166.8891847903872 100.41414243023739 192.681083658983 171.5925406304132 177.49647883831386
217.67406827640264 216.48094604375694 188.0026595556563 247.34995451788544 221.92341021172146 209.5304273846641
155.9230579484638 150.69173832695674 76.77890335241837 184.91619723539634 154.5639026422405 155.92626462530293
163.5328713133846 162.24364394329905 90.39911503991618 186.51273414970893 164.49620056402517 169.42254867637897
162.97852619286996 163.63984844774208 89.2468486838611 193.75758049686726 166.02409463689298 170.98830369355676
169.07394831847986 165.08785539826968 86.50433515148244 196.96700231257012 167.46940019000485 174.6682569902156
164.66936569987752 160.0 76.909037180295 191.29035521949348 159.6120296218302 166.7063286141231
161.36604351597643 158.24980252752292 79.66178506661774 194.91793144808406 156.02243428430413 165.62608490210712
167.85708206685828 168.23198269056928 98.70663604844408 195.45331923505418 173.84475833340503 177.41758650145144
163.67956500430955 161.67560112769027 75.53806987208503 193.3726971420733 155.9967948388684 168.01190434013895
159.6339562875017 156.03525242713584 88.03408430829505 193.1657319505714 157.9145338466349 167.17655337995217
160.0562401157793 161.07762104029226 92.67685795278129 190.6410239166796 155.9166443969341 167.84814565552995
167.69019053003666 166.68533228811705 89.89438247187641 198.83661634618508 163.49923547221866 175.98011251274957
153.12413265060476 153.74329253661767 83.23460818673925 188.70347108625214 160.14056325615942 159.76858264377262
157.8923684032892 160.822883943797 86.52745229116596 189.62594759156775 162.75748830699004 167.81239525136397
169.22470268846686 164.67240205936147 98.74208829065749 181.78833845986932 158.60327865463563 175.03713891628828
158.08541994757138 160.0718588634492 82.21921916437786 190.32340896484595 161.68797110484132 167.5708805252273
158.4013888827999 157.8955350857015 74.32361670424818 194.2652825391094 161.49612998459128 166.80527569594435
163.45029825607537 158.99685531481433 87.22958213817145 192.22382786741085 153.7400403278209 165.65325230734229
160.27164440411784 158.26875876179733 84.8528137423857 194.29101883514844 159.03773137214955 159.76232346833217
179.0921550487346 170.45233937966356 105.01904589168576 203.07141600924538 171.23667831396403 178.51330482627898
158.67892109539943 158.21820375671064 78.62569554541314 188.34808201837362 156.82155464093577 167.0269439342048
171.90986010115884 168.89345754054537 101.8037327409953 198.9899494949431 169.34875257881293 179.11448852619378
163.19313711060278 161.5116094898444 83.12039460926542 197.1801207018598 156.07690412101337 169.49631264425784
155.60526983364028 152.46966911487675 74.81978348003956 192.33564412245588 159.03144343179434 161.2637591029057
171.49344010777787 160.32467059064865 100.12492197250393 195.33560863293718 169.66437457521835 173.44451562387323
170.70442290696514 166.6553329479738 97.3909646733207 202.25726192154386 169.95881854143374 175.10282693320517
161.27616066858735 160.13119621110684 93.53608929178085 199.18333263604163 160.099968769516 168.02083204174417
167.10475756243446 170.5051318875769 95.96353474106714 197.3068675946177 161.00931650062986 173.10979175078455
168.1755035669583 168.55562879951532 108.29589096544707 196.01785632946812 167.07184083501323 178.98603297464302
227.050655141094 219.57231155134292 253.56853117056934 198.4338680769994 231.80163933846544 215.96990531090205
157.21005056929408 164.12495239907915 191.10729970359583 90.13878188659973 161.8486947738535 169.43435306926398
160.69536396548594 166.26785618392992 195.72940504686565 105.26632889960588 163.5328713133846 168.5704600456438
157.29272074701996 161.75598906995685 191.8436863699194 91.18662182579197 160.57708429287163 161.96913286178943
206.5768622087188 209.15066339842195 239.49739038244238 169.58183865025168 211.43793415562877 210.71070214870434
166.64933243190626 172.2556240010758 193.34683860875512 99.44847912361456 165.7829906836042 173.5540261705271
151.46286673637206 156.03525242713584 185.77943912069495 75.23961722390672 149.51588544365444 160.08122938058665
159.00314462299164 163.57872722331592 192.70962612178977 90.598013223249 157.96835126062436 168.24684246665672
216.5548429382266 212.2828302053654 248.93573467865156 188.92855792600545 222.84075031286355 206.85985594116613
147.648230602334 156.93310676845724 191.637678967368 73.17103251970687 153.1208672911697 156.36815532582074
160.51479682571323 164.65418306256296 191.14915641979695 84.95292814258964 157.9145338466349 167.61264868738277
169.413694841946 174.6052691072065 203.17972339778396 98.60527369263775 168.01488029338353 179.89441347635005
165.37533068750005 175.53062410872926 197.63096923306327 99.46356116689167 160.73269735806713 176.52195330892982
171.24543789543708 174.06607940664372 198.98241128300762 93.8669270829721 175.05142101679724 177.80326206231425
215.82863572751415 211.2581359380036 250.53742235442593 188.67962264113208 221.37750563234738 205.17553460390934
166.14150595200465 163.20232841476252 194.18032856085088 101.28672173587218 161.95369708654385 173.33205127730994
173.0231198424072 173.69225659193907 197.50443033005615 105.17128885774862 166.1896507006378 180.41618552668714
161.32575739788115 168.04761230080004 196.49681931267997 96.88137075826292 164.06096427852665 168.62680688431482
152.17095649301808 154.29193109168088 189.87627550591992 87.46427842267951 156.57586020839867 165.32694880145826
171.11691909334974 169.8087159129354 195.00256408570633 111.57508682497182 164.76346682441468 179.3376703316958
206.45096270058903 211.4095551293744 235.82832739092223 167.9166459884189 209.51372270092477 208.78457797452378
223.24650053248314 214.75800334329801 246.57656011875906 190.99476432614586 227.91006998375477 216.51789764358972
159.23567439490435 162.09873534361705 190.64364662899206 76.69419795525604 158.8332458901473 166.9820349618485
167.16758058906038 168.6979549372191 196.94161571389628 98.09689087835557 164.44147895224003 175.69860557215586
153.06534552275377 159.80926130859876 190.57282072740594 72.3118247591637 155.43165700718757 162.02468947663502
162.81277591147446 161.9382598399773 193.68789327162398 91.30169768410661 159.29846201391902 168.65645555388622
158.3445610054226 161.75598906995685 189.69449122207 84.16056083463323 159.339260698674 167.48134224444226
218.89266776207924 213.5790251873999 249.92999019725505 189.5521036549054 224.33011389467978 208.16099538578308
157.4833324514058 163.9176622576103 191.5567800940494 92.233399590387 161.99074047611487 166.8891847903872
214.9581354589772 211.2747026976964 247.8467268293047 186.24983221468952 220.24304756336804 203.37158110217857
163.07053688511607 166.25883435174205 192.6369642617948 72.92461861401813 161.21414330014596 169.96764397967044
153.42750731208534 164.17064292984907 190.12890364171355 76.51143705355429 151.88153278130952 164.59343850834395
154.42797673996768 161.44968256394932 193.48643363295525 80.63498000247783 153.7140201803336 162.895672134038
154.40207252495026 159.34867429633672 188.54442447338505 0.0 157.53729717117784 162.69910878674168
155.66309774638304 158.6663165262243 186.9063936841113 77.0 156.7322557739791 163.0950643030009
155.283611498445 155.23852614605693 190.3417978269618 77.46612162745726 157.27364687066935 160.83531950414374
153.2710018235674 158.61904047118682 185.75521526998912 70.24243731534378 156.06408939919524 162.5084613181726
155.3447778330511 160.94719630984568 188.96295933330427 72.31873892705818 159.63082409108839 166.24379687675568
160.46183346827368 161.21414330014596 194.2601348707449 87.3040663428686 156.28819533157326 170.67220043111882
156.48322593811773 163.03067196083074 187.74450724322136 56.4003546088143 161.36604351597643 166.68533228811705
157.51507864328417 155.2900511945308 191.47845831842287 82.23746105030237 156.80242345065972 164.37153038163268
157.00955384943936 162.19741058352318 192.82893973675218 77.31752712031083 156.81198933755033 163.17781711985242
161.42180769648195 159.94686617749034 189.16130682568252 76.3740793725201 151.7003625572464 166.7932852365466
154.92901600410428 158.64740779476983 190.57282072740594 69.30367955599472 156.36176003102548 162.1480804696744
165.6381598545456 169.65848048358797 199.155717969633 99.60923651951158 166.42115250171776 174.98285630312475
166.2468044805674 164.60862674841803 198.04797398610268 93.59487165438073 161.92590898309015 173.69801380557004
159.18542646863122 168.3330033000065 195.06665527454967 80.06247560499239 163.0521389004143 171.63624325881756
220.2203442009843 212.26163101229577 250.29982021567653 190.27085956604074 225.50166296504335 210.5611550120297
155.97435686676192 155.64061166674975 186.33035179486996 78.3198569968051 151.65091493294725 160.71403174583108
150.79787796915446 150.56560032092324 186.78061997969704 73.17103251970687 152.03946855997623 159.54623154433952
158.58436240689053 164.3745722427894 190.24195120950583 100.16486409914407 160.7886811936711 164.20109622045769
166.0752841334315 156.50239614779065 197.45379206285202 87.78952101475437 159.91560274094581 169.162643630324
152.0526224699857 150.1798921294059 186.056443048877 75.56454194925024 158.826949854236 158.64740779476983
152.7186956466038 150.52906696050434 184.35834670553976 77.78817390837762 150.26310259009028 160.61755819336813
163.86579875007476 157.7022510936353 193.0932417253385 80.77128202523468 160.63000964950479 166.67633305301626
158.905632373431 157.02547564010115 194.36563482261982 90.28288874421332 155.87494987970325 165.8613879117138
155.19987113396712 154.631820787314 187.3018953454556 69.0724257573165 153.1502530197061 162.08022704821215
154.98709623707387 156.0416611036937 186.70297265978385 77.32399368889322 155.81078268207241 164.96666329898292
155.58598908642128 155.91985120567554 187.42465152695362 76.25614729318549 154.2822089548889 162.80049139974977
210.39486685753528 211.60340261914504 239.35956216537497 171.31257980662133 214.2755235672054 211.4686738030009
214.26385602802915 208.95214763193988 250.18792936510746 182.07416071480324 218.71213958077408 202.64747716169575
162.88953311984167 162.58228685807074 190.46784505527435 87.90335602239541 158.11072069913538 170.75713747893528
161.37224048763778 167.0 185.76329023787235 78.32624081366346 166.7782959500426 169.96470221784287
149.55266630856167 158.37929157563497 189.51253256711018 73.2120208708925 158.12653161313568 163.09199857749
163.28808897160872 170.23219436992522 200.28479722634967 96.70056876771719 164.59951397255097 175.69860557215586
163.60317845323178 163.2237727783548 199.0 100.269636480841 163.74980916019413 175.60466964178372
219.64516839666655 210.69409104196538 244.31741648928755 183.24300805214915 211.7215152033444 209.50656314301946
162.81277591147446 165.57777628655361 202.7732724004818 102.33279044372826 164.27416108445053 173.61739544181626
155.11930892058538 159.88120589988054 197.15729760777307 94.01063769595439 163.06440445419105 166.3640586184408
171.3330090788112 175.88916964952674 205.56264252047356 106.93455942771729 174.65108072955059 182.65267586323503
221.13570494155846 217.2855264392914 246.7225161998799 185.18909255137032 215.571333901333 216.06943328476612
216.18741869035765 206.78249442348837 246.23159829721286 185.14588842315672 220.94116863997982 209.3083849252103
159.20741188776356 164.21632074796952 195.51981996718388 98.54440623394105 163.52675622050356 171.22499817491604
152.5712948100002 158.63164879682742 194.994871727438 98.38699100999075 159.78735869899094 166.5022522370193
155.3351215919954 162.6437825433238 195.69874807979738 85.64461454172118 155.88778014969614 168.15469068687915
158.31929762350515 163.24521432495348 201.6382900145704 103.42630226397925 164.18587028121513 170.75128110793196
169.1655993398185 176.40011337864837 208.69595108674247 107.46627377926528 177.31610191970722 182.59791893666258
154.23034720832342 157.54047099079017 197.038067388005 88.91006692158093 163.28196471135445 164.39586369492392
156.58543993615754 161.92282112166896 198.17668884104407 91.04394543296111 161.06209982488122 166.97305171793442
163.92681293796937 166.85322891691368 202.19544999826283 100.29955134495867 167.58878244083044 171.21623754772793
107.67079455451233 123.46254492760143 158.74507866387543 158.93080255255745 104.76163419878482 113.23427043081966
139.37001112147476 144.58907289280197 176.9773996870787 177.2737995305567 109.5171219490359 145.00689638772357
194.39135783259502 188.4940317357555 224.71537553091466 229.0589443789524 190.45734430575263 182.20043907740728
114.69088891450794 130.5526713629407 165.53851515583918 169.3576098083579 108.75660899458019 111.48542505637228
125.21980673998823 135.09256086106296 162.00308639035245 176.555940143627 111.88386836358492 126.65306944563167
130.80519867344722 133.88054376943649 168.08628736455572 163.67040050051813 113.28724553099524 128.79052760199409
136.54303350958628 134.6476884316994 182.35405123001792 173.59147444503142 109.45318634009702 136.10657588816198
151.83214415926557 147.52965803525743 187.0294094520966 185.469674070992 125.14391715141412 151.78273946664686
97.57048734120374 106.94858577840101 163.94206293688023 156.10253040870285 85.44003745317531 100.29456615390487
111.30588483993108 122.3396910246221 160.9409829720199 165.50226584551643 94.84197383015602 120.87183294713455
131.94695904036593 137.8042089342702 180.83970802896138 170.61652909375456 116.82465493208187 139.33771922921662
114.31972708154967 123.33288288206029 157.30225681788548 166.3400132259223 94.41927769264072 121.51543111885009
129.89226304903613 138.01449199268893 173.70377082838473 170.33496411482875 106.27323275406654 132.29890400150714
190.541334098405 184.65643774317752 226.67377439836307 225.24209198105046 189.65758619153624 176.21293936598414
151.95394038984313 149.45233353815524 168.9644933114647 186.56902208030144 133.2066064427737 153.70426148939399
137.72436240549456 147.83774890061062 165.62306602644452 170.5813588877753 119.5156893466293 141.89785058273435
129.13558765886341 133.06389442670013 175.15992692394 176.97457444503152 105.13800454640558 127.07084638106413
104.69957019969088 122.31925441237777 158.17395487247578 161.1831256676703 88.35157044444654 103.14552825983296
123.95563722558164 139.0719238379911 178.61130983227238 173.5194513592064 109.38464243210744 124.29802894656054
120.7393887677091 131.38493064274914 166.53828388691892 171.1198410471445 96.90201236300514 118.36807001890332
120.44915939930839 128.9340916902896 163.99695119117305 171.40595088852663 102.09799214480175 121.81543416168577
104.22091920531118 107.97221864905805 157.3944090493687 157.53729717117784 0.0 106.52229813517918
141.92251407017844 145.29969029560937 187.87495841649573 180.08886695184685 119.78313737751236 140.92196422133776
107.74506949276147 123.47874310989727 162.39458119038332 163.31258371601376 94.12226091632095 116.58473313431737
112.49888888340186 119.5156893466293 166.8921807635097 170.13524032369074 89.58794561770016 110.07724560507498
119.77896309452674 117.5457357797381 161.62301816263673 167.57386431063765 91.31812525451889 124.79583326377528
142.55174499107332 149.06039044628858 177.43731287415284 174.45629825259965 122.41323457861898 142.78655398881227
123.84264209067892 128.75169901791588 175.22556891047608 164.44147895224003 103.13583276436954 122.93900926882402
117.3839852790831 137.5099996363901 176.80497730550462 158.58436240689053 103.58088626768937 124.2095004417939
109.39835464941875 130.73637596323374 166.8921807635097 160.20611723651504 106.28264204469139 119.80400661079746
122.73141407154078 130.49521064008442 172.77152543170996 173.24260445975753 105.51303237041384 127.03542812932147
129.3792873685738 137.3062270984095 174.8427865254955 169.64963896218583 96.57639463140049 124.76377679438852
173.4301011935356 171.1724276862369 204.60938394902615 207.86534102634812 168.43990026119107 168.55562879951532
196.1300588895032 188.41178307101708 228.45130772223652 228.15564862610788 193.8169239256469 179.404570733301
189.14280319377738 188.30560267819968 223.49049196777923 225.25319087640023 192.88079220077876 180.49376720540795
195.65275362232958 190.69347130932405 226.74434943345335 231.43465600467013 198.39858870465787 185.85209172887994
110.57576588023255 133.96641370134532 169.46976131451888 170.4200692406854 109.67679791095289 115.42096863222038
129.24395537122808 128.98837156891315 172.8554309242264 173.5857136978732 114.39405578962571 133.22537295875736
127.27529218194708 127.18883598806933 176.10224302944013 169.06507622806078 99.3529063490344 127.42841127472319
115.35163631262454 131.90147838443661 166.03915200939807 158.2087228947886 98.63062404750362 127.83192089615176
115.29093633065871 138.7515765676196 165.67739737212196 160.75447116643443 109.79981785048643 133.77219442021575
104.9047186736612 120.56118778446071 173.3666634621547 165.54455593585675 88.72992730753249 112.25862995778988
111.42261888862602 135.85654198455074 169.24538398432023 163.8749523264614 106.88779163215975 129.24395537122808
127.08658465786229 135.9006990416164 176.85587352417787 171.65372119473554 117.72425408555367 139.71399357258383
110.8873302050329 115.38630767989761 163.2574653729501 168.77203559831824 76.39371701913711 106.99065379742288
115.80155439371269 126.25371281669304 161.66941578418596 165.3420696616563 99.77975746613137 127.29886095327012
123.37341690980274 137.83686009192172 173.50504315437058 175.76404638036757 116.86316785026837 132.36313686219438
113.33137253205751 119.44036168732913 164.54482671904336 167.2602762164406 91.0494371207203 118.27510304370908
122.51938622112013 117.65627905046122 168.45177351396453 171.040930773894 99.24212815130478 124.93998559308385
118.46518475906751 136.6235704408284 174.55371666051687 171.73234989366446 108.34205093129813 128.35497652993436
187.77912557044246 182.29371903606554 222.8542124349459 219.87041638201353 183.99728258862956 176.11927776367924
109.96363035113019 126.28539107909513 167.79451719290472 166.8112706024386 103.76897416858277 121.03305333668155
181.14910985152537 172.9595328393321 130.8892661756494 203.3396173892338 157.21005056929408 179.60512242138307
172.66151858477326 179.05864960956228 121.28891128211185 204.82187383187372 154.4927182750048 175.05142101679724
154.30813329180026 165.28460303367643 113.11940593903418 196.49173010587495 144.24631711069785 160.4119696282045
178.08424972467387 185.41305239923105 137.63357148602952 207.66318884193223 166.61332479726823 184.00271737123884
163.61845861637983 172.25272131377199 111.09455432198286 194.69720080165507 159.1257364476281 169.19810873647495
213.0797972591489 209.01435357410264 172.02906731131225 240.09789670049173 209.24387685186872 208.26425521437903
169.71741218861428 172.81782315490494 118.23282116231516 205.12922756155447 154.6156525064652 172.1772342674838
160.10621474508727 164.69365500832143 108.42047777057617 197.2815247305231 152.78743403827423 168.24684246665672
214.67882988315358 203.05910469614506 178.39843048636948 248.49748489672888 211.14213222377006 200.63399512545226
161.67869371070512 172.74837191707482 122.76400123814798 200.723690679501 161.00310556011024 168.1398227666486
179.07819521091898 181.84333916863713 129.60709857102736 207.74744282421383 157.37534749763066 184.8621107744905
153.87007506334686 169.88819853068077 107.89346597454362 195.18196638009363 150.4460036026215 162.35455029040608
171.07892915259904 181.10770276274835 125.3036312322991 198.5900299612244 160.70469812671936 179.34603424664846
111.17103939425951 121.88108959145384 161.62301816263673 155.79152736910953 89.22443611477743 120.07497657713701
117.69027147559818 130.98473193468007 168.24387061643583 164.03962935827428 97.46281342132495 126.18240764861004
121.85647295076286 124.86392593539577 163.1686244349691 161.13658802394943 99.66443698732262 129.0968628588627
124.74373731775074 121.4701609449827 172.10461934532728 161.50232196473215 103.64844427197158 128.7555824032496
188.02127539190877 184.30409653613236 219.64289198605996 220.93890558251618 186.74581655287489 179.54108164985527
187.0320828093405 177.20891625423366 223.63810051062407 224.19857269840057 191.48629193756926 174.97999885701222
128.2692480682724 129.71121771072848 166.64933243190626 169.11830178901394 91.2414379544733 128.8875478857442
118.05083650698965 123.64465212858985 160.25292509030842 163.08893279434997 110.27239001672177 123.97983707038819
193.32873557751316 187.47799870918186 227.51043932092435 223.333830845217 195.8315602756614 183.6218941194105
129.4295174989075 133.19909909605244 169.83815825661793 172.86410847830732 117.6265276202609 132.5707358356285
123.89915253947461 132.23085872821065 171.30090484291085 152.41719063150325 105.3138167573467 132.21195104830727
119.58260743101398 124.1772926102031 160.72647572817615 165.03332996701 107.62899237658968 125.1678872554778
157.23231220076872 164.06705946045355 104.05287117614775 193.59752064528098 151.16877984557524 167.53805537847214
170.5608395851756 170.2909275328548 133.10146505579868 197.6891499298836 161.61373703989398 172.55723688098394
156.81198933755033 163.43806166251483 111.61989070053778 193.70596273734063 149.17104276634927 162.42844578459773
162.39458119038332 166.06023003717658 109.21996154549771 195.7396229688818 146.23269128344728 165.83425460380616
161.6601373251922 161.6477652180815 102.96115772464877 200.13495446822876 153.29709716755892 160.9751533622503
175.946014447614 181.50757559947738 129.55307792561317 199.85744919817225 166.5142636532979 182.19769482625185
160.4400199451496 163.1533021424942 115.42096863222038 194.4813615748306 153.51547153300217 165.02121075789015
156.3809451307927 167.83027140536953 111.89280584559492 195.30232973520822 152.12166183683374 159.77484157401003
167.49328344742662 170.2879913558205 109.78615577567146 199.28371734790576 147.0510115572144 172.6238685697896
164.8939052845799 164.08534364774937 105.89145385724005 197.17504913147607 153.59687496821022 167.39474304768356
222.216111027081 215.73594971631408 192.4759725264429 251.41996738524966 224.2275629801118 210.22606879262145
173.04045769703686 173.67498380595865 128.59237924542808 203.83081219482006 163.887156299693 174.73408368146153
222.75547131327662 215.29050141610986 192.3720353897624 255.48776878747051 226.54359403876333 211.6719159454083
184.13310403075272 181.40286657051482 134.98148021117564 203.32486321156102 159.28904544883179 185.15939079614623
167.94046564184583 174.85422499899738 126.5029643921438 204.5678371592172 162.4992307674101 174.95999542752622
162.62226169869857 168.5289292673516 114.55566332573872 196.1224107541002 147.898613921835 169.25424662323837
161.9629587282228 170.78056095469412 111.70944454252738 198.99246216879675 156.92673449734434 171.89240820932145
132.93231360357797 135.33292282367952 171.55174146594956 174.0373523126573 127.17311036535986 111.57956802210698
115.89219128138012 127.47941010218082 166.86521506892922 166.21371784542936 117.79218989389746 100.66777041337511
141.3470905254155 141.38246001537814 174.95713760804387 179.52437160452615 130.034610777285 128.28873683998918
133.13151392514095 131.98484761517133 172.94796905427944 176.77103835187484 126.16655658295505 116.58902178164118
133.58517881860996 145.59189537882938 178.19090885900997 173.38108316653233 126.28935030318273 125.02799686470227
141.47084505296488 134.14171610651178 178.00842676682473 178.53851125177448 114.39405578962571 119.80400661079746
132.08330704521293 135.88230201170424 168.40130640823426 165.9698767849154 124.11285187280163 119.74556359214316
186.46715528478467 184.02717190675946 219.79763420018878 224.01785643113362 186.44570255170808 171.89822570346675
149.85326155943352 140.78352176302454 186.7377840716763 182.86060264584057 126.34080892569906 133.06765196696003
144.512975196001 143.9791651594077 178.88264309317435 184.3529224069963 140.12137595670404 129.1394595001853
116.88455843266894 123.57184145265458 162.1018198540658 165.3602128687551 102.86884854026509 100.68266980965493
134.95554823718808 138.2497739600322 176.1249556422939 179.65244223221683 118.97478724502936 120.9297316626478
121.0495766204905 122.60097878891506 172.52825855493933 178.72045210327775 121.14041439585718 106.29205050237765
132.23085872821065 132.0870924806811 178.96368346678608 179.96944185055418 124.39855304624729 119.52405615607262
189.05025786811294 183.83688422076784 223.31368072735714 228.17098851519228 184.37461864367341 175.6843760839307
146.424041741785 152.1380951635717 179.63017563872725 180.40509970618902 146.0205464994567 140.53825102085196
133.22912594474226 115.88787684654508 165.19987893458034 181.4993112934592 122.95527642195759 109.68591523071684
118.05083650698965 119.27279656317278 156.5790535161073 161.36294494090023 123.80630032433729 97.72921773962995
180.21098745637016 174.99142836150574 216.16428937268986 221.61678636782008 178.62810529141265 161.0372627685903
133.77219442021575 120.98346994527806 170.08821240756222 179.59120245713598 119.80400661079746 107.33126291998991
125.82130185306461 124.74373731775074 160.4306703844374 170.89470442351336 120.56948204251356 104.0096149401583
132.15521177766695 132.4273385672309 176.43695757975425 173.62315513778685 125.83719640869309 120.70625501605126
145.48883118645224 127.22814154109145 175.7782694191748 179.26237753639217 119.35241933031773 119.63277142990545
122.69474316367429 125.09196616889511 156.93629280698585 167.56491279501208 118.4145261359433 101.79882121124979
129.05425215776503 128.00390619039717 170.6223900899293 172.46158992656888 115.58979193683152 101.1632344283238
143.93401265857906 132.79683731173722 178.06740296865118 179.2567990342347 126.16259350536514 114.05261943506602
148.03377992877165 134.892549831338 173.07512819582138 181.02486017119307 134.23859355639868 128.3393937962931
112.68540278137182 119.46547618454463 161.36604351597643 165.71662559924397 113.34901852243803 94.68368391650169
115.74973002128341 115.74973002128341 161.31026005806325 169.03845716285983 117.88977903109328 95.93226777263216
117.57976016304848 112.4144118874444 153.51221449773956 164.6298879304727 113.1238259607586 91.49863386958299
134.07833531186162 126.07537428062626 167.0628624201082 168.65645555388622 123.09752231462663 111.61541112229978
143.9096939055879 141.088624630053 186.39474241512286 180.7484439767048 135.99264686004167 117.75822688882505
132.95487956445976 134.68110483657313 176.00568172647155 164.76346682441468 126.13088440187835 111.97321108193691
118.68866837234295 116.45170672858342 161.77762515255316 169.1360399205326 113.93419153177855 101.06433594498111
136.61991070118586 132.04923324275686 172.9566419655516 177.33865906789754 116.21101496846157 114.63856244737195
113.27841806805037 111.28342194594845 158.07276805319756 165.07574019219177 110.9684639886486 84.3741666625514
174.1866814656046 174.07182425654074 210.92178645175562 214.15648484227603 173.45028106059672 169.66437457521835
126.09123680890754 124.5672509129105 166.79928057398809 174.5078794782631 113.84638773364749 103.69185117452577
141.124058898545 143.77760604489143 184.33393610510248 172.99132926248066 130.22288585344742 120.49481316637659
123.11782974045636 111.20251795710384 164.5326715275723 166.7932852365466 104.90948479522717 106.28734637763802
124.32216214336043 128.03124618623377 163.20232841476252 178.15162081777422 120.87183294713455 107.37318100903968
125.86897949852458 112.61882613488741 166.4752233817393 175.29118631579854 106.5598423422257 100.59821071967433
122.53162856993292 107.89810007595129 163.52675622050356 169.88819853068077 109.09628774619236 89.01123524589467
134.94813818648998 122.38872497088937 174.72263734273244 171.36218952849546 131.18307817702708 112.38327277669039
134.41726079637243 125.00399993600205 174.80560631741764 178.2806775845324 121.49074038789952 113.30048543585328
127.25957724273643 121.58536096093148 165.56569693025182 172.71074083565273 119.91246807567593 103.6532681587995
125.40733630852702 115.02608399836969 167.13467623446667 178.1544273937642 119.39430472179149 97.19053451854249
126.0833057942248 124.06046912695437 168.40427548016706 178.32834883999794 115.60709320798617 105.22357150372724
134.27583550289307 131.14114533585558 166.94010902116963 181.9560386467017 130.87398519186308 111.6288493177279
127.70669520428442 126.55828696691498 164.82718222429213 176.02556632489498 113.07961796893373 107.50813922675809
177.11295830627412 175.6160584912439 219.93635443009416 218.99086738948728 182.81411324074517 161.4806489954756
124.16521251944927 125.19185277005849 160.26852467031696 164.67847461037522 112.57441982972864 109.83624174196785
172.01744097619869 167.38578195294843 213.38931557132847 215.79620015190258 173.2512626216617 157.08278072405008
106.90650120549265 108.77040038539897 152.62372030585547 165.6109899734918 110.40380428228005 81.64557550780079
182.44177153272767 183.73622397339074 219.1255347968374 216.30302818037475 179.60790628477355 171.27755252805312
120.90078577081292 116.60617479361889 165.02121075789015 167.56192885020153 114.49454135459908 104.0096149401583
104.273678366115 104.01442207694085 156.11534197509224 165.74981146293953 111.14405067298924 78.35815209663893
115.27792503337315 110.4943437466371 154.68678030135607 167.8541033159452 119.61187232043481 89.33084573650918
124.73972903610141 119.3984924527944 156.31698564135633 178.3647947325929 122.31925441237777 104.9809506529637
133.22912594474226 135.36617007214173 170.28505512815855 173.45316370709415 127.7654100294755 115.32996141506335
112.44554237496477 107.92590050585633 156.50878569588355 166.85322891691368 125.04399225872469 90.74690077352504
98.8382517044894 98.01530492734285 148.87578715157142 158.4013888827999 103.33924714260309 65.83312236253116
140.97872179871683 144.5925309274307 175.8180878066873 179.95277158187923 137.67715859938423 127.53038853543887
104.4940189675945 101.58247880417174 157.78466338652817 169.76748805351394 115.02608399836969 71.21797525905943
96.01562372864116 95.58765610684259 158.67577004697347 162.69910878674168 106.52229813517918 0.0
182.14280112043957 185.55861607589122 219.99772726098786 217.00230413523263 186.24177834202507 177.867928531256
135.84181977579658 121.33836985883731 162.62226169869857 179.70253197993623 133.4353776177817 106.07544484940895
174.59095051004218 171.95929750961417 215.88654427731248 214.57399656062708 179.56614380222123 154.34053258946594
132.09087780766694 131.9772707703868 172.20046457544765 166.45119404798513 133.40164916521834 104.76163419878482
132.33291351738615 141.54151334502538 168.47254969282088 173.52233285660955 140.32818676231798 113.6001760562016
143.7045580348793 139.4668419374297 181.13530854032848 181.18222870910932 139.41664176130482 117.88977903109328
183.00819653775073 177.69074258384987 223.07622015804375 220.39963702329456 185.12698344649814 165.45392107774296
91.00549433962765 106.94858577840101 154.82570845954493 157.25775020646836 108.86689120205463 79.47955712005447
95.0 116.25403218813531 156.56947339759432 163.99085340347492 118.93275410920239 89.87769467448528
168.2765580822237 164.42931612093994 212.3534788978038 212.72282435131402 175.2683656567836 149.06374475371265
174.83134730362286 168.87273314540747 217.2855264392914 216.89167803306793 180.78716768620498 156.16977940690063
102.55242561733974 112.16505694733989 163.425824152733 167.20944949374123 114.90430801323335 98.16312953446422
107.57787876696584 106.86907878334125 167.95237420173612 167.10774967068403 120.7683733433551 100.61808982484213
125.1678872554778 127.43233498606232 162.8803241647069 175.968747225182 126.763559432512 120.55704044144414