317.7278709839601 309.45920571215845
222.4365077949211 346.79677045785763
281.87763302539634 328.1478325389336
295.16774891576483 277.69047516974723
285.1613578309656 254.9568590958086
372.69558623627404 352.1306575690336
326.24224128705345 325.88955184233816
240.10414407085938 338.6030123906165
354.74920718727475 326.6511901095724
249.3732142793207 266.11087914626864
347.54424178800605 352.96883715138364
351.70015638324645 341.9868418521391
310.2998549790186 334.73272920346466
271.6376262596918 332.2875260975049
328.9072817679779 288.3643528593644
246.01422723086566 299.62142780515546
337.69364814873256 345.6862739537108
347.7700389625305 318.7036240772922
278.7059382216317 282.4092774680039
328.7476235655552 305.2916638233019
320.65090051331526 364.19637559975797
393.41199778349414 380.1091948374835
311.7242371070944 351.857925873498
349.2563528412905 354.8210816735669
293.53534710491 258.949802085269
282.5862700132475 320.79432663312485
275.1581363507174 346.62660024874026
411.1216365018995 414.3899130046483
347.4636671653599 370.24451380135264
318.5215848258953 274.12405950591057
293.43653487594213 314.1862504948299
269.67016891009655 319.6122650963195
340.6890077475351 338.74916974068
242.56957764732164 349.665554494577
233.5636958090876 316.0949224521014
391.3412832809746 398.3214782057327
317.98899352021607 311.24106412875534
374.6718564290625 432.56791374303293
351.9559631544833 331.7755265235819
418.0514322424933 436.1318607944162
261.0670411982332 369.7458586651107
368.25263067627907 372.04569611809785
479.0699322645912 490.12243368366643
301.98013179677895 321.1354854263228
300.79727392381733 333.44414824674914
378.8812478864585 364.6052660069517
320.6368662521514 320.96417245543154
352.26978297889815 303.47322781425055
341.1847007120923 349.19192430524504
307.06676798377254 363.0647325202491
343.0014577228499 284.54525123431597
316.3558123379433 313.6606446464076
273.21420168065936 362.2568149807537
380.8818714509789 357.9036183108519
314.6362979695763 362.6430752130806
278.0233803118004 306.72952254388554
288.69187726709595 327.25066844851517
290.962196857255 355.7962900312481
316.3194587754601 270.28503473185486
276.87722911066555 324.6120761770886
298.658668047656 232.8712090405338
335.848179986136 415.2637715958376
344.5112480021516 300.0599940011997
294.0085032783916 310.13061764359867
247.7175811281872 349.64267474094174
271.4792809773888 354.37127423085525
322.0791828106871 251.46570342692857
220.97511172075465 307.001628660175
270.87266381087625 253.82671254223814
406.33606780594806 383.0365517806362
333.7828635505424 354.37973982720854
311.6953640977036 368.7112691524359
309.4850561820393 272.3288453322563
412.11891487773283 347.4967625748476
263.82570003697515 283.6829215867603
334.3889950342266 277.0523416251882
352.25416959916885 437.54199798419353
353.7810057083336 297.99496640044106
220.6875619512799 288.73690446494714
349.54112776610424 355.15489578492367
431.22499927532033 456.741721326178
221.0316719386613 337.63441767687135
316.61017039886764 363.2574844376919
288.6953411470299 356.09128043241947
287.8089644191091 391.6886518652283
242.28289250378367 317.1356176779896
239.61427336450555 289.1210819016835
315.08094198158034 350.6536752980068
300.5561511598124 359.7554725087584
323.1594033909581 295.8276525276162
251.23693995907527 331.94276615103394
314.89522066871706 320.41691590800883
364.6066373504465 301.4299255216708
218.4651001876501 341.69723440496267
247.83663974481254 309.03236076501764
326.583833035256 315.2792413083995
268.7954612712052 310.15641215361
265.42418879973997 340.73450074801644
323.67112938907604 300.05499495925744
326.44601391348004 243.0658347032754
0.0 313.0878470972644
294.15642097360376 288.5168972521367
284.193595986961 318.30802691732424
279.43514453268045 332.0933603672317
351.7029997028743 427.7721356049269
259.2951985671929 274.0802802100144
300.9684368833383 340.5466194223634
368.59327177798565 378.21819099562094
294.07652065406376 241.5636562068061
347.33125399249633 352.72227034878307
366.30588310863914 343.62188521687614
364.7944626772726 373.3617548705277
291.8869644228738 280.8629559055448
415.4431369032349 355.29283696691664
315.47900088595435 265.9605233864605
340.027940028463 265.3544798943481
309.5367506452182 339.3036987714693
377.2837128740121 410.96593532797823
223.17930011540048 318.8087200814934
347.0489878965216 316.1154852265229
297.1144560602866 334.8895340257739
259.9307600111999 303.8683925649392
284.91753192810023 278.22293219646724
255.44275288212816 330.85495311389855
284.571607859955 282.8939730711844
325.88648330361906 226.11059240999745
376.8248930206177 385.59434643158346
284.2727563450286 297.03030148454553
255.05489605181077 356.60762751236825
313.1980204279714 263.4141226282296
284.05985284795173 325.4228019054596
217.9839443628819 337.76175035074647
306.5305857496116 310.5012077271198
297.21709237525357 367.3227463689119
303.3545780106178 297.8489550090784
366.839201830993 375.84970400414045
287.9635393587181 359.7513029858266
291.02920815615744 256.68268348293384
267.8544380815819 325.12459150301135
346.5789953242983 288.2238713222761
320.80523686498634 350.48537772637536
408.8838465872674 360.9709129556009
341.0337226726999 258.40278636268613
373.7298489550975 433.988479109757
378.76773885852526 409.4984737456295
385.13633949550905 457.8733449328537
394.93923583255184 399.9137406991663
392.08162415497105 395.4263521820467
316.181909665939 316.3020708120641
338.0695194778731 372.1787205093811
340.1749549864011 300.96677557497935
324.5396739999595 380.1184026063458
306.13232433050905 318.76166645316687
353.3666650944879 308.53200806399326
412.8946596893692 387.68801890179685
343.34239470243114 381.9266945370538
251.46371507635052 337.4077651744251
258.4143958838207 320.95482548171793
362.14361791974187 358.4940724754037
340.697813318489 346.86164388701155
353.6339915788639 362.412748120151
205.02682751288916 312.92810675936414
282.77729753288185 348.15657397211385
258.73731852981706 324.0354918832195
393.18697842120866 365.5680511204446
254.47003752897905 360.686844783671
324.45955063767195 361.2007751929666
364.19088401551187 381.2597539735869
365.2122670447968 384.8142409007234
406.9754292337561 429.31689927138905
206.23772690756655 317.02681274617765
217.4741363932732 293.5080918816379
332.97747671576826 386.44275125819087
233.82685902179844 277.8434811184167
315.5915081240305 364.21696830323543
240.72183116618234 329.2157347393955
338.4213350248474 311.8380990193469
268.7229056109657 347.04754717473514
292.63287580174585 318.4744887742188
285.76213884977835 338.3577987870237
272.9157379119057 330.9184189494444
194.70490492024078 320.7117085483472
329.7771975137153 383.7277680856573
220.9705862779026 317.62556572165283
325.72227433812384 385.7084391091281
292.8532055484454 345.9667614092429
319.26164818217677 393.66229181876184
341.24917582318056 385.43092766408876
358.75479090877656 416.6881327803805
327.3866215959351 351.3772901028181
298.39235915150374 345.039128215917
284.3677196870278 312.9201176019209
290.9226701376158 322.84051790319006
236.2138861286525 282.51194665004874
380.9068127508354 345.5893516878088
250.07998720409435 278.09350945320534
346.2802333371052 281.1689883326396
373.14876389986875 361.36408233248636
333.1065895475501 241.51604501564694
258.4705012182241 342.67039556985367
401.84449728719693 418.7541044574966
404.6974178321379 391.98469357871613
330.6977471952296 281.6753450339593
332.8798582071315 327.95883888073513
282.92401806845595 258.5536694769579
345.3881874065759 311.4369920224635
301.4747087236341 265.674613013739
285.86710198971826 246.3818175109519
358.90945933480214 328.9103221244356
306.2205087841113 259.43978106682096
329.59672328468315 260.8601157708859
294.8185882877808 340.769716964404
308.67782557222995 264.50330810785715
328.1722108893439 270.6972478618872
317.21601472813444 264.96414851824767
347.41329853648375 305.6174078811611
352.7591246162174 311.7579189050376
277.2056997971001 327.6049450176233
263.4274093559742 274.33191575170395
314.8698143677796 319.9390566967403
336.50408615646853 337.30846416892655
334.35161133154423 272.43164280237346
377.3645452344457 355.19853603301914
294.98983033318285 291.6727618410742
406.46525066726184 374.3874997913258
326.3066042849884 372.0698859085481
365.6706168124532 329.43132820058264
272.6847997230502 327.1009018636298
299.45283434958503 302.09270100417854
329.76051916504497 282.89574051229545
344.2470043442644 305.70574086856794
348.74489243571725 305.4488500551279
376.0624948063819 272.6664629176093
347.51978360950903 293.7277651159318
318.8196982621996 302.2316991978174
353.9929377826626 315.2380053229623
346.50974012284274 310.80701407786796
351.7470682180592 353.36949500487447
371.82926189314367 263.15584736045673
374.5650811274324 347.5413644445795
388.5575890392568 335.19695702676063
407.56962595365223 375.51963996574136
317.8411552961636 303.7219122816133
322.7770128122509 340.715423777674
406.51937223212377 383.8098487532596
355.71477337889695 304.8360214935236
291.25075107199297 266.8463977647066
421.00118764678086 381.27155676761413
388.39284236453176 344.20778608276714
403.510842481339 342.7637670466352
408.35156421887257 335.56966489836356
410.2023890715411 334.64309345928535
361.64347083833826 315.7277308061489
322.8513589873829 277.2814454665151
388.8804443527599 323.2120047275472
320.92522493565383 331.3261233286624
306.77516196719705 292.138665705175
334.6445875850975 318.1493360043362
354.80698978458696 248.24584588669353
357.24641355792505 342.419333566316
366.44917792239625 303.67252098271916
386.4311064083739 358.48988828138516
290.88485694514935 319.2459866623228
327.4156379893911 258.75664242681773
388.4713631659353 334.62217499741405
419.01670611086615 370.8679010105889
408.2744175184137 348.29298011875005
313.41346493091197 303.05775027212223
345.03622998172233 374.74257831209945
363.319418693799 312.20345930178286
385.23758902786216 276.24264696096435
399.1966933730789 361.5881635230888
352.9220877190885 297.21709237525357
367.47108729803494 375.1759587180394
371.45928444447316 345.09998551144565
348.44655257298786 254.68608128439215
366.0396153423834 287.81765060537896
425.79220284077536 334.3037540919934
318.88242347297853 252.87150887357794
312.97443985092457 267.10110445297676
371.3919762191962 275.17630711963557
373.1018627667249 287.560428432008
265.069802127666 290.4203849594584
310.5012077271198 272.1709021919867
329.47989316496995 284.41694745566764
394.9126485692754 312.95686603747805
338.6532149559487 306.21561031404
335.54433388153046 279.2060171271386
321.57114298394373 334.20053859920694
385.6008298746257 343.46178826763247
319.5434242790798 288.8252066562058
276.4561448041986 282.8108908794002
399.97624929488 312.3635702190638
435.27003113010204 407.8700773530708
363.72792029207767 334.80442052039876
394.2359699469342 295.9966216023419
254.55058436389416 312.064095980297
361.13709308239163 304.08880281917646
331.7694982966336 299.1538065945342
375.2319282790312 285.3962158123334
419.0238656687707 371.61404709725383
274.4594687745351 278.8763166710289
378.21025898301593 322.169210198616
336.91096746766794 295.5080371157441
225.1443981093023 299.79659771251573
361.8231612265859 334.40992808228646
291.0962040288399 330.69472327208365
351.4740388705829 337.2298919135135
202.41788458533006 277.7966882451985
300.5844307345276 278.07373122968664
299.98333287034467 254.48772072538196
275.30165273750174 280.8967781944108
333.9820354450221 296.91412900028854
288.5220962075522 258.69866640553056
366.1993992348977 325.993864972947
369.4144014518113 347.3370121366279
347.5528736753589 267.5948429996363
320.41691590800883 265.1546718426813
287.6890682664185 247.0688163245212
304.8573436871744 291.15631540462937
296.4472971710149 257.95154583758557
369.8526733714385 309.11648289924625
375.94414478749366 310.3643020709695
380.3064553751356 280.9786468755233
294.3518302983693 274.3519637254306
318.4839085417033 257.09531306501873
375.9162140690396 305.403012427841
282.0992733064018 272.3710704168121
314.85075829668887 318.8965349451135
370.62784568890663 337.1690970418256
349.94142366973364 240.36430683443828
409.327497243955 447.06710905634736
332.21378658929854 310.383633589144
332.51015022101205 250.64915718988564
401.2592678057418 353.7301231164799
259.0270256170194 298.2666592162121
319.3258523827972 245.54225705568481
334.4248794572557 265.4580946213545
282.96466210465223 272.4206306431288
302.8217297354997 252.0892699025486
370.12565433917166 311.80282230922796
368.70720090608484 299.20394382427514
329.7226106896523 334.09429806568085
317.4649586962315 260.023075899044
329.9712108654329 262.234627766815
331.1721606657178 273.97627634523394
388.77628528499525 374.8799807938535
363.8955894209217 282.7861382741382
426.68958271792854 363.3593262873543
317.7247236209357 266.6627083039546
359.63175610615923 324.2730331063624
295.5469505848436 293.26779570897315
351.0940045059158 265.97556278726057
332.53420876655684 314.3071745919905
355.9634812730092 316.30997455028194
373.5532090613063 306.66594202812934
375.125312395738 307.5012195097769
339.1813674127752 245.5361480515649
323.4269623887285 258.96524863386594
297.86406295489894 332.2875260975049
329.98181768091405 290.2516149825871
433.1166124728997 377.828003197222
363.37171051142656 271.0442768257614
352.05255289516083 367.5119045690901
364.50514399662455 303.24577490873634
362.12981097943316 244.91222917608667
316.3573928328529 300.88868373536417
332.2574303157117 251.01593574910737
342.36530198020944 317.6790833529964
353.7131606259513 294.62348854088333
380.01184192074857 365.3505166275258
425.07528744917647 353.88557472719907
330.69623523711306 345.36357653927547
394.09262870548594 340.19259251194757
337.10235834238836 299.1521352088265
337.61072257853425 372.6030058923304
308.3326126117703 346.0043352329563
405.63530418345 374.5076768238536
384.9870127679634 298.30353668704635
394.9253093940676 343.7964514069335
413.6218079357035 377.0265242658665
409.0574531774235 329.1109235501004
302.5673478748161 214.0163545152566
312.61477892127874 250.14795621791515
376.19144062564743 276.3439885360273
295.83441314356924 275.55398745073535
318.09275376845665 242.75296084703066
363.52716542233816 342.1578583051981
333.2041416309227 261.38668673059846
396.645937833731 315.2649679238085
332.26645933647893 330.89424292362656
304.51436747713564 243.95286429964293
314.03343771006297 239.0460206738443
404.8864038221091 361.4540081393482
352.78180225176015 283.6917341058777
366.6619696668854 313.99522289359754
397.67071805703773 361.49412166728246
329.43132820058264 298.45770219580527
333.4591429245868 305.30804116498473
333.93412524029344 298.6469487538756
336.3510071339166 252.61433055153464
300.08498796174393 319.82964215344396
400.62825661702897 357.201623736511
408.8765094744378 411.25661088911386
327.6232592475693 321.2055416707501
335.7007596059324 287.4038969812344
399.53973519538704 335.0582038989644
335.542843762164 274.2571785751469
300.99501657004225 216.46246787838302
358.0111730100054 289.9034321976889
372.5909284993396 271.5952871461506
345.99132937112745 258.53046242174247
372.19349806249977 305.77115625905594
308.4007133584486 265.1018672133412
332.0873379097734 316.2056292984045
276.96750711951756 309.2523241626488
354.64348295154105 358.53033344474494
332.51616502058965 277.86147627909844
309.2733418838423 248.2982078066614
415.4154546956577 345.14055108028094
341.268222956665 268.85311975128724
298.34208553269855 245.8210731406077
372.8887233478642 262.0419813693981
375.55425706547385 332.59735416867045
309.4785937670003 254.23021063595098
383.96484214052725 319.2914029534776
342.2046171517854 240.35806622620345
416.746925603537 389.8999871761988
283.71817002088534 275.90940542141726
367.7485554016494 332.4048736104812
283.09185788362055 292.3439754809392
328.78868593672746 353.01274764518064
298.49455606426056 282.9151816357687
324.8245680363479 303.9259778301289
353.5293481452424 294.3620220069158
358.54148992829266 270.3294286606621
367.3785513608545 294.5182507078296
367.8817744874024 286.455930292951
343.01020392985396 336.124976757158
339.87791925925404 269.3789152847713
339.83231158911303 316.22144139827077
381.6084380618437 306.3706905041669
330.55861809972527 363.53129163801015
339.5688442716734 265.3846265328872
390.5316888550787 341.19056258929555
325.44892072336023 283.87497247908277
323.5598862652786 327.11007321695246
367.5391135648014 316.3747777557497
337.689206223711 325.27834234698133
389.4136618045135 319.41039432053554
313.0878470972644 0.0
328.72480892077493 274.07298298081116
343.2855953866984 281.85634638943293
403.50712509198644 357.9133973463413
335.44299068545166 265.6953142228895
358.97632233895314 288.3643528593644
395.7082258432341 365.2191123147856
407.86762558457616 345.8843737435966
335.0373113550191 336.28559291173923
361.40973976914347 323.22902097429306
394.76828646688426 394.3247392695518
442.2307090196247 459.6781482733327
309.89998386576275 304.8114171090053
269.69612529660117 270.8209740769721
289.5272007946749 247.19627828913605
326.8898897182352 258.9459403041492
281.04981764804614 326.5501492879769
247.45504642257754 306.91692687109975
341.23452345857385 302.19695564316993
311.9054343867705 249.84995497297973
395.45796236768325 361.6863281906022
302.0198668962027 274.27723201170016
356.3762057152525 312.50919986458
319.30236453869236 319.75928446254693
352.66981725120735 288.6485752606446
279.28480087537883 277.8632757310689
296.29039808944196 302.22177287548294
357.0294105532484 309.63526930890805
314.1751104081926 291.2490343331631
264.30285658690866 279.2668974296811
327.4965648674807 360.4441704342019
455.5491191957241 381.01049854301914
354.8999859115241 298.8611717838234
342.54926652964826 343.7586362551492
458.30993879688015 417.76548445270106
274.5323296080081 324.2714911921799
347.42049450197953 297.13801507043826
381.86385008272254 322.50891460547257
370.4686221530779 304.7441549890662
338.5660939905235 255.68926453803257
359.77076034608484 309.5529033945571
271.8381871628782 312.2787216574322
302.77219158965045 352.56063308316203
342.87752915581973 283.39195471996027
293.2200538844504 283.7428413193891
368.86718476980303 305.8447318493487
392.0675962126939 301.59409808548975
317.11039087358836 313.1852486947621