118.76447280226525 124.8198702130394 175.8721126273293 170.5637710652529 133.70115930686615 137.69894698217558
125.10395677195825 126.90153663372244 171.54299752540177 179.02513789968157 132.4462154989715 133.19534526401438
103.05823596394418 118.59173664298875 168.62680688431482 163.67040050051813 115.33429672044652 122.11060560000512
112.60550608207397 126.36850873536493 166.07227342335023 169.3546574499798 131.21356637177422 121.63880959627976
129.80754985747168 131.62446581088184 176.19875141441838 176.91523393987302 143.00699283601483 136.76256797823007
120.55704044144414 124.23767544509194 168.98520645310938 169.30150619530826 136.94889557787604 131.24023773218335
93.57884376289333 117.43083070471741 166.484233487739 162.82505949638096 115.32562594670796 117.77520961560629
108.80716888146662 122.40914998479485 166.6823325970692 166.50525517232182 119.08820260630354 125.1119498689074
116.68761716651858 128.97674208941703 172.2556240010758 177.12425017484196 138.08330818748513 132.4990566004151
119.17214439624723 129.86531484580476 169.49336270190642 175.49643871030545 132.66876045248935 130.79755349393963
111.31936040060597 124.21352583354198 172.52246230563716 160.09684569035082 120.0541544470661 121.47427711248172
101.31140113531151 102.75699489572474 163.43806166251483 159.39573394542276 111.71839597846005 108.57255638511971
115.65465835840769 122.91053657030385 174.28711943227475 167.7110610544218 120.06248373242992 126.49110640673517
109.75882652433926 118.35539700410793 171.93312653470826 168.03571049035975 109.39835464941875 120.59436139388939
98.41747812253675 109.83168941612435 168.02975926900567 167.5022387910084 111.48542505637228 114.44649404852908
86.48121183239745 96.81941953967706 154.58007633585902 153.0098036074813 104.04806581575652 107.00934538627924
98.2191427370449 120.74767078498864 164.55090397806995 163.2360254355637 121.01239605924675 121.4454610102823
91.43850392476902 113.51651862174069 160.82599292402955 158.9528231897754 107.95369377654477 116.88028062936878
98.79777325425913 117.99152511939153 165.13933510826547 160.1873902652765 119.858249611781 120.92559695945272
84.38009243891595 114.01315713548152 157.13051899615172 158.96855034880326 116.3915804515086 107.2846680565308
115.20850663036997 123.73358476985948 172.1772342674838 161.68487869927725 134.1118935814419 132.2157328006013
88.44772467395643 113.46365056704283 163.59400967028103 163.8596960817394 114.60366486286553 114.49454135459908
105.13800454640558 115.91807451816995 161.74671557716403 162.07097210790093 120.66068125118473 114.75190630224841
80.76509146902515 117.89826122551597 166.23176591734807 160.52414148656894 113.78927893259541 114.6778095361086
86.3365507765975 109.94089321085217 158.60643114325472 154.4182631685773 112.69871339105873 107.76826991280875
86.19164692706596 114.56875664857326 154.8321672004884 158.72617931519676 121.21056059601408 106.81292056675541
91.12628599915614 125.86103447850729 165.46298679765212 162.93250136176025 123.97983707038819 118.2201336490532
102.56705123966468 134.51765683359193 167.51119365582707 165.77997466521703 134.70337783441067 133.26664999166147
97.56023780208821 126.3368513142543 167.80941570722425 161.91664522216362 124.99199974398361 119.00420160649792
106.10843510296436 121.8769871632869 174.2096438203121 163.15636671610457 125.80143083447024 133.5926644692739
57.85326265648291 105.52724766618336 151.87165634179408 154.84831287424478 118.67602959317438 105.11422358558332
88.94380248224157 127.55391017134677 166.0210829985156 164.47492210060474 127.03542812932147 122.11879462228572
72.6773692424265 114.38094246857735 158.80176321439257 162.0586313653179 120.24558203942463 107.01401777337396
96.64367542679655 114.61675270221191 154.5833108715168 149.80320423809366 122.54386969571347 114.27160627207444
94.26027795418386 121.35073135337916 161.01242188104618 169.1389960949278 120.25805586321442 120.22894826122368
96.5090669315583 107.48488265798126 165.8010856418015 161.5704180844996 121.4207560510146 117.57550765359255
190.40220586957494 182.7949671079595 222.04278866921123 223.26217771937996 192.07290282598427 177.23712929293342
77.10382610480494 101.28178513434683 160.80111939908875 159.72476326481126 115.02173707608489 112.11155159036913
100.85633346498375 114.54693361238441 163.71316379570703 168.40724449975423 116.69190203266035 121.50720143267229
76.4591394144611 105.84422516131903 155.1773179301666 156.08010763707205 111.19802156513397 100.0399920031984
90.86803618434813 125.93649193144932 163.26359055221099 166.29491874377882 130.927460832325 118.93275410920239
117.88553770501282 119.91663771137014 167.97916537475712 159.4741358339966 129.1743008496659 132.1854757528224
109.62207806824317 140.33531273346705 170.4083331295744 172.41809649801846 137.5281789307195 134.95554823718808
89.39798655450804 124.28596059088895 160.61133210331082 172.20627166279397 134.32423459673984 120.74767078498864
76.21679604916491 111.45402639653715 156.2209973083004 156.09612423119287 115.41230437002807 102.76672613253767
85.70297544426332 113.60457737256893 165.90660023037057 161.00931650062986 115.74973002128341 119.26021968787413
80.06247560499239 111.55716023635597 161.37533888422976 156.3873396410336 105.93866149805746 110.18166816671456
76.17086057016817 112.30761327710601 157.08596372687154 157.41346829290052 122.86984984120393 111.69601604354561
97.38583059151881 124.21352583354198 162.94170736800322 165.75584454250776 122.76400123814798 121.83595528414426
84.16056083463323 114.9086593777858 162.35455029040608 163.21764610482532 122.13107712617621 115.43396380615195
62.55397669213365 100.96534058774823 150.58884420832774 151.28780519261954 107.3126274023705 93.0
110.09087155618307 130.16527954873374 164.0365812860046 172.4441938715247 136.0183811107896 133.91788528796295
93.36487562247379 116.76472069936193 164.1554141659665 161.57970169547906 119.3901168438996 113.6089785184252
93.64827814754524 117.20494870098275 157.44840424723267 162.6806687962648 122.20883765096532 116.48175822848829
72.8285658241325 112.8583182578936 154.86768546084753 158.1043958908164 110.24971655292362 104.31682510506155
97.81104232140663 118.13551540497888 161.26685958373469 166.48723674804626 126.0317420335052 120.33702672078948
103.66773847248719 123.42609124492276 167.10774967068403 166.7932852365466 128.2497563350512 125.95634164265013
107.37318100903968 130.16912076218384 173.3176274935703 173.56266879718115 136.3011371926148 135.6281681657612
90.79647570252934 132.102233137824 168.5645277037847 168.67424225411537 132.9699214108213 125.7457752769452
88.08518604169488 125.06798151405499 161.13038198924497 160.76691201861158 116.67904696216884 114.564392373896
81.54140052758476 121.59769734661919 166.3159643570033 167.72000476985446 127.61661333854617 117.5712549903249
92.61209424259879 117.32859838931002 163.09812997088594 160.72958657322553 115.08257904652642 114.52074047961793
97.11848433743187 114.64292389851194 168.4755175092215 165.57475653009428 114.23221962301179 121.47427711248172
90.91754506144565 113.55615351005862 170.03529045465825 163.17781711985242 116.26263372210352 120.85528536228773
72.72551134230683 118.7097300140136 160.40261843249317 164.56609614376833 124.2014492669067 113.30048543585328
105.21406750050109 133.96641370134532 171.38261288707207 166.9520889357183 128.75169901791588 134.36517405935214
98.29038610159185 125.83322295800899 167.59176590751707 168.08926200087856 124.7477454706096 124.55119429375216
68.19824044651006 113.27841806805037 155.29649062358106 156.3009916795156 114.27160627207444 100.16486409914407
89.15716460273958 116.87600266949585 166.3159643570033 163.15636671610457 111.65124271587845 115.11298797268708
72.38093671679029 115.49891774384729 162.7298374607435 160.39326669159152 118.490505948789 106.61613386350116
94.54099639838793 118.8570570054635 162.5730604989646 163.1349134918703 116.71760792613941 113.76291135515125
95.75489543621255 121.98360545581525 169.51991033504 170.7161386629864 127.18490476467717 128.75946567146045
96.16652224137046 114.01315713548152 169.4284509756257 163.19620093617377 121.52777460317456 117.83038657324349
97.59098319004681 117.08543888972702 163.30339861742007 163.45947510009935 128.81381913443914 116.65333257134148
87.86353054595519 120.07914056987583 164.19500601419034 165.8282243769136 122.89426349508751 120.5902151917808
64.13267497929586 103.71113729971339 152.9803909002719 154.40207252495026 104.22091920531118 98.8382517044894
96.6126285741155 125.65428763078481 173.49351572897473 164.17977951014552 127.94139283281233 127.16917865583626
97.03092290605093 129.42179105544784 172.02616080119907 170.71028088548152 125.52290627610564 126.43179979736111
83.76753547765387 112.15168300119264 162.70525498581785 160.79800993793424 121.92620719107111 112.89375536317321
102.20078277586722 128.0 169.73803345155144 167.65440644373174 131.293564198707 125.14391715141412
84.5872330792301 112.30316113093166 160.52725625263767 152.4073489041785 107.19141756689292 105.3707739366092
102.52316811335865 129.15107432770353 163.42888361608544 162.27754003558226 125.92060990957755 127.09445306542689
102.0 137.23337786413333 171.25419702886117 174.89139487121716 138.68309197591464 132.80060240827223
74.62573282722254 108.31435731240803 160.37144384210052 163.3217682980441 119.20570456148481 112.67209059922514
69.49100661236676 120.26637102698326 160.844645543456 158.67577004697347 114.46396812971321 109.43034314119645
95.98958276813167 119.74556359214316 161.05899540230592 164.2954655491137 129.24782396620841 120.96280420029953
85.47514258543241 126.87395319765204 164.28024835627684 166.89817254841347 129.6803763103732 121.27654348636426
97.81615408509987 127.61269529321916 168.31518053936787 168.55562879951532 133.5926644692739 129.63795740445775
59.00847396772772 108.9816498315198 156.74182594317318 157.60393396105314 111.29690022637648 101.78408519999579
67.75691846593969 113.63098169073433 160.09684569035082 162.81891781976688 121.98360545581525 109.70414759707128
89.73850901368932 124.16118556135005 165.65928890345992 165.96385148579796 133.30416347586447 125.2078272313676
100.1049449328054 132.860829441939 169.42549985170473 174.66539439740203 137.30986854556377 130.1191761424887
0.0 106.94391053257777 151.53877391611692 153.89281984550158 111.26994203287786 100.88607436113271
79.58014827832379 120.124934963562 163.7345412550449 166.21070964291079 124.1370210694618 122.3315167894194
73.92563831310488 124.66755792907793 163.97865714781298 161.58589047314743 127.16131487209465 118.84864324004712
188.60805921274945 189.56265454988755 226.17471123005774 223.91516250580264 189.27757394894937 179.82491484774852
184.1086635658409 184.29595763336752 220.55838229366844 217.60744472558838 179.66914036639682 172.91038141187474
183.98097727754356 180.3995565404749 219.3467574412715 221.32781117609238 185.97849338028308 170.90640713560157
194.09533739891847 193.26665516844855 229.0960497258737 224.7798923391503 197.0989599160787 186.61457606521523
171.7701953192113 160.6237840420901 195.99744896299032 201.48945381830782 167.68422704595682 171.665372163404
148.20931144837022 134.66625412478064 175.3909917869216 183.81784461798043 148.8321201891581 144.40914098491135
190.34967822405164 187.275198571514 223.04932189988833 223.45916852973386 186.05375567292373 176.042608478743
194.73571834668647 194.1468516355596 226.50386310171402 227.88374228979126 191.85150507619167 182.29646184169346
122.05326705991938 118.88650049522023 166.50825805346713 160.00624987793447 125.13193037750197 122.94307625889309
185.3699004693049 179.73035358558664 217.02073633641555 220.5697168697462 177.09037240911772 170.55204484262273
188.89415025352162 185.60711193270586 223.56878136269384 221.7385848245632 184.19554826325202 174.61672313956646
188.65047044733285 180.02777563476144 216.8340379184043 219.91361940543837 186.11286898008962 179.66914036639682
184.73765182008782 185.3402276895116 222.62973745661202 218.38269162184076 186.57170203436533 172.82360949823956
193.33649422703414 190.66724941635886 224.7954625876599 227.99561399290118 186.9598887462228 178.6421003011328
109.48515881159419 109.19706955774959 154.042202009709 161.4249051416788 126.07934009979589 114.14464507807627
189.89734068701435 195.1153504981092 221.32555207205516 222.4589849837493 194.11336893681485 190.79570225767665
128.06638903318856 90.69729874698585 164.54482671904336 156.26899884494046 125.22779244241272 123.91529364852427
180.39401320442983 175.25695421294984 215.93054438869922 216.9354742774911 179.36833611315015 171.0263137648707
182.01922975334227 184.72682533947255 214.10978492352936 213.88782106515555 184.4776409216033 183.77431811871864
113.1238259607586 77.78174593052023 150.2165104108067 159.34867429633672 107.97221864905805 98.01530492734285
146.68674105044394 125.89678312014172 177.23712929293342 183.94564414522026 152.78743403827423 143.39107364128355
127.8436545159751 110.98198051936178 167.40967713964446 163.5328713133846 127.06297651164952 123.4179889643321
135.26270735128733 118.16513868311584 166.5232716469383 160.0218735048431 127.92575972023774 135.19615379144483
114.88254871824527 84.02975663418287 151.1158495989087 150.5489953470298 113.82881884654694 105.24257693538296
182.1647605877712 170.12054549642144 211.02606474082768 215.45533179756774 177.97471730557686 172.97398648351722
192.41361698175106 189.47823093959897 223.77444000600246 226.37137628242667 194.0257714840995 183.51839144892264
136.51373557265217 140.017856004154 193.70080020485202 183.19115699181552 150.35624363490862 153.08820986607688
156.4288975860918 162.3360711610331 207.09901013766338 189.7814532561072 166.5562967888035 168.2973558912914
189.30662957223657 187.54732736032258 222.29484924307175 226.15481423131368 193.41147845978531 181.52410308275867
187.16837339678943 183.81784461798043 216.0509199239846 215.58524995926786 185.92202666709505 179.81101189860425
111.43159336561602 112.75637454263949 159.8718236588299 163.25440269714014 119.27279656317278 111.78103595869918
146.30105946301276 157.03184390434953 201.41002954172862 182.10161998181127 159.90309565483716 163.24215141929488
185.04053609952604 187.55532517100121 218.4078753158869 212.75572847751948 185.878992895916 186.26862323000083
109.08712114635715 88.31194709664146 151.77615095923338 156.43209389380428 112.97344820797495 110.59837250158793
188.10635289643994 181.96977771047588 222.12158832495322 224.90220096744272 186.7270735592458 173.44163283364233
171.1636643683466 172.9335132355785 207.91584836178313 210.6751053162191 176.38594048279472 172.6875791711726
144.11453778158537 141.35770230164326 180.44666802132977 176.62955585065598 147.02380759591284 146.72763884149435
109.5627673984187 126.63727729227283 166.89517668285083 169.08281994336386 130.12686117785213 128.77111477346153
98.15294188153507 81.84741901856161 146.3830591291219 144.30869689661813 107.10275439968852 94.18067742376883
109.94089321085217 83.92854103342914 157.01273833673497 159.9874995116806 119.18053532351665 110.87380213558116
131.60547101089682 93.64293886887575 163.1441080762649 165.13327950476852 124.84790747145104 125.39537471533788
178.24701961042715 174.24982065987902 211.0213259365034 216.94008389414807 181.3918410513549 173.41280229556295
121.74974332621815 94.05317644821997 157.97151641989134 158.50552040859648 126.76750372236569 117.11959699384215
122.86984984120393 108.80257349897566 156.23379916010492 162.32683080747927 128.2107639786925 122.51938622112013
178.90500272490985 183.17205026968497 212.31815749012142 211.0071088849852 181.64801127455263 183.52384041317356
114.0175425099138 83.91066678319271 149.1174034108695 151.56186855538567 109.05503197927182 101.52832117197644
181.4359391079948 181.34497511648897 215.6687274502263 216.35618780150477 181.8130908378162 177.98595450203368
135.05184189784308 114.67344941179715 167.75875536018978 170.89763017666453 144.81712605904042 133.16531079827058
132.34047000067667 122.76400123814798 166.55329477377504 168.3181511305302 136.53204751998703 131.52186130069785
182.14280112043957 175.8152439352174 215.97685061135604 215.55741694499866 183.24027941476186 172.11042966653707
175.66160650523494 180.42172818150257 208.58331668664204 211.0071088849852 176.74275091216612 178.05897899291685
184.68622038473796 176.01704462920628 216.95852138139216 218.6869909253863 183.62461708605412 176.24698578982847
121.8400590938793 102.80077820717118 162.85269417482783 167.6722994414999 135.94851966829208 118.56221995222593
180.92263539977523 172.0813760986354 216.09488656606385 216.7256330017287 180.14993755202914 173.31185764395926
173.65770930194836 172.1394783308001 212.69931828757703 213.030514246199 180.18878988438766 166.0210829985156
190.23669467271554 181.68929522676893 218.3575050232989 219.1049976609388 187.6832437912346 181.01381162773188
120.72696467649637 102.25458424931374 168.88753654429328 164.61470165206995 134.49907062875937 124.51907484397722
102.36698686588367 97.6012295004525 153.86682553429117 159.78735869899094 123.5394673778384 117.01709276853532
111.70049238924598 82.98192574289898 153.7693077307692 158.86472232689044 117.27744881263405 110.57576588023255
186.65208276362736 183.37938815472145 221.51523649627356 222.49943820153794 194.24726510301247 183.50204358535083
182.18122845123204 176.63804799646084 216.2960933535324 219.99772726098786 186.45374761586316 174.64821785520743
125.05598746161657 83.86894538504703 150.94701056993478 162.09256614663116 122.60505699195282 116.86316785026837
120.76423311560423 96.46242791885346 160.76691201861158 161.46516652207063 124.42266674525185 121.09500402576482
106.94391053257777 0.0 148.5631178994302 152.10522673465235 103.02426898551623 99.55400544428134
122.14745187681976 74.71947537289057 159.75606404765986 161.4032217770141 119.08400396358866 114.76933388322858
97.67292357659824 66.29479617586888 152.4663897388536 154.71586861081832 104.47487736293353 103.51811435686027
120.94626906192683 96.44169222903547 159.69971822141704 169.0295832095672 127.07871576310488 121.21056059601408
119.63695081370136 94.81561052906846 165.37533068750005 156.57586020839867 116.96153213770756 121.59358535712317
187.59264377901388 180.08331405213534 215.7753461357437 217.2418007658747 179.82213434391218 181.31464364468746
111.97767634667188 84.49852069711044 150.68178390236824 155.59562975867928 109.73604694903129 104.42700800080408
182.55136263528684 176.0340876080539 219.11412551453637 218.8515478583599 190.51509126575775 176.44545899512406
183.2129908057832 184.44511378727276 126.69254121691615 206.78007640969668 174.18381095842403 181.19878586789702
164.83021567661677 170.52272575818156 108.57716150277645 199.08289730662452 174.5279347267938 165.23014252853503
233.32380932943812 233.33023807470818 202.94334184693028 257.40046620004404 232.6349070969359 222.4005395676908
221.18996360594664 217.10366187607247 187.77380008936285 249.43536236869062 220.15449121014996 209.64493793077858
225.21989254948153 223.242021134015 192.80560157837738 253.62373705944796 224.5373020235168 214.0700819825134
172.70205557549104 171.4380354530464 114.42027792310242 196.07396563542034 162.48384535085327 173.1300089528098
181.9752730455432 184.16297130530882 136.53937161126822 209.59484726490774 178.06178702910964 185.24308354159947
169.93528179868946 168.29438493306898 100.90589675534329 205.25837376341067 165.64721549123607 167.48134224444226
213.58136622842358 217.90364843205356 182.42532718896246 240.19159019416145 214.8720549536398 214.04905979704745
170.00882330043933 178.38721927313065 123.35720489699821 204.15190422819964 174.20103329199858 174.0086204761132
171.81967291320282 170.21457046915813 103.53743284435828 200.3272322975586 164.86054712999106 171.9825572550891
168.422088812602 167.46044309030117 97.49871794028884 194.12109622604135 164.60558921251732 166.667333332
174.78272225823696 169.12717108732116 102.9417310909429 201.50434238497195 175.54486605993353 169.1537761919609
181.89282558693733 175.2826289168439 109.80437149767764 207.79316639389276 169.8646520027048 177.8566838777784
175.47079529084036 175.8493673574062 115.20416659131735 205.24375751773792 169.26015479137433 173.24549056180365
180.26092199919538 178.7148566851676 118.1185844818672 203.12803843881326 162.61303760769 177.51056306597644
167.74683305505354 172.8525383093925 116.36580253665593 204.1470058560742 161.70343224557726 165.85234396896536
172.6267650163207 177.02259742756007 113.46365056704283 199.19086324427633 166.3640586184408 175.44229820656136
173.4733408913312 174.4706279005151 109.83168941612435 205.07559581773742 171.03216071838654 175.25695421294984
174.97142623868618 170.49926686059385 95.4829827770373 202.85955732969546 171.41761869772895 170.3907274472411
170.0676336049867 175.05427729707148 118.1482120050913 201.275930006546 168.25575770237404 173.5713109934934
175.0028571195339 171.15782190715095 105.97169433391164 204.3257203584512 168.05058762170395 172.55723688098394
181.92580905413064 171.36510730017358 113.39753083731586 203.7253052519495 165.74679484080528 176.97174915788113
184.29053149850102 183.92933425639316 133.4053971921676 208.51858430365385 174.64821785520743 187.95478179604797
171.21915780659592 168.77499814842244 113.63978176677391 199.8874683415646 166.844238737812 171.99418594824652
216.66564102321345 213.34244772196647 179.13681921927719 247.05262597268623 214.2545215392198 205.07071950914883
221.8873588107263 220.75552088226468 189.97368238785077 252.99604739995445 219.8522230954238 212.56528408938277
171.75272923595713 170.64583206161234 100.03499387714281 195.94386951369518 165.64419700067975 169.43140204814455
168.09818559401526 166.64933243190626 97.2265395866787 194.59188061170485 161.22034611053283 167.54999253954026
165.9276950963883 170.1616878148545 100.08995953640904 195.9617309578582 163.37380450978057 168.9319389576761
173.85626246989207 170.220445305492 105.98113039593416 198.13884021059576 169.86759549719895 170.24687956024334
166.7872896835967 162.70525498581785 93.40235543068493 195.4149431338351 154.40531078949326 163.48700254148645
171.68284713389394 172.29045243425418 112.60106571431729 204.9634113689563 167.48134224444226 171.11107503607124
221.39557357815445 220.6875619512799 188.98677202386415 251.31852299422738 223.92632717034414 213.55093069335942
180.5408541023333 174.05171645232343 106.44716999526104 202.2918683486808 164.08534364774937 173.29454694248173
180.93645293306707 181.95329070945652 123.68508398347798 208.35786522231408 173.60011520733505 181.54338324488722
170.5608395851756 164.4870815596167 98.84836872705588 201.40009930484146 167.86303941010956 165.67739737212196
169.15968786918472 166.8112706024386 91.1756546453054 196.56551070826234 166.87720036002523 166.0511969243221
184.24440290006098 175.49643871030545 115.56816170554933 206.37102509800158 164.13713778423212 181.58744449988825
219.17116598676935 219.4379183277129 186.14510468986285 250.3297824870225 220.0840748441377 209.47076168286588
175.07712586171843 174.1866814656046 98.95453501482385 197.7953487825232 159.06916734552928 174.11490458889497
167.72894800838642 161.69724796668618 82.48030067840442 195.70896760240703 167.6186147180557 162.43460222501855
170.0441119239358 165.6743794314619 95.98437372822724 194.3347627162984 164.78470802838473 167.74683305505354
160.69847541280532 162.85883457767957 91.0494371207203 196.49681931267997 162.34839081432253 160.9409829720199
170.33496411482875 174.6682569902156 102.03920815059278 204.67290978534507 168.70388258721255 170.80398121823742
180.4826861502233 178.21616088334974 116.73045875006231 206.5502360201992 168.78092309262917 178.12916661793486
170.36725037400822 168.30923919975396 101.24722218411723 201.26102454275642 166.6913315082701 169.6732153287607
179.3376703316958 170.52565789346775 111.01351269102334 200.9701470368174 167.9613050675661 176.89544934791286
163.50229356189473 162.7636323015679 82.17663901620703 193.28217714005604 164.2985088185526 162.43460222501855
168.17253045607657 170.12642357964268 103.3537614216338 193.69821888700992 169.25424662323837 170.2879913558205
178.42925769054804 165.5475762432057 104.88565202161828 197.86864329650618 162.191245139804 175.65022060902743
174.04884371922728 172.29625648864226 109.45775440780794 196.99746191258404 167.5768480429203 174.4849563716024
169.3280839081338 165.9548131269473 97.9081201943945 201.02984853001308 167.77067681809 170.02352778365704
170.79227148791014 174.11203289836115 107.71258050942797 204.12006270820123 170.8010538609174 172.62097207465843
175.82377541163197 167.88388844674762 101.58740079360236 203.60009823180343 160.61444517850816 170.88007490635061
166.44518617250546 162.3730273167314 88.9606654651369 192.84449693989197 163.84443841644426 163.78034070058592
176.70597047072292 173.6663467687393 113.32696060514462 198.36330305779848 178.02247049178933 175.5135322418189
174.4906874305904 176.22145158861903 101.18794394590691 197.83831782544047 172.9624236647949 174.86852203870197
166.92513291892266 164.27111736394806 92.81163720137685 195.58374165558854 163.75286257039906 162.89260265586034
159.59323293924464 160.22172137385118 78.01281945936834 195.31256999998746 166.75431028911967 160.1873902652765
161.47135968957468 156.4288975860918 86.00581375697809 193.68014869882768 165.26342608090877 157.5277753286702
168.63273703525067 163.2360254355637 96.42095207992918 201.11688143962456 170.33496411482875 168.74537030686204
173.94539373033135 167.94046564184583 107.2147377928986 193.2097306038182 173.216627377397 175.6160584912439
217.5385023392411 216.77176937968653 184.00271737123884 248.48339984795766 220.3043349550798 208.1754068087775
155.50884219233322 150.3595690337 65.10760324263211 189.8789087813599 159.03458743304867 153.1502530197061
162.67144801716125 156.94903631433993 92.41212041718337 190.5019684937665 167.59176590751707 159.59949874608003
173.6145155221763 166.6043216726385 107.15409464878138 195.83411347362338 162.42844578459773 172.45869070591948
166.5022522370193 160.80422880011582 94.5568612000208 195.2690451658941 159.81239000778382 166.2197340871414
172.3890947827037 166.9820349618485 99.72963451251589 198.0631212517868 167.49626861515452 171.23083834403195
171.5546560137614 160.822883943797 102.51341375644458 195.71918659140192 155.55706348475468 170.75420931854066
159.4051442080838 159.7779709471866 83.36666000266533 192.91708063310517 169.01183390520322 160.34338152851836
151.53877391611692 148.5631178994302 0.0 188.54442447338505 157.3944090493687 148.87578715157142
162.82505949638096 157.28636304524306 78.07688518377255 193.56910910576616 161.32885668720274 156.46724896923317
164.27111736394806 157.91770008456936 80.86408349817613 194.37592443510076 157.08596372687154 159.53369550035504
167.8272921785965 155.3415591527264 92.2062904578641 188.28967045486058 157.02547564010115 164.42019340701432
160.12495120998477 154.92256130079957 65.16133823057964 190.2077811236964 160.3527361787132 156.48642113614844
161.7930777258409 155.89098755219945 74.23610981186985 192.25503894566717 161.09624452481813 157.3435731131081
163.43500237097317 149.9933331851786 77.86526825228306 188.88091486436633 160.7109205996904 158.16763259276533
162.96318602678338 159.85618536672268 82.39538822045807 194.8383945735542 167.14065932620943 161.79925834193432
166.27086335254293 152.029602380589 86.1974477580398 189.7919914011126 153.39817469578966 160.48052841388576
169.54940282997165 164.21327595538676 97.81104232140663 197.08373854785685 173.18198520631412 165.87043136134903
174.51360978445206 163.87190119114382 100.41414243023739 192.681083658983 171.5925406304132 174.12351937633238
220.70115541156554 216.2960933535324 188.0026595556563 247.34995451788544 221.92341021172146 214.2498541423074
157.56585924622124 146.61514246489003 76.77890335241837 184.91619723539634 154.5639026422405 154.812790169288
166.83524807426036 160.9192344003662 90.39911503991618 186.51273414970893 164.49620056402517 164.0426773739078
164.14932226482082 162.9355700883021 89.2468486838611 193.75758049686726 166.02409463689298 162.13882940245992
166.9221375372362 163.37686494727458 86.50433515148244 196.96700231257012 167.46940019000485 163.55732939859345
163.7345412550449 156.48642113614844 76.909037180295 191.29035521949348 159.6120296218302 155.88136514670379
165.98192672697832 158.4645070670401 79.66178506661774 194.91793144808406 156.02243428430413 160.24356461337223
173.824624262502 167.80345646022909 98.70663604844408 195.45331923505418 173.84475833340503 169.637849550152
163.89020715100705 158.16763259276533 75.53806987208503 193.3726971420733 155.9967948388684 160.1686611044745
165.8010856418015 153.2481647524694 88.03408430829505 193.1657319505714 157.9145338466349 165.76489375015447
164.0944849774056 155.09996776273036 92.67685795278129 190.6410239166796 155.9166443969341 164.41715238988905
166.08130538986018 166.87720036002523 89.89438247187641 198.83661634618508 163.49923547221866 165.1211676315305
155.74337867145428 154.32109382712397 83.23460818673925 188.70347108625214 160.14056325615942 156.48642113614844
160.738918747141 156.3841424185969 86.52745229116596 189.62594759156775 162.75748830699004 163.99085340347492
171.31257980662133 163.64901466247818 98.74208829065749 181.78833845986932 158.60327865463563 170.47580473486553
155.42844012599497 154.23034720832342 82.21921916437786 190.32340896484595 161.68797110484132 158.42979517754858
159.63708842245902 154.8386256720202 74.32361670424818 194.2652825391094 161.49612998459128 159.18542646863122
168.1398227666486 160.4119696282045 87.22958213817145 192.22382786741085 153.7400403278209 162.9018109168833
161.0527863776346 152.9869275461142 84.8528137423857 194.29101883514844 159.03773137214955 159.1917083267844
180.06943105369106 168.4755175092215 105.01904589168576 203.07141600924538 171.23667831396403 172.1946572922633
159.76232346833217 154.1590088188167 78.62569554541314 188.34808201837362 156.82155464093577 159.15401345866212
176.0113632695344 168.28250057566888 101.8037327409953 198.9899494949431 169.34875257881293 171.95929750961417
169.99705879808627 160.1998751560063 83.12039460926542 197.1801207018598 156.07690412101337 163.61234672236688
159.6746692496966 152.6532017351749 74.81978348003956 192.33564412245588 159.03144343179434 154.05843047363555
173.72104075212076 161.33815419794539 100.12492197250393 195.33560863293718 169.66437457521835 169.0295832095672
174.09480176042018 165.4992447112675 97.3909646733207 202.25726192154386 169.95881854143374 169.71446608937023
164.12495239907915 160.0 93.53608929178085 199.18333263604163 160.099968769516 161.64467204334326
166.37608001152088 167.1645895517349 95.96353474106714 197.3068675946177 161.00931650062986 165.14539048971363
173.35512683506076 168.4547416963975 108.29589096544707 196.01785632946812 167.07184083501323 174.4820907715173
230.05434140654683 226.36254107073458 253.56853117056934 198.4338680769994 231.80163933846544 220.32929900492127
156.32018423735306 158.11072069913538 191.10729970359583 90.13878188659973 161.8486947738535 164.15236824365343
163.82917933017916 161.8486947738535 195.72940504686565 105.26632889960588 163.5328713133846 167.17057157286985
156.04486534327236 155.60526983364028 191.8436863699194 91.18662182579197 160.57708429287163 159.18542646863122
204.42357985320578 211.78762947821102 239.49739038244238 169.58183865025168 211.43793415562877 208.85641000457707
162.4222891108237 162.51769134466562 193.34683860875512 99.44847912361456 165.7829906836042 167.1017654006085
151.94735930578062 149.04697246170417 185.77943912069495 75.23961722390672 149.51588544365444 155.86532648411577
155.71448230656003 158.53075411414656 192.70962612178977 90.598013223249 157.96835126062436 161.0248428038357
219.79763420018878 216.6748716395143 248.93573467865156 188.92855792600545 222.84075031286355 209.89759407863636
149.8098795140027 149.36532395439042 191.637678967368 73.17103251970687 153.1208672911697 154.45063936416707
160.15617378046966 157.52142711390093 191.14915641979695 84.95292814258964 157.9145338466349 163.31564530074883
170.78641632167356 168.72166428766639 203.17972339778396 98.60527369263775 168.01488029338353 176.57859439920796
165.44485486106845 168.05058762170395 197.63096923306327 99.46356116689167 160.73269735806713 170.78056095469412
171.92440199110771 169.90291345353674 198.98241128300762 93.8669270829721 175.05142101679724 172.15109642404255
218.46052274953476 216.8501786948768 250.53742235442593 188.67962264113208 221.37750563234738 208.90428430264421
168.57639217873896 161.47755261955143 194.18032856085088 101.28672173587218 161.95369708654385 169.68205562168322
169.3989374228776 166.57430774282088 197.50443033005615 105.17128885774862 166.1896507006378 173.63755354185338
159.7779709471866 160.39950124610738 196.49681931267997 96.88137075826292 164.06096427852665 163.5328713133846
154.69647701224486 152.49262277238202 189.87627550591992 87.46427842267951 156.57586020839867 160.58331171077523
172.54564613458086 168.62680688431482 195.00256408570633 111.57508682497182 164.76346682441468 175.20273970460622
204.90729611216872 211.56559266572626 235.82832739092223 167.9166459884189 209.51372270092477 206.63736351395892
225.57482128996577 216.62640651591855 246.57656011875906 190.99476432614586 227.91006998375477 219.97727155322207
158.24348327814323 154.6673850558029 190.64364662899206 76.69419795525604 158.8332458901473 162.30526793668776
166.715326230074 161.56422871415566 196.94161571389628 98.09689087835557 164.44147895224003 167.87495346239118
150.75808436034202 151.2316104523125 190.57282072740594 72.3118247591637 155.43165700718757 155.11930892058538
166.69433103738112 155.78189882011324 193.68789327162398 91.30169768410661 159.29846201391902 170.83032517676713
160.80422880011582 154.8321672004884 189.69449122207 84.16056083463323 159.339260698674 161.5301829380503
221.48814866714653 217.7383751202346 249.92999019725505 189.5521036549054 224.33011389467978 212.11553455605272
151.8617792599573 156.80242345065972 191.5567800940494 92.233399590387 161.99074047611487 159.22939427128398
218.23381956058049 214.36184361961435 247.8467268293047 186.24983221468952 220.24304756336804 207.92787210953705
160.61444517850816 160.77313208369114 192.6369642617948 72.92461861401813 161.21414330014596 164.80594649465777
150.49584711878265 154.5509624686951 190.12890364171355 76.51143705355429 151.88153278130952 157.7244432546839
156.03525242713584 155.97435686676192 193.48643363295525 80.63498000247783 153.7140201803336 159.3643623900902
153.89281984550158 152.10522673465235 188.54442447338505 0.0 157.53729717117784 158.4013888827999
159.4051442080838 151.20515864215744 186.9063936841113 77.0 156.7322557739791 161.73435009298427
159.75606404765986 148.82540105774956 190.3417978269618 77.46612162745726 157.27364687066935 161.10865898517062
153.9253065613319 151.06952042023568 185.75521526998912 70.24243731534378 156.06408939919524 158.13601740274098
156.8853084262513 156.35856228553652 188.96295933330427 72.31873892705818 159.63082409108839 160.14680764848234
165.9307084297539 155.74337867145428 194.2601348707449 87.3040663428686 156.28819533157326 167.23336987575178
158.8143570336133 156.182585456894 187.74450724322136 56.4003546088143 161.36604351597643 162.5730604989646
161.1645122227595 151.24483462254173 191.47845831842287 82.23746105030237 156.80242345065972 163.17475294910057
159.58383376770968 157.68956845650888 192.82893973675218 77.31752712031083 156.81198933755033 162.7114009527298
160.72958657322553 153.74329253661767 189.16130682568252 76.3740793725201 151.7003625572464 158.30350596243912
154.16225218904918 155.18054001710394 190.57282072740594 69.30367955599472 156.36176003102548 156.41611170208776
169.08281994336386 161.25755796240995 199.155717969633 99.60923651951158 166.42115250171776 174.7483905505284
170.17344093600505 160.67980582512538 198.04797398610268 93.59487165438073 161.92590898309015 173.05779381466758
160.60199251565965 160.72958657322553 195.06665527454967 80.06247560499239 163.0521389004143 167.1556161186336
222.4544897276744 217.57527433051763 250.29982021567653 190.27085956604074 225.50166296504335 214.39216403590873
154.35996890385798 146.2942240828393 186.33035179486996 78.3198569968051 151.65091493294725 157.41346829290052
152.8757665557233 138.41242718773483 186.78061997969704 73.17103251970687 152.03946855997623 155.23208431248997
158.1771159175688 156.18898808814916 190.24195120950583 100.16486409914407 160.7886811936711 165.84329953302304
168.14874367654372 152.31217942108242 197.45379206285202 87.78952101475437 159.91560274094581 170.7161386629864
155.3415591527264 147.71594362153328 186.056443048877 75.56454194925024 158.826949854236 159.16343801262903
151.9802618763371 142.88106942488918 184.35834670553976 77.78817390837762 150.26310259009028 153.33623185666198
165.72567694838358 150.47923444781344 193.0932417253385 80.77128202523468 160.63000964950479 167.16758058906038
160.91612722160573 150.77466630704245 194.36563482261982 90.28288874421332 155.87494987970325 167.33798134314875
154.57684173251826 147.53643617764394 187.3018953454556 69.0724257573165 153.1502530197061 157.09232953903256
155.01612819316577 145.74292435655323 186.70297265978385 77.32399368889322 155.81078268207241 158.0632784678339
158.15814869933197 146.72082333465826 187.42465152695362 76.25614729318549 154.2822089548889 159.1288785858808
209.81658657027094 212.99765256922433 239.35956216537497 171.31257980662133 214.2755235672054 211.2699694703438
216.58254777336055 213.1924013655271 250.18792936510746 182.07416071480324 218.71213958077408 208.85401600160816
157.90503475190397 155.6373991044569 190.46784505527435 87.90335602239541 158.11072069913538 161.84560543925807
161.34435224078965 158.47712768724702 185.76329023787235 78.32624081366346 166.7782959500426 165.46298679765212
151.02648774304458 149.57941034781493 189.51253256711018 73.2120208708925 158.12653161313568 160.2092381855678
165.40253927917794 164.47188209539038 200.28479722634967 96.70056876771719 164.59951397255097 172.20917513303408
167.59773268156107 155.89098755219945 199.0 100.269636480841 163.74980916019413 175.13137925568907
218.46967752985768 213.06337085477645 244.31741648928755 183.24300805214915 211.7215152033444 210.2641196210138
166.95807857064 164.20109622045769 202.7732724004818 102.33279044372826 164.27416108445053 174.7426679434648
160.0093747253579 157.32132722552274 197.15729760777307 94.01063769595439 163.06440445419105 169.28969253915017
173.79873417260552 176.48512685209482 205.56264252047356 106.93455942771729 174.65108072955059 179.60512242138307
222.3870499826822 219.36955121438345 246.7225161998799 185.18909255137032 215.571333901333 217.81184540791165
216.91933984778765 213.27681543008842 246.23159829721286 185.14588842315672 220.94116863997982 212.72987566395088
160.12495120998477 162.96932226649284 195.51981996718388 98.54440623394105 163.52675622050356 165.553616692599
158.86786962756187 159.3612248948909 194.994871727438 98.38699100999075 159.78735869899094 164.3198101264726
157.60710643876436 160.8819442945665 195.69874807979738 85.64461454172118 155.88778014969614 167.11672567400308
161.78998732925348 165.74981146293953 201.6382900145704 103.42630226397925 164.18587028121513 171.50510196492698
171.86040847152668 175.43374817862156 208.69595108674247 107.46627377926528 177.31610191970722 183.07375562870828
159.69971822141704 154.99354825282245 197.038067388005 88.91006692158093 163.28196471135445 167.24831837719626
160.5490579231158 159.3643623900902 198.17668884104407 91.04394543296111 161.06209982488122 166.02409463689298
167.02395037838136 164.85751423577878 202.19544999826283 100.29955134495867 167.58878244083044 175.1542177625192
109.37092849564732 122.97560733739029 158.74507866387543 158.93080255255745 104.76163419878482 112.48999955551605
144.49567467574937 144.734239211045 176.9773996870787 177.2737995305567 109.5171219490359 140.10353314602742
193.97680273682212 195.62208464281326 224.71537553091466 229.0589443789524 190.45734430575263 183.33848477611022
118.06354221350468 128.73228033403277 165.53851515583918 169.3576098083579 108.75660899458019 111.4136436887332
132.2157328006013 132.87588193498473 162.00308639035245 176.555940143627 111.88386836358492 124.60738340884942
130.93127968518448 132.16656158045424 168.08628736455572 163.67040050051813 113.28724553099524 116.78612931337351
141.81325749026428 132.12872511305028 182.35405123001792 173.59147444503142 109.45318634009702 138.69751259485514
157.4674569553976 150.3096803269836 187.0294094520966 185.469674070992 125.14391715141412 153.850576859497
106.75673280875544 106.2449998823474 163.94206293688023 156.10253040870285 85.44003745317531 100.72239075796404
112.28535078094559 120.22063050907694 160.9409829720199 165.50226584551643 94.84197383015602 108.38819123871383
139.31618714277246 137.50636348911274 180.83970802896138 170.61652909375456 116.82465493208187 139.1006829602213
113.3666617661471 118.89070611279925 157.30225681788548 166.3400132259223 94.41927769264072 110.06361796706484
136.3048054912225 134.58083073008578 173.70377082838473 170.33496411482875 106.27323275406654 134.68852957843143
190.03946958461023 191.46801299433804 226.67377439836307 225.24209198105046 189.65758619153624 177.57533612526262
158.63480072165754 149.85993460561767 168.9644933114647 186.56902208030144 133.2066064427737 155.07740002979156
136.31947769852994 142.75153239107453 165.62306602644452 170.5813588877753 119.5156893466293 131.01526628603247
133.91415160467545 130.5450113945378 175.15992692394 176.97457444503152 105.13800454640558 129.0387538687506
107.14009520249644 121.69634341261039 158.17395487247578 161.1831256676703 88.35157044444654 96.54532614269839
131.84839779079607 135.1554660381888 178.61130983227238 173.5194513592064 109.38464243210744 128.94960255851896
118.69709347747316 128.8875478857442 166.53828388691892 171.1198410471445 96.90201236300514 109.81347822558031
116.49463506960309 126.07140833670417 163.99695119117305 171.40595088852663 102.09799214480175 114.64292389851194
111.26994203287786 103.02426898551623 157.3944090493687 157.53729717117784 0.0 103.33924714260309
147.54321400864222 144.97586005952854 187.87495841649573 180.08886695184685 119.78313737751236 140.3744991086344
115.29093633065871 121.85647295076286 162.39458119038332 163.31258371601376 94.12226091632095 110.69778678907723
118.55378526221759 115.68059474259285 166.8921807635097 170.13524032369074 89.58794561770016 108.82554847093581
116.62761251093156 120.42840196564929 161.62301816263673 167.57386431063765 91.31812525451889 114.13150310059007
145.58846108122717 149.33519344079613 177.43731287415284 174.45629825259965 122.41323457861898 136.1396341995967
129.59166639873106 126.16259350536514 175.22556891047608 164.44147895224003 103.13583276436954 125.56273332482054
121.23530838827442 132.16277842115758 176.80497730550462 158.58436240689053 103.58088626768937 121.96720870791461
115.26925001924842 124.1772926102031 166.8921807635097 160.20611723651504 106.28264204469139 120.82632163564361
125.5866234915168 127.78497564267875 172.77152543170996 173.24260445975753 105.51303237041384 127.89839717525783
125.89678312014172 133.4953182699678 174.8427865254955 169.64963896218583 96.57639463140049 115.32562594670796
172.6528308484978 171.07892915259904 204.60938394902615 207.86534102634812 168.43990026119107 165.2785527526182
195.48913013259843 196.00765291181872 228.45130772223652 228.15564862610788 193.8169239256469 181.1573901335521
187.62196033513774 191.21976885249077 223.49049196777923 225.25319087640023 192.88079220077876 179.63295911385526
195.86985475054604 196.25493624365222 226.74434943345335 231.43465600467013 198.39858870465787 185.65290194338465
118.31314381758267 130.34185820372517 169.46976131451888 170.4200692406854 109.67679791095289 112.78297743897348
137.34991809244008 130.843417870369 172.8554309242264 173.5857136978732 114.39405578962571 133.1277581873893
132.23463993976767 127.74584141959377 176.10224302944013 169.06507622806078 99.3529063490344 129.96153277027784
117.37546592026803 124.51505933018704 166.03915200939807 158.2087228947886 98.63062404750362 118.0804810288305
121.23943252918994 129.3599628942433 165.67739737212196 160.75447116643443 109.79981785048643 130.011537949522
113.69256791892775 120.66068125118473 173.3666634621547 165.54455593585675 88.72992730753249 115.91376104673681
120.61509026651682 132.75918047351755 169.24538398432023 163.8749523264614 106.88779163215975 126.33289357883005
133.3641631023867 139.05035059286976 176.85587352417787 171.65372119473554 117.72425408555367 141.9859147943908
118.94116192470965 116.81609478149832 163.2574653729501 168.77203559831824 76.39371701913711 108.02314566795395
123.76994788719918 123.53137253345807 161.66941578418596 165.3420696616563 99.77975746613137 122.84543133547946
127.00393694685216 134.30934442547175 173.50504315437058 175.76404638036757 116.86316785026837 133.52902306240392
118.05507189443408 119.47384651043926 164.54482671904336 167.2602762164406 91.0494371207203 117.08543888972702
131.14877048604 125.2078272313676 168.45177351396453 171.040930773894 99.24212815130478 128.80217389469792
124.39051410778879 135.30705820466278 174.55371666051687 171.73234989366446 108.34205093129813 131.03053079339944
187.40330840195966 186.48056198971517 222.8542124349459 219.87041638201353 183.99728258862956 175.21986188785792
118.47784603038663 129.406336784564 167.79451719290472 166.8112706024386 103.76897416858277 122.18428704215611
182.55957931590441 176.58142597679972 130.8892661756494 203.3396173892338 157.21005056929408 175.34537347760278
174.83992679019286 175.7327516429422 121.28891128211185 204.82187383187372 154.4927182750048 171.0643153904402
157.4357011608231 161.1862276995153 113.11940593903418 196.49173010587495 144.24631711069785 155.08062419270823
181.69479904499192 180.7484439767048 137.63357148602952 207.66318884193223 166.61332479726823 181.13806888669205
163.59095329510126 163.2574653729501 111.09455432198286 194.69720080165507 159.1257364476281 162.64070831129578
212.69226596188213 208.64083972223654 172.02906731131225 240.09789670049173 209.24387685186872 205.05121311516302
171.1461363864227 169.33989488599548 118.23282116231516 205.12922756155447 154.6156525064652 171.0
158.69152466341737 162.87418457201866 108.42047777057617 197.2815247305231 152.78743403827423 160.50856674956637
215.2347555577398 208.1033397137105 178.39843048636948 248.49748489672888 211.14213222377006 200.5442594541165
159.75293424535275 169.60542444155493 122.76400123814798 200.723690679501 161.00310556011024 163.3799253274404
183.5538068251378 177.92414113885727 129.60709857102736 207.74744282421383 157.37534749763066 182.14829123546562
157.93353032209467 162.3884232326923 107.89346597454362 195.18196638009363 150.4460036026215 160.60199251565965
172.6528308484978 172.33687939614086 125.3036312322991 198.5900299612244 160.70469812671936 171.82840277439584
113.00442469213318 116.90594510117953 161.62301816263673 155.79152736910953 89.22443611477743 111.90174261377702
118.70130580579136 122.46223907801131 168.24387061643583 164.03962935827428 97.46281342132495 120.77251342917394
125.25973016097392 115.12167476196652 163.1686244349691 161.13658802394943 99.66443698732262 125.22779244241272
126.1269202034205 117.73274820541648 172.10461934532728 161.50232196473215 103.64844427197158 130.78226179417453
190.61741788199734 188.09040379562165 219.64289198605996 220.93890558251618 186.74581655287489 181.89282558693733
188.22858443923974 185.6205807554755 223.63810051062407 224.19857269840057 191.48629193756926 176.72011770027768
125.29964086141668 121.71688461343398 166.64933243190626 169.11830178901394 91.2414379544733 121.29303360045044
115.61574287267284 117.82189949241184 160.25292509030842 163.08893279434997 110.27239001672177 116.32282665066217
193.08806281072893 194.4839324982915 227.51043932092435 223.333830845217 195.8315602756614 184.78365728602733
131.43439428094916 130.330349496961 169.83815825661793 172.86410847830732 117.6265276202609 131.1678314221898
128.80993750483694 121.56891049935423 171.30090484291085 152.41719063150325 105.3138167573467 126.95668552699381
122.00409829181969 117.94914158229385 160.72647572817615 165.03332996701 107.62899237658968 117.07689780652714
158.91192529196795 157.08596372687154 104.05287117614775 193.59752064528098 151.16877984557524 161.48993776703242
174.51647486698783 167.62756336593336 133.10146505579868 197.6891499298836 161.61373703989398 172.86989327236827
159.8155186457185 159.49294655250432 111.61989070053778 193.70596273734063 149.17104276634927 156.3809451307927
165.96083875420732 157.194147473753 109.21996154549771 195.7396229688818 146.23269128344728 161.0496817755316
163.01226947687098 154.7966407904254 102.96115772464877 200.13495446822876 153.29709716755892 153.99025943221213
174.1952927033334 176.17888636269672 129.55307792561317 199.85744919817225 166.5142636532979 176.69748158929713
164.38978070427615 157.09551234837997 115.42096863222038 194.4813615748306 153.51547153300217 165.4508990607183
156.7992346920099 163.22070947033652 111.89280584559492 195.30232973520822 152.12166183683374 158.66946776238962
168.44880527923016 161.95060975494968 109.78615577567146 199.28371734790576 147.0510115572144 167.91366829415645
165.91865476793137 157.09869509324386 105.89145385724005 197.17504913147607 153.59687496821022 159.16343801262903
222.19135896789507 219.49943052317926 192.4759725264429 251.41996738524966 224.2275629801118 211.1989583307645
177.87073958355265 166.67033329300088 128.59237924542808 203.83081219482006 163.887156299693 174.25842877749128
223.57325421436258 219.45386758952324 192.3720353897624 255.48776878747051 226.54359403876333 212.12967732026559
185.35911091715994 179.91942641082423 134.98148021117564 203.32486321156102 159.28904544883179 179.7108789138821
171.57797061394567 167.27821137255145 126.5029643921438 204.5678371592172 162.4992307674101 174.23260314877925
165.97288935244816 163.02760502442524 114.55566332573872 196.1224107541002 147.898613921835 162.72369219016633
162.40381768911715 163.5236985883086 111.70944454252738 198.99246216879675 156.92673449734434 165.83425460380616
139.6782015920881 136.444127759314 171.55174146594956 174.0373523126573 127.17311036535986 112.09817126073021
121.60592090848209 126.8897158953396 166.86521506892922 166.21371784542936 117.79218989389746 93.14504817756014
144.06248644251562 141.10634287656953 174.95713760804387 179.52437160452615 130.034610777285 127.71844032871682
141.96830632222108 136.71137480107498 172.94796905427944 176.77103835187484 126.16655658295505 117.95338062132852
139.95713629536723 139.17255476565774 178.19090885900997 173.38108316653233 126.28935030318273 123.24771803161306
147.8817094843037 135.99264686004167 178.00842676682473 178.53851125177448 114.39405578962571 117.81765572273113
133.6600164596728 133.75350462698165 168.40130640823426 165.9698767849154 124.11285187280163 113.95174417269794
187.83237207680682 186.87964041061295 219.79763420018878 224.01785643113362 186.44570255170808 173.73255308087772
155.42522317822161 142.2603247571156 186.7377840716763 182.86060264584057 126.34080892569906 129.47200469599596
148.13169816079204 146.4581851587681 178.88264309317435 184.3529224069963 140.12137595670404 129.42565433483426
124.03628501370073 119.31470990619724 162.1018198540658 165.3602128687551 102.86884854026509 102.95144486601438
139.11146609823362 139.57435294494474 176.1249556422939 179.65244223221683 118.97478724502936 119.50732195141852
125.21182052825525 129.71892691508052 172.52825855493933 178.72045210327775 121.14041439585718 108.96788517723927
134.8703080740902 137.87313008704777 178.96368346678608 179.96944185055418 124.39855304624729 119.95832609702421
189.76564494133282 190.22618116337193 223.31368072735714 228.17098851519228 184.37461864367341 177.83981556445676
145.94176920950355 153.75304875026055 179.63017563872725 180.40509970618902 146.0205464994567 134.1081652995074
141.58742882049947 124.39453364195711 165.19987893458034 181.4993112934592 122.95527642195759 105.52250944703694
119.03360869939212 116.06032913963324 156.5790535161073 161.36294494090023 123.80630032433729 89.77193325310535
179.95277158187923 178.83511959344003 216.16428937268986 221.61678636782008 178.62810529141265 165.03030024816655
136.57232516143233 129.24782396620841 170.08821240756222 179.59120245713598 119.80400661079746 108.57255638511971
126.53062870309307 123.17873193047572 160.4306703844374 170.89470442351336 120.56948204251356 93.40235543068493
137.62993860348845 137.21151555172037 176.43695757975425 173.62315513778685 125.83719640869309 123.28828005937953
148.16882263148344 132.29134514396625 175.7782694191748 179.26237753639217 119.35241933031773 117.37972567696688
119.14277149705725 121.79490958164057 156.93629280698585 167.56491279501208 118.4145261359433 91.84225606985055
129.6225289060509 128.75946567146045 170.6223900899293 172.46158992656888 115.58979193683152 108.91280916402809
149.09057649630307 135.1628647225265 178.06740296865118 179.2567990342347 126.16259350536514 115.54220008291342
152.9411651583706 137.44817205041323 173.07512819582138 181.02486017119307 134.23859355639868 132.82695509571843
117.95338062132852 119.95832609702421 161.36604351597643 165.71662559924397 113.34901852243803 94.50396817065408
121.85647295076286 118.12705024675762 161.31026005806325 169.03845716285983 117.88977903109328 92.83856957105705
116.87600266949585 110.77454581265499 153.51221449773956 164.6298879304727 113.1238259607586 90.78546139112804
133.69367973094316 127.68320171424274 167.0628624201082 168.65645555388622 123.09752231462663 104.69957019969088
148.93287078412206 145.46477236774544 186.39474241512286 180.7484439767048 135.99264686004167 130.78608488673405
136.23509092741122 132.22329598070075 176.00568172647155 164.76346682441468 126.13088440187835 110.9414259868693
128.04686642007292 120.64410470470574 161.77762515255316 169.1360399205326 113.93419153177855 97.94896630388705
144.58215657542254 137.5027272456805 172.9566419655516 177.33865906789754 116.21101496846157 116.96153213770756
111.89727431890377 112.59662517144997 158.07276805319756 165.07574019219177 110.9684639886486 86.68909966079934
178.9525076661403 179.41850517714164 210.92178645175562 214.15648484227603 173.45028106059672 172.97976760303501
132.15142829345433 125.31959144523253 166.79928057398809 174.5078794782631 113.84638773364749 109.48972554536796
145.8320952328396 142.19704638282752 184.33393610510248 172.99132926248066 130.22288585344742 119.4780314534852
130.77843858985318 116.93587986584785 164.5326715275723 166.7932852365466 104.90948479522717 103.59054010864119
131.0228987620103 128.84098726725125 163.20232841476252 178.15162081777422 120.87183294713455 111.4943944779288
131.60547101089682 116.52038448271615 166.4752233817393 175.29118631579854 106.5598423422257 102.93687385966217
129.1239714383042 106.98598038995577 163.52675622050356 169.88819853068077 109.09628774619236 92.19002115196633
139.52777501271925 122.75585525749882 174.72263734273244 171.36218952849546 131.18307817702708 112.27644454648535
139.34489585198304 125.67418191498204 174.80560631741764 178.2806775845324 121.49074038789952 114.97391008398384
132.85330255586422 117.86008654332475 165.56569693025182 172.71074083565273 119.91246807567593 108.36973747315253
132.94359706281458 124.37443467208203 167.13467623446667 178.1544273937642 119.39430472179149 105.18555033843765
131.44580632336658 122.29881438509533 168.40427548016706 178.32834883999794 115.60709320798617 104.47966309287182
142.74102423620198 130.13070352534024 166.94010902116963 181.9560386467017 130.87398519186308 114.59930191759459
128.07810117268292 128.23026163897507 164.82718222429213 176.02556632489498 113.07961796893373 105.80170130957252
180.96961070853857 178.51890656174209 219.93635443009416 218.99086738948728 182.81411324074517 166.66133324799728
121.92620719107111 116.75187364663576 160.26852467031696 164.67847461037522 112.57441982972864 97.35502041497398
176.30938715791623 171.88368159892318 213.38931557132847 215.79620015190258 173.2512626216617 159.58383376770968
117.02991070662235 109.87720418721983 152.62372030585547 165.6109899734918 110.40380428228005 87.82938005018595
184.1032319107951 184.1222420024262 219.1255347968374 216.30302818037475 179.60790628477355 175.75551200460256
130.08458786497346 119.27698856024158 165.02121075789015 167.56192885020153 114.49454135459908 101.05444077327824
114.63856244737195 106.23088063270491 156.11534197509224 165.74981146293953 111.14405067298924 73.85120175054702
121.25180411028943 109.32977636490436 154.68678030135607 167.8541033159452 119.61187232043481 84.64041587799531
134.29445260322558 119.77478866606278 156.31698564135633 178.3647947325929 122.31925441237777 104.57055034760026
129.42565433483426 135.025923436946 170.28505512815855 173.45316370709415 127.7654100294755 105.01904589168576
115.987068244697 107.4616210560775 156.50878569588355 166.85322891691368 125.04399225872469 85.70297544426332
100.88607436113271 99.55400544428134 148.87578715157142 158.4013888827999 103.33924714260309 0.0
144.69968901141425 138.6470338665779 175.8180878066873 179.95277158187923 137.67715859938423 125.06798151405499
109.27030703718188 106.41898326896381 157.78466338652817 169.76748805351394 115.02608399836969 80.88263101556477
105.33755265810954 98.75727821279807 158.67577004697347 162.69910878674168 106.52229813517918 65.83312236253116
182.4910956731862 188.01063799689632 219.99772726098786 217.00230413523263 186.24177834202507 182.26080214900844
134.6996659238619 121.04131526053408 162.62226169869857 179.70253197993623 133.4353776177817 103.62432146943111
178.39562774911272 172.89881433948585 215.88654427731248 214.57399656062708 179.56614380222123 163.42888361608544
132.05680595864797 130.8816259067712 172.20046457544765 166.45119404798513 133.40164916521834 104.32161808561061
133.51029922818688 136.57964709282274 168.47254969282088 173.52233285660955 140.32818676231798 110.66616465749593
149.85326155943352 140.40299142112323 181.13530854032848 181.18222870910932 139.41664176130482 121.02892216325814
185.77136485475904 180.52700628991775 223.07622015804375 220.39963702329456 185.12698344649814 171.89822570346675
101.42484902626181 101.23240587875011 154.82570845954493 157.25775020646836 108.86689120205463 83.51646544245033
95.70788891204319 117.24760125478048 156.56947339759432 163.99085340347492 118.93275410920239 83.97618710086806
172.73100474437123 170.10291002801804 212.3534788978038 212.72282435131402 175.2683656567836 157.175061635108
178.78199014442143 175.75551200460256 217.2855264392914 216.89167803306793 180.78716768620498 163.07360301409912
110.85125168440814 112.06694427885503 163.425824152733 167.20944949374123 114.90430801323335 102.96601381038309
111.33732527773424 108.45736489515131 167.95237420173612 167.10774967068403 120.7683733433551 108.74741376235114
125.40334923757021 124.20547491958638 162.8803241647069 175.968747225182 126.763559432512 114.20157617125956