38.781438859330635 51.34199061197374 52.392747589718944
42.24926034855522 36.89173349139343 27.568097504180443
37.66961640367472 51.137070702182385 46.10856753359401
24.879710609249457 48.52834223420371 46.776062254106
43.104524124504614 46.17358552246078 45.37620521815371
29.46183972531247 46.98936049788292 45.221676218380054
44.86646854834911 48.30113870293329 46.411205543489174
39.153543900903784 53.43220002957018 52.896124621752776
40.58324777540605 46.61544808322666 45.93473631142341
33.896902513356586 43.2087954009366 41.23105625617661
42.91852746774987 37.12142238654117 27.94637722496424
38.79432948254165 47.02127178203499 46.75467891024384
32.60368077380221 41.43669871020132 39.370039370059054
0.0 47.83304297240559 46.78675026115834
32.60368077380221 52.602281319349636 52.97169055259611
41.737273509418415 51.65268628057983 53.376024580330075
49.72926703662542 33.331666624997915 34.322004603461025
45.95650117230423 33.015148038438355 34.942810419312295
45.45327270945405 44.58699361921591 49.122296363260546
49.48737212663449 46.82947789587238 50.83306010855534
46.97871858618538 36.15245496505044 37.841775856849004
54.45181356024793 40.92676385936225 47.89572005931219
46.2709412050371 39.02563260217571 42.96510211788167
46.16275555033516 37.456641600656084 39.42080668885405
46.0 36.3318042491699 34.77067730142742
44.21538193886829 45.92385001282014 50.53711507397311
40.06245124802026 45.42025979670306 50.556898639058154
48.05205510693585 38.71692136521188 44.96665431183423
46.73328578219169 40.963398296528084 45.02221673796171
43.95452195167182 41.737273509418415 47.06378650300037
55.85696017507576 42.49705872175156 49.72926703662542
43.77213725647858 43.61192497471305 43.9203825119955
41.6293165929973 42.67317658670374 48.249352327259274
46.92547282660026 40.049968789001575 46.70117771534247
43.87482193696061 39.382737335030434 42.33202097703345
47.148700936505136 30.54504869860253 41.060930335295616
48.41487374764082 41.036569057366385 49.82971001320397
45.727453460694704 42.930175867331364 51.20546845796843
48.14561246884289 33.13608305156178 32.78719262151
47.042533945356304 34.336569426778794 31.906112267087632
48.815980989835694 32.72613634390714 35.805027579936315
46.34652090502587 43.05810028322197 41.12177038990418
44.721359549995796 38.704004960727254 42.62628297189423
45.78209256903839 38.157568056677825 43.60045871318328
49.71921157862421 32.71085446759225 42.46174749112429
42.790185790669334 30.215889859476256 41.641325627314025
41.49698784249286 46.389654018972806 50.941142507800116
48.249352327259274 37.49666651850535 38.03945320322047
48.92851929090027 33.704599092705436 36.09709129556009
47.3392015141785 36.53765181289022 28.42534080710379
48.0 30.983866769659336 30.28200785945344
53.376024580330075 43.30127018922193 50.457903246171455
48.104053883222775 34.95711658589707 41.86884283091664
48.35286961494633 33.04542328371661 40.2119385257662
50.1098792654702 43.78355855797927 49.77951385861457
47.70744176750625 34.0 31.76476034853718
46.561786907291264 40.422765862815474 45.98912915026767
47.74934554525329 43.749285708454714 38.691084244306204
46.97871858618538 27.147743920996454 28.178005607210743
49.29503017546495 40.44749683231337 38.897300677553446
45.98912915026767 36.4828726939094 35.86084215408221
47.58150901348127 29.966648127543394 24.839484696748443
49.71921157862421 41.689327171351664 47.50789408087881
47.45524207081869 43.3589667773576 46.52956049652737
47.47630988187688 29.866369046136157 39.25557285278104
43.37049688440288 32.96968304366907 38.39270764090493
48.95916665957459 32.7566787083184 41.20679555607303
50.78385570237849 39.48417404479927 44.22668877499196
43.58898943540674 40.32369030731191 43.32435804486894
49.416596402423345 36.60601043544625 40.80441152620633
43.53159771935783 35.0 40.963398296528084
46.72258554489466 36.59234892706397 34.08812109811862
46.82947789587238 30.708305065568176 38.91015291668744
44.68780594300866 39.534794801541594 44.31703961232068
44.76605857119878 38.67815921162743 38.897300677553446
40.95119045888654 45.155287619502545 49.31531202375181
51.273774973177076 44.598206241955516 51.264022471905186
41.97618372363071 43.88621651498338 43.87482193696061
50.41825066382212 36.41428291206625 42.9767378938886
48.05205510693585 42.41462012089699 47.958315233127195
46.17358552246078 49.01020301937138 56.66568626602876
48.40454524112379 35.679125549822544 33.25657829663178
48.08326112068523 37.94733192202055 46.76537180435969
45.066617356974994 41.02438299353203 46.8187996428785
42.02380277890139 43.634848458542855 46.57252408878007
44.75488800120049 45.28796749689701 48.76474136094644
46.776062254106 38.262252939417984 45.59605246071199
45.17742799230607 35.11409973215888 30.757112998459398
50.47771785649585 43.657759905886145 49.82971001320397
45.68369512200168 42.17819341792628 42.40283009422838
41.96427051671457 43.57751713900185 44.474711915874174
47.7179211617606 27.622454633866266 22.978250586152114
47.06378650300037 33.090784215548595 31.144823004794873
41.96427051671457 44.48595283907045 50.438080851673966
43.94314508543966 40.607881008493905 47.30750469005948
45.27692569068709 39.54743986657038 46.292547996410825
50.882216932834204 31.827660925679098 28.319604517012593
49.18333050943175 34.10278580995987 37.389838191679836
47.83304297240559 0.0 32.69556544854363
40.93897898091744 38.781438859330635 47.4236228055175
45.902069670114 41.2189276910499 45.27692569068709
40.570925550201586 37.30951621235526 41.31585652022719
51.01960407529639 30.870698080866262 30.62678566222711
43.23193264243457 42.62628297189423 43.95452195167182
48.96937818678118 47.031904065219386 49.22397789695587
43.3358973600409 47.45524207081869 45.858477951192405
47.83304297240559 30.528675044947494 31.984371183438952
44.05678154382138 41.02438299353203 46.58325879540846
46.09772228646444 32.848135411313685 39.11521443121589
45.81484475582123 41.6293165929973 43.289721643826724
47.989582202807306 36.45545226711637 32.71085446759225
43.81780460041329 44.69899327725402 41.773197148410844
48.52834223420371 23.853720883753127 36.98648401781386
43.977266854592045 35.298725189445584 39.786932528155525
49.31531202375181 41.92851058647326 50.309044912421065
48.95916665957459 30.708305065568176 28.5657137141714
38.8587184554509 44.721359549995796 49.60846701924985
48.82622246293481 33.436506994600975 33.63034344160047
44.06812907306141 38.8587184554509 41.36423575989287
41.94043395102154 43.57751713900185 45.58508528016593
50.368641037852115 34.161381705077446 28.74021572639983
44.64302857109943 36.013886210738214 29.698484809834994
46.647615158762406 48.27007354458868 46.89349635077342
44.40720662234904 43.86342439892262 39.20459156782532
51.69139193328034 39.06404996924922 37.881393849751625
48.27007354458868 43.81780460041329 39.20459156782532
52.316345438113316 37.960505792204614 33.91164991562634
47.634021455258214 38.43175770115127 35.63705936241092
51.16639522186413 42.77849927241488 38.97435053981015
46.636895265444075 39.433488306260706 38.157568056677825
49.50757517794625 34.942810419312295 30.789608636681304
49.53786430600334 35.298725189445584 30.773365106858236
48.16637831516918 42.07136793592526 36.09709129556009
50.99019513592785 35.552777669262355 29.782545223670862
49.08156476723211 41.916583830269374 38.57460304397182
51.048996072400875 35.832945734337834 33.03028912982749
49.4368283772331 33.1058907144937 28.75760768909681
49.25444142409901 38.41874542459709 36.42801120017397
49.69909455915671 38.62641583165593 37.749172176353746
45.155287619502545 40.82891132518721 37.841775856849004
50.813384063650005 38.600518131237564 33.689761055846034
46.88283267892417 41.012193308819754 41.82104733265297
49.49747468305833 36.05551275463989 31.28897569432403
51.39066063011839 39.28103868280471 28.982753492378876
50.941142507800116 37.881393849751625 34.64101615137755
40.74309757492672 40.8656334834051 37.027017163147235
51.21523210920751 41.72529209005013 40.52159917870962
52.230259428802384 38.47076812334269 28.965496715920477
46.87216658103186 35.482389998420345 31.432467291003423
48.641546028061235 40.39801975344831 35.199431813596085
36.11094017053558 47.958315233127195 51.03920062069938
46.78675026115834 32.69556544854363 0.0
51.41011573610781 35.199431813596085 28.879058156387302
49.25444142409901 35.7211421989835 29.68164415931166
48.14561246884289 36.30426972134269 33.98529093593286
49.558046773455466 43.12771730569565 38.691084244306204
43.749285708454714 42.708313008125245 40.65710270051225
46.26013402488151 32.0624390837628 34.597687784012386
41.737273509418415 42.30839160261236 41.916583830269374
49.98999899979995 42.01190307520001 38.7556447501522