317.7278709839601 323.12381527829234
222.4365077949211 348.57137002341426
281.87763302539634 310.66863375629026
295.16774891576483 261.1015128259505
285.1613578309656 258.602010819715
372.69558623627404 372.31438328380494
326.24224128705345 315.2649679238085
240.10414407085938 309.832212657109
354.74920718727475 325.9555184377157
249.3732142793207 263.895812774663
347.54424178800605 375.7459247949337
351.70015638324645 311.3310135530991
310.2998549790186 323.1779695461929
271.6376262596918 314.10985339527315
328.9072817679779 276.0181153475257
246.01422723086566 296.4405505324803
337.69364814873256 349.1747413545258
347.7700389625305 318.14776441144454
278.7059382216317 255.01176443450603
328.7476235655552 284.09329453543955
320.65090051331526 364.35010635376517
393.41199778349414 371.49293398394536
311.7242371070944 332.43345198701047
349.2563528412905 368.21189551669835
293.53534710491 272.10108415807537
282.5862700132475 310.2112183658096
275.1581363507174 336.26180276683226
411.1216365018995 427.14751550254863
347.4636671653599 376.90184398593755
318.5215848258953 276.87903495931215
293.43653487594213 316.06803065163047
269.67016891009655 306.933217492014
340.6890077475351 366.3017881474236
242.56957764732164 351.0299132552666
233.5636958090876 317.43030731169955
391.3412832809746 411.9441709746601
317.98899352021607 305.4324802636419
374.6718564290625 436.08600069252395
351.9559631544833 340.6890077475351
418.0514322424933 460.24232747542897
261.0670411982332 358.993036144157
368.25263067627907 377.24262749588627
479.0699322645912 481.81531731567026
301.98013179677895 294.5878476787527
300.79727392381733 346.69727428983344
378.8812478864585 373.0134045848755
320.6368662521514 336.3956004468548
352.26978297889815 319.13633450298323
341.1847007120923 345.63130645241034
307.06676798377254 370.60221262156546
343.0014577228499 274.30639802964856
316.3558123379433 320.4231577149192
273.21420168065936 363.7169228947149
380.8818714509789 355.45604510262586
314.6362979695763 365.77315374422983
278.0233803118004 293.26268088524324
288.69187726709595 302.44834269673225
290.962196857255 345.6978449455536
316.3194587754601 233.28094650013747
276.87722911066555 305.34734320114853
298.658668047656 248.43711477957555
335.848179986136 405.7955150072509
344.5112480021516 308.45096855091896
294.0085032783916 292.0941628995691
247.7175811281872 343.21130517510636
271.4792809773888 356.3046449318336
322.0791828106871 228.86021934796796
220.97511172075465 292.6465444866896
270.87266381087625 248.64834606327065
406.33606780594806 403.4216156826503
333.7828635505424 372.7264412407577
311.6953640977036 355.9578626747835
309.4850561820393 273.19040978775223
412.11891487773283 354.39808125891426
263.82570003697515 263.3476789341421
334.3889950342266 256.6203421399013
352.25416959916885 432.588719224161
353.7810057083336 307.77101877857183
220.6875619512799 281.7250432602682
349.54112776610424 360.8725536806588
431.22499927532033 453.0419406633342
221.0316719386613 335.4623674870253
316.61017039886764 369.28579718153253
288.6953411470299 344.62008066855304
287.8089644191091 374.95333042926825
242.28289250378367 313.4469652110226
239.61427336450555 277.5698110385926
315.08094198158034 351.6077359786044
300.5561511598124 368.575636742311
323.1594033909581 296.41524927034374
251.23693995907527 299.88331063932185
314.89522066871706 322.9473641322994
364.6066373504465 322.02484376209236
218.4651001876501 333.4201553595703
247.83663974481254 280.99644125860385
326.583833035256 317.5767623740755
268.7954612712052 320.99065406955384
265.42418879973997 350.6993013965098
323.67112938907604 288.6018017961773
326.44601391348004 240.32686075426525
0.0 300.99501657004225
294.15642097360376 283.3972476930572
284.193595986961 296.18237624814884
279.43514453268045 341.40298768464226
351.7029997028743 413.909410378648
259.2951985671929 244.16387939250964
300.9684368833383 344.2179542092481
368.59327177798565 361.55359215474544
294.07652065406376 235.73502073302558
347.33125399249633 336.0342244474512
366.30588310863914 351.34029088620053
364.7944626772726 391.07927585081774
291.8869644228738 265.6652028399655
415.4431369032349 373.1769017503629
315.47900088595435 272.98168436728497
340.027940028463 282.7914425862282
309.5367506452182 325.46735627402023
377.2837128740121 405.1407162949683
223.17930011540048 297.7935526501539
347.0489878965216 337.4211018890194
297.1144560602866 324.4241051463346
259.9307600111999 297.7817993094944
284.91753192810023 279.9071274548042
255.44275288212816 319.64824416849217
284.571607859955 265.44490953868376
325.88648330361906 238.0
376.8248930206177 373.59202346945256
284.2727563450286 286.21844804274934
255.05489605181077 364.9561617509698
313.1980204279714 271.99816175849423
284.05985284795173 344.095916860401
217.9839443628819 329.54058930577884
306.5305857496116 297.6659201185114
297.21709237525357 368.81431642494573
303.3545780106178 304.99508192756156
366.839201830993 383.23491490207414
287.9635393587181 346.6684294826975
291.02920815615744 260.44193210771573
267.8544380815819 318.02830062747563
346.5789953242983 287.6125866508627
320.80523686498634 352.20448605888026
408.8838465872674 373.14072412429067
341.0337226726999 289.15393824051574
373.7298489550975 437.98858432612144
378.76773885852526 395.2505534467978
385.13633949550905 453.78188593199707
394.93923583255184 403.0397002777766
392.08162415497105 404.5367721233757
316.181909665939 323.3156352544677
338.0695194778731 370.5792762689247
340.1749549864011 294.95931922894044
324.5396739999595 384.71028060086985
306.13232433050905 332.3717797888383
353.3666650944879 309.12457035958823
412.8946596893692 394.70495309788043
343.34239470243114 383.26753058405563
251.46371507635052 319.0015673942685
258.4143958838207 311.9775632958242
362.14361791974187 352.4514150914988
340.697813318489 339.69545183884935
353.6339915788639 365.7444463009657
205.02682751288916 301.16440692751195
282.77729753288185 345.028984289726
258.73731852981706 312.513999686414
393.18697842120866 382.15965250141204
254.47003752897905 356.85991649385335
324.45955063767195 342.2309161954834
364.19088401551187 379.938152861752
365.2122670447968 378.04497086986885
406.9754292337561 430.4427952701729
206.23772690756655 300.1066477104431
217.4741363932732 285.7848841349031
332.97747671576826 385.08440633191054
233.82685902179844 270.9926198257067
315.5915081240305 364.8205038097503
240.72183116618234 321.5353790798145
338.4213350248474 315.3807223024261
268.7229056109657 355.0887213077881
292.63287580174585 329.0896534380867
285.76213884977835 316.36055379898426
272.9157379119057 321.57891721939734
194.70490492024078 302.72429700967183
329.7771975137153 378.5168424258028
220.9705862779026 298.3454373708437
325.72227433812384 373.1233040162461
292.8532055484454 346.2210276687423
319.26164818217677 389.77685924128434
341.24917582318056 379.97236741636885
358.75479090877656 411.06568818134167
327.3866215959351 346.7448629756467
298.39235915150374 358.1647665530489
284.3677196870278 301.89898973000885
290.9226701376158 321.80118085550896
236.2138861286525 264.9207428647293
380.9068127508354 355.9410063479621
250.07998720409435 261.83964558485025
346.2802333371052 266.76956348129374
373.14876389986875 363.29051735491254
333.1065895475501 261.4956978613606
258.4705012182241 333.75889501255244
401.84449728719693 411.7511384319417
404.6974178321379 399.1415788915006
330.6977471952296 295.8124405767952
332.8798582071315 319.6732706999445
282.92401806845595 231.91808898833224
345.3881874065759 326.2499042145453
301.4747087236341 270.14995835646545
285.86710198971826 239.5287039166705
358.90945933480214 316.96372032142733
306.2205087841113 248.41698814694618
329.59672328468315 276.40911707105465
294.8185882877808 329.1170004724764
308.67782557222995 254.85682254944638
328.1722108893439 249.24084737458264
317.21601472813444 232.1163501350131
347.41329853648375 305.4046496044224
352.7591246162174 302.61691955341826
277.2056997971001 307.65402646479373
263.4274093559742 259.9923075785128
314.8698143677796 301.32872415353967
336.50408615646853 344.2745997020402
334.35161133154423 280.3230279516829
377.3645452344457 357.4325111122378
294.98983033318285 278.76692773713313
406.46525066726184 377.33009421460144
326.3066042849884 373.98663077709074
365.6706168124532 316.46326801068085
272.6847997230502 317.9543992461812
299.45283434958503 309.916117683479
329.76051916504497 267.97387932408634
344.2470043442644 306.0653524984493
348.74489243571725 311.3856130266779
376.0624948063819 293.5898499607914
347.51978360950903 288.94636180440136
318.8196982621996 308.2304332800381
353.9929377826626 313.328900677866
346.50974012284274 294.7965400068325
351.7470682180592 365.09724731912183
371.82926189314367 281.52974976012746
374.5650811274324 356.6272563896372
388.5575890392568 341.9839177505281
407.56962595365223 388.6579473007081
317.8411552961636 305.67139218448295
322.7770128122509 356.4898315520374
406.51937223212377 380.6179186533393
355.71477337889695 314.596567050564
291.25075107199297 270.8855847032101
421.00118764678086 374.33407539255626
388.39284236453176 355.69509414665816
403.510842481339 359.51216947413616
408.35156421887257 353.7188148798421
410.2023890715411 343.29287787543745
361.64347083833826 315.8702265171569
322.8513589873829 260.1903149619524
388.8804443527599 323.47179166041667
320.92522493565383 334.5369934700795
306.77516196719705 277.5301785391996
334.6445875850975 319.95468429138526
354.80698978458696 259.4956647036709
357.24641355792505 339.56295439873884
366.44917792239625 320.5604467179318
386.4311064083739 365.18625384863543
290.88485694514935 308.42503140957933
327.4156379893911 263.41791890454226
388.4713631659353 352.6074304378738
419.01670611086615 393.81848610749597
408.2744175184137 359.4523612385931
313.41346493091197 290.7610702965581
345.03622998172233 361.77617389761866
363.319418693799 319.9890623130734
385.23758902786216 293.2200538844504
399.1966933730789 373.5612399593941
352.9220877190885 313.04951684997053
367.47108729803494 397.85047442475167
371.45928444447316 362.57688839748187
348.44655257298786 266.4376099577535
366.0396153423834 299.6881712714067
425.79220284077536 352.6598928145927
318.88242347297853 256.93189759156024
312.97443985092457 253.4344096605668
371.3919762191962 298.63690327888145
373.1018627667249 289.7671478963756
265.069802127666 286.8971941305805
310.5012077271198 253.98228284665842
329.47989316496995 297.1548417912789
394.9126485692754 331.20386471175124
338.6532149559487 312.5507958716471
335.54433388153046 288.41983288255335
321.57114298394373 340.62883025369416
385.6008298746257 360.45804194108365
319.5434242790798 289.3821003448555
276.4561448041986 280.178514522438
399.97624929488 330.79147510176256
435.27003113010204 414.6685423323067
363.72792029207767 341.66065035353427
394.2359699469342 302.456608458139
254.55058436389416 318.41168320273675
361.13709308239163 317.73573925512375
331.7694982966336 291.06528477302135
375.2319282790312 310.37880082247887
419.0238656687707 379.150365949975
274.4594687745351 285.79713084634
378.21025898301593 331.42872536942235
336.91096746766794 285.50831861786446
225.1443981093023 290.1792549442499
361.8231612265859 340.93107807883985
291.0962040288399 346.54148380821596
351.4740388705829 337.8905148121208
202.41788458533006 265.70472333024117
300.5844307345276 266.74144784791133
299.98333287034467 260.6568625607237
275.30165273750174 274.0492656439714
333.9820354450221 284.91753192810023
288.5220962075522 269.90553903171383
366.1993992348977 345.2361510618493
369.4144014518113 354.43335057525275
347.5528736753589 261.41346560573345
320.41691590800883 272.22600904395597
287.6890682664185 230.21511679296822
304.8573436871744 247.0546498246896
296.4472971710149 230.76611536358627
369.8526733714385 333.27316123564464
375.94414478749366 314.5536520214
380.3064553751356 282.7525419868051
294.3518302983693 267.2695268825086
318.4839085417033 245.97560854686384
375.9162140690396 314.41851090544907
282.0992733064018 244.50766859139614
314.85075829668887 310.8649224341659
370.62784568890663 337.1839260700308
349.94142366973364 258.1336862945245
409.327497243955 439.116157753276
332.21378658929854 316.104413129586
332.51015022101205 271.31715758499314
401.2592678057418 352.1633143869475
259.0270256170194 277.5914263805711
319.3258523827972 250.90436425060446
334.4248794572557 245.95121467478057
282.96466210465223 261.37903511949844
302.8217297354997 230.02391180049085
370.12565433917166 308.58872306032185
368.70720090608484 323.32182110089633
329.7226106896523 331.9894576639445
317.4649586962315 239.99583329716373
329.9712108654329 275.53039759707093
331.1721606657178 284.2516490717336
388.77628528499525 370.7950916611492
363.8955894209217 317.8962094772443
426.68958271792854 380.9724399480886
317.7247236209357 260.9961685542529
359.63175610615923 333.66300364289714
295.5469505848436 290.2240513809977
351.0940045059158 281.9202014755239
332.53420876655684 291.9092324679026
355.9634812730092 308.97249068485047
373.5532090613063 330.23325090002675
375.125312395738 329.52238163742385
339.1813674127752 255.64428411368795
323.4269623887285 268.799181546373
297.86406295489894 328.0167678640834
329.98181768091405 285.7201427971084
433.1166124728997 389.15549591390845
363.37171051142656 289.5151118681027
352.05255289516083 336.04315199093105
364.50514399662455 312.17623227914066
362.12981097943316 257.36355608360714
316.3573928328529 296.6479394838265
332.2574303157117 275.07998836702023
342.36530198020944 300.8222066271039
353.7131606259513 315.63745024949117
380.01184192074857 368.0692869555948
425.07528744917647 367.6343291913855
330.69623523711306 347.1166950753017
394.09262870548594 355.607930170293
337.10235834238836 304.3747689937522
337.61072257853425 377.1617690063509
308.3326126117703 333.5520948817441
405.63530418345 395.0518953251585
384.9870127679634 307.25071196011896
394.9253093940676 350.8617961534142
413.6218079357035 393.5060355318581
409.0574531774235 344.2963839484812
302.5673478748161 247.2670621008791
312.61477892127874 240.48700588597296
376.19144062564743 301.50621884133665
295.83441314356924 280.24632022561866
318.09275376845665 243.97335920136854
363.52716542233816 345.0681092190352
333.2041416309227 274.9709075520536
396.645937833731 338.1804252170725
332.26645933647893 313.7148386672202
304.51436747713564 226.3294059551255
314.03343771006297 252.62026838715852
404.8864038221091 368.94579547678813
352.78180225176015 301.25570534016447
366.6619696668854 322.7770128122509
397.67071805703773 369.5213119699593
329.43132820058264 286.9442454554543
333.4591429245868 291.79616172938256
333.93412524029344 306.7670125681704
336.3510071339166 247.2609957110098
300.08498796174393 288.88232898535
400.62825661702897 365.19720699917735
408.8765094744378 399.50969950678297
327.6232592475693 329.0668625066948
335.7007596059324 284.1144135731237
399.53973519538704 349.59405029262155
335.542843762164 279.9410652262365
300.99501657004225 0.0
358.0111730100054 284.92806109613
372.5909284993396 300.29985014981276
345.99132937112745 281.2187760445593
372.19349806249977 330.74159097398075
308.4007133584486 277.43287476432926
332.0873379097734 318.22319211521966
276.96750711951756 276.52305509667724
354.64348295154105 371.8817016202868
332.51616502058965 268.2070096026575
309.2733418838423 264.18554086096384
415.4154546956577 357.29539599608614
341.268222956665 266.45825188948453
298.34208553269855 245.84547992590794
372.8887233478642 293.88433098755024
375.55425706547385 348.7047461678719
309.4785937670003 226.96034895990093
383.96484214052725 336.2067816091758
342.2046171517854 254.2911716910361
416.746925603537 390.1281840626232
283.71817002088534 263.4084281111749
367.7485554016494 333.6809853737549
283.09185788362055 302.8118227546606
328.78868593672746 350.49108405207687
298.49455606426056 276.53390388883605
324.8245680363479 302.768888758406
353.5293481452424 306.98697040754024
358.54148992829266 287.3151579711728
367.3785513608545 310.0048386719149
367.8817744874024 312.18744369368864
343.01020392985396 317.16872481378107
339.87791925925404 265.2527096939822
339.83231158911303 298.8712097208428
381.6084380618437 328.7476235655552
330.55861809972527 360.58424813072463
339.5688442716734 294.79993215738705
390.5316888550787 341.75576074149797
325.44892072336023 293.2319900692965
323.5598862652786 330.13482094441355
367.5391135648014 320.74444656143305
337.689206223711 317.28851224083104
389.4136618045135 342.88044563666796
313.0878470972644 216.46246787838302
328.72480892077493 268.100727339558
343.2855953866984 296.2482067456274
403.50712509198644 368.3883820100737
335.44299068545166 251.40007955448223
358.97632233895314 297.33819129065813
395.7082258432341 387.5345145919264
407.86762558457616 356.6595014856607
335.0373113550191 340.9809378836301
361.40973976914347 344.01308114663317
394.76828646688426 403.088079704672
442.2307090196247 458.6174876735513
309.89998386576275 307.2230460105491
269.69612529660117 244.77336456403913
289.5272007946749 233.285233137462
326.8898897182352 237.30360300678117
281.04981764804614 335.9062369173874
247.45504642257754 292.75587099151403
341.23452345857385 300.04499662550614
311.9054343867705 229.9891301779282
395.45796236768325 365.4079911550923
302.0198668962027 269.52921919524795
356.3762057152525 314.23239807505524
319.30236453869236 290.5064543172836
352.66981725120735 310.1032086257735
279.28480087537883 275.7643921901448
296.29039808944196 307.5191050975532
357.0294105532484 300.4962562162797
314.1751104081926 294.5878476787527
264.30285658690866 269.60712156766186
327.4965648674807 317.4712585416198
455.5491191957241 400.9426392889636
354.8999859115241 280.3141095271517
342.54926652964826 341.51427495787055
458.30993879688015 422.47366781848075
274.5323296080081 306.1372241332308
347.42049450197953 319.59818522638705
381.86385008272254 338.0355010941898
370.4686221530779 319.4041327221675
338.5660939905235 247.67519052177997
359.77076034608484 329.0607846583971
271.8381871628782 290.4926849337174
302.77219158965045 333.4891302576442
342.87752915581973 303.05610041706797
293.2200538844504 275.9782600133569
368.86718476980303 323.64950177622705
392.0675962126939 317.705838788021
317.11039087358836 306.79146011582526