21.97726097583591 29.614185789921695 33.61547262794322 37.16180835212409 38.535697735995385
20.688160865577203 28.39013913315678 32.69556544854363 36.742346141747674 37.94733192202055
29.103264421710495 31.416556144810016 34.87119154832539 35.397740040855716 38.144462245521304
27.54995462791182 34.79942528261063 39.44616584663204 41.53311931459037 43.76071297408213
28.844410203711913 37.17526059088221 39.81205847478876 42.28474902373195 44.294469180700204
25.238858928247925 33.98529093593286 36.90528417449187 40.18706259482024 40.97560249709576
30.430248109405877 37.76241517699841 41.048751503547585 41.617304093369626 44.06812907306141
25.514701644346147 35.25620512760839 39.08964057138413 40.85339643163099 43.278170016764804
29.154759474226502 36.138621999185304 39.02563260217571 41.617304093369626 43.266615305567875
18.867962264113206 29.29163703175362 35.25620512760839 37.97367509209505 40.0
21.400934559032695 31.304951684997057 34.97141690009142 36.16628264005025 39.44616584663204
19.313207915827967 31.670175244226233 35.86084215408221 37.66961640367472 40.311288741492746
23.83275057562597 30.397368307141328 35.199431813596085 36.60601043544625 39.54743986657038
0.0 28.35489375751565 34.39476704383968 36.932370625238775 38.65229618017538
27.03701166919155 34.336569426778794 36.90528417449187 37.107950630558946 40.87786687193939
19.570385790780925 30.28200785945344 34.17601498127012 38.40572873934304 39.20459156782532
20.396078054371138 31.52776554086889 35.25620512760839 35.888716889852724 39.344631145812
17.578395831246947 28.407745422683583 34.87119154832539 37.8549864614954 38.92300091205713
24.06241883103193 32.264531609803356 35.09985754956849 37.960505792204614 39.433488306260706
22.60530911091463 34.249087579087416 37.52332607858744 39.66106403010388 41.65333119931706
23.40939982143925 33.13608305156178 36.59234892706397 39.52214569073901 41.13392760240627
24.63736998950984 32.41913015489465 37.389838191679836 40.50925820105819 42.05948168962618
18.81488772222678 29.93325909419153 33.0 37.17526059088221 38.13135192987524
19.519221295943137 30.01666203960727 34.72751070837067 36.864617182333525 38.948684188300895
22.181073012818835 32.71085446759225 34.539832078341085 38.91015291668744 39.03844259188627
23.83275057562597 34.058772731852805 37.589892258425 40.69397989875161 41.30375285612676
27.331300737432898 35.510561809129406 37.68288736283355 42.15447781671598 41.98809355043403
21.236760581595302 32.60368077380221 36.796738985948195 39.98749804626441 40.7308237088326
26.1725046566048 35.45419580247167 37.76241517699841 39.56008088970496 41.46082488325576
22.538855339169288 34.438350715445125 36.9729630946723 40.3732584763727 40.8166632639171
20.074859899884732 31.701734968294716 34.20526275297414 37.134889255254286 38.48376280978771
26.019223662515376 35.4259791678367 38.80721582386451 41.60528812542944 42.43819034784589
22.20360331117452 31.953090617340916 35.21363372331802 38.3275357934736 39.66106403010388
20.71231517720798 31.575306807693888 33.19638534539566 37.429934544425805 37.881393849751625
22.715633383201094 33.85262175962151 36.59234892706397 38.62641583165593 41.036569057366385
29.916550603303182 39.102429592034305 41.641325627314025 45.39823785126467 44.86646854834911
28.071337695236398 37.067505985701274 39.88734135035826 43.3358973600409 43.88621651498338
29.93325909419153 38.62641583165593 40.38564101261734 44.24929377967517 43.726422218150894
22.15851980616034 32.202484376209235 37.92097045171708 39.88734135035826 42.15447781671598
29.29163703175362 37.255872020394314 40.95119045888654 44.27188724235731 44.339598554790726
20.591260281974 31.496031496047245 34.828149534535996 38.49675310984031 39.370039370059054
21.77154105707724 32.37282811247729 34.42382895611701 38.1051177665153 38.1051177665153
22.60530911091463 32.2335229225724 35.7211421989835 39.8622628559895 40.36087214122113
19.87460691435179 30.610455730027933 33.97057550292606 38.01315561749642 39.0
30.93541659651604 23.259406699226016 28.495613697550013 29.410882339705484 34.597687784012386
31.827660925679098 21.095023109728988 25.88435821108957 30.116440692751194 31.51190251317746
31.85906464414798 22.24859546128699 30.199337741083 31.575306807693888 35.17101079013795
32.55764119219941 21.633307652783937 30.116440692751194 32.71085446759225 35.156791662493895
31.336879231984796 22.44994432064365 27.184554438136374 28.844410203711913 33.166247903554
32.264531609803356 20.952326839756964 24.08318915758459 28.19574435974337 30.315012782448235
32.2490309931942 22.44994432064365 24.55605831561735 29.631064780058107 30.23243291566195
30.298514815086232 20.0 28.478061731796284 32.0624390837628 33.37663853655727
31.304951684997057 21.863211109075447 28.231188426986208 31.496031496047245 33.166247903554
29.5296461204668 16.55294535724685 27.331300737432898 30.95157508108432 32.95451410656816
31.480152477394387 22.693611435820433 26.5329983228432 29.647934160747187 32.17141588429082
31.496031496047245 21.587033144922902 26.589471600616662 32.61901286060018 32.0
29.748949561287034 20.223748416156685 27.92848008753788 31.22498999199199 33.57082066318904
28.35489375751565 0.0 28.407745422683583 32.43454948045371 33.28663395418648
30.528675044947494 22.090722034374522 25.39685019840059 30.23243291566195 32.12475680841802
30.56141357987225 21.494185260204677 29.9833287011299 32.4037034920393 35.4964786985977
31.32091952673165 19.519221295943137 29.223278392404914 33.06055050963308 33.83784863137726
28.337254630609507 17.578395831246947 30.0 32.29551052391029 35.11409973215888
30.773365106858236 23.345235059857504 27.92848008753788 30.04995840263344 33.83784863137726
27.16615541441225 21.587033144922902 26.888659319497503 31.68595903550972 31.811947441173732
32.14031735997639 25.632011235952593 30.166206257996713 32.57299494980466 35.4259791678367
28.30194339616981 21.095023109728988 28.460498941515414 32.72613634390714 33.0
30.56141357987225 22.538855339169288 27.03701166919155 32.55764119219941 31.654383582688826
28.844410203711913 18.275666882497067 30.315012782448235 33.555923471125034 35.298725189445584
32.77193921634788 24.20743687382041 31.192947920964443 34.38022687534217 35.77708763999664
26.851443164195103 17.05872210923198 29.257477676655586 32.48076353782343 33.896902513356586
30.24896692450835 22.02271554554524 29.223278392404914 32.202484376209235 34.79942528261063
28.21347195933177 21.494185260204677 30.14962686336267 32.64965543462902 35.4682957019364
27.54995462791182 21.18962010041709 30.033314835362415 32.848135411313685 35.510561809129406
28.35489375751565 18.81488772222678 31.480152477394387 34.698703145794944 36.16628264005025
29.546573405388315 22.24859546128699 30.23243291566195 32.60368077380221 35.70714214271425
29.93325909419153 22.759613353482084 31.192947920964443 33.76388603226827 35.41186241925155
29.171904291629644 18.841443681416774 28.0 33.0 33.090784215548595
29.0516780926679 20.8806130178211 28.548204847240395 32.49615361854384 33.34666400106613
30.01666203960727 21.88606862823929 28.178005607210743 31.096623610932426 32.38826948140329
32.01562118716424 21.42428528562855 31.368774282716245 33.51119216023208 35.11409973215888
30.430248109405877 22.090722034374522 26.627053911388696 30.822070014844883 30.95157508108432
28.687976575562104 21.0 30.331501776206203 33.331666624997915 34.307433596816885
34.92849839314596 26.758176320519304 27.073972741361768 25.612496949731394 26.981475126464083
31.080540535840107 29.597297173897484 30.28200785945344 35.04283093587046 35.04283093587046
32.109188716004645 21.79449471770337 26.5329983228432 31.921779399024736 31.38470965295043
31.11269837220809 26.645825188948457 28.30194339616981 33.166247903554 32.4037034920393
31.22498999199199 22.737634001804146 27.422618401604176 29.68164415931166 30.773365106858236
29.0516780926679 23.45207879911715 27.40437921208944 33.015148038438355 31.496031496047245
32.95451410656816 25.059928172283335 25.709920264364882 30.528675044947494 30.56141357987225
31.11269837220809 22.315913604421397 27.65863337187866 34.02939905434711 31.400636936215164
31.71750305430741 22.978250586152114 31.25699921617557 34.49637662132068 35.298725189445584
29.9833287011299 21.79449471770337 27.27636339397171 32.93933818400121 31.22498999199199
37.881393849751625 31.096623610932426 26.645825188948457 26.70205984563738 25.865034312755125
36.945906403822335 31.096623610932426 24.331050121192877 26.70205984563738 26.019223662515376
38.768543949960254 34.39476704383968 27.49545416973504 28.548204847240395 26.70205984563738
38.62641583165593 32.12475680841802 24.474476501040833 29.46183972531247 26.981475126464083
38.7556447501522 33.555923471125034 23.93741840717165 26.570660511172846 24.08318915758459
35.08560958569767 30.773365106858236 25.65151067676132 27.874719729532707 27.147743920996454
35.566838487557476 29.30870177950569 23.790754506740637 27.367864366808018 27.40437921208944
35.70714214271425 32.046840717924134 23.790754506740637 26.476404589747453 25.903667693977237
36.38681079732051 31.622776601683793 27.367864366808018 28.460498941515414 28.5657137141714
34.597687784012386 30.315012782448235 22.271057451320086 27.0 23.811761799581316
35.298725189445584 28.071337695236398 17.86057109949175 25.80697580112788 23.323807579381203
34.583232931581165 29.427877939124322 22.737634001804146 26.267851073127396 27.60434748368452
33.85262175962151 27.60434748368452 25.748786379167466 29.0516780926679 27.568097504180443
34.39476704383968 28.407745422683583 0.0 24.228082879171435 22.24859546128699
36.193922141707716 31.432467291003423 25.826343140289914 27.459060435491963 26.645825188948457
36.90528417449187 30.463092423455635 19.313207915827967 25.96150997149434 24.166091947189145
36.27671429443411 31.811947441173732 27.258026340878022 28.35489375751565 24.859605789312106
36.29049462324811 29.715315916207253 23.280893453645632 25.942243542145693 24.596747752497688
37.26929030716845 34.07345007480164 26.570660511172846 27.2213151776324 22.9128784747792
36.6742416417845 31.22498999199199 22.181073012818835 26.019223662515376 26.476404589747453
34.56877203488721 29.715315916207253 20.83266665599966 25.632011235952593 26.057628441590765
33.406586176980134 26.343879744638983 21.095023109728988 26.758176320519304 26.832815729997478
34.51086785347479 28.583211855912904 17.4928556845359 24.919871588754223 23.302360395462088
32.87856444554719 29.782545223670862 24.124676163629637 27.94637722496424 26.851443164195103
34.23448553724738 35.12833614050059 27.184554438136374 27.386127875258307 26.038433132583073
32.72613634390714 27.2213151776324 25.37715508089904 28.160255680657446 26.13426869074396
35.24202037341219 30.397368307141328 24.474476501040833 30.757112998459398 28.495613697550013
33.03028912982749 28.407745422683583 22.67156809750927 28.30194339616981 27.2213151776324
35.651086939951774 31.575306807693888 27.202941017470888 28.0178514522438 25.0
32.18695387886216 26.720778431774775 21.97726097583591 28.42534080710379 27.748873851023216
34.20526275297414 29.359836511806396 24.392621835300936 25.729360660537214 24.779023386727733
37.72267222772003 35.22782990761707 28.319604517012593 27.586228448267445 28.089143810376278
36.42801120017397 29.782545223670862 21.540659228538015 27.367864366808018 24.596747752497688
34.39476704383968 28.722813232690143 22.93468988235943 26.627053911388696 24.919871588754223
33.97057550292606 32.58834147360065 25.278449319529077 25.84569596664017 24.289915602982237
34.11744421846396 28.495613697550013 21.79449471770337 26.49528259898354 24.859605789312106
35.0 29.715315916207253 20.248456731316587 27.94637722496424 23.643180835073778
35.156791662493895 28.178005607210743 19.82422760159901 27.129319932501073 24.289915602982237
36.98648401781386 35.014282800023196 28.124722220850465 28.42534080710379 25.179356624028344
36.013886210738214 31.25699921617557 28.635642126552707 28.965496715920477 26.851443164195103
35.59494346111537 32.109188716004645 23.57965224510319 28.792360097775937 25.903667693977237
37.027017163147235 30.610455730027933 23.53720459187964 28.861739379323623 24.879710609249457
37.05401462729781 32.01562118716424 24.124676163629637 28.513154858766505 25.03996805109783
33.04542328371661 27.676705006196094 24.71841418861655 30.59411708155671 28.178005607210743
37.3496987939662 31.89043743820395 26.30589287593181 28.930952282978865 26.627053911388696
37.82856063875548 31.63858403911275 25.41653005427767 31.85906464414798 29.068883707497267
36.742346141747674 32.31098884280702 24.06241883103193 30.166206257996713 27.313000567495326
35.07135583350036 31.464265445104548 30.14962686336267 30.166206257996713 27.16615541441225
38.50973902793941 32.14031735997639 30.397368307141328 22.24859546128699 30.577769702841312
40.149719799769464 34.438350715445125 29.13760456866693 19.697715603592208 29.29163703175362
42.07136793592526 38.05259518088089 35.397740040855716 27.09243436828813 34.785054261852174
42.485291572496 38.50973902793941 30.331501776206203 22.24859546128699 29.816103031751148
44.0 39.97499218261337 34.539832078341085 29.223278392404914 33.85262175962151
41.14608122288197 35.73513677041127 28.844410203711913 20.12461179749811 29.03446228191595
42.81354925721529 37.82856063875548 34.9857113690718 28.478061731796284 34.132096331752024
40.28647415696737 34.655446902326915 27.85677655436824 19.924858845171276 28.0178514522438
43.0 38.379682124790975 32.83291031876401 27.331300737432898 34.044089061098404
42.24926034855522 37.376463182061514 29.732137494637012 22.338307903688676 29.949958263743873
43.89760813529594 39.761790704142086 33.52610922848042 25.709920264364882 33.421549934136806
41.41255848169731 37.3496987939662 28.495613697550013 19.672315572906 28.653097563788805
43.162483709814474 38.948684188300895 31.400636936215164 23.727621035409346 31.0322412983658
41.0 35.4259791678367 27.820855486487112 21.97726097583591 27.83882181415011
45.155287619502545 39.102429592034305 35.156791662493895 29.816103031751148 32.57299494980466
40.95119045888654 36.09709129556009 27.748873851023216 20.71231517720798 28.053520278211074
45.0 39.68626966596886 37.17526059088221 33.301651610693426 36.701498607005135
39.56008088970496 34.77067730142742 27.892651361962706 20.174241001832016 27.51363298439521
39.1279950930277 33.45145736735546 30.265491900843113 24.474476501040833 29.24038303442689
43.289721643826724 37.416573867739416 32.72613634390714 28.071337695236398 32.12475680841802
39.01281840626232 34.292856398964496 31.480152477394387 22.67156809750927 31.464265445104548
38.144462245521304 32.264531609803356 26.343879744638983 18.083141320025124 25.592967784139454
42.035699113967404 37.456641600656084 29.154759474226502 20.952326839756964 28.548204847240395
37.94733192202055 31.304951684997057 25.553864678361276 15.620499351813308 25.45584412271571
38.61346915261564 34.19064199455752 25.179356624028344 14.035668847618199 25.11971337416094
36.6742416417845 28.513154858766505 28.39013913315678 21.18962010041709 27.367864366808018
35.76310948449533 33.36165463522455 29.93325909419153 19.364916731037084 29.916550603303182
36.318039594669756 31.28897569432403 27.49545416973504 21.0 27.730849247724095
39.59797974644666 34.813790371058424 27.874719729532707 18.110770276274835 26.981475126464083
37.027017163147235 32.14031735997639 27.92848008753788 20.024984394500787 28.19574435974337
38.353617821530214 33.45145736735546 25.96150997149434 18.138357147217054 25.98076211353316
39.433488306260706 31.480152477394387 26.38181191654584 19.77371993328519 25.514701644346147
36.932370625238775 32.43454948045371 24.228082879171435 0.0 24.289915602982237
40.80441152620633 33.896902513356586 28.142494558940577 23.043437243605826 26.888659319497503
38.06573262134856 32.41913015489465 24.124676163629637 22.9128784747792 24.392621835300936
37.8021163428716 31.38470965295043 21.77154105707724 22.11334438749598 22.9128784747792
38.24918299781056 32.264531609803356 26.720778431774775 21.0 27.477263328068172
40.82891132518721 35.05709628591621 26.645825188948457 22.869193252058544 25.787593916455254
35.41186241925155 30.133038346638727 26.589471600616662 20.54263858417414 26.645825188948457
39.344631145812 34.292856398964496 25.15949125081825 22.090722034374522 24.289915602982237
38.704004960727254 33.37663853655727 31.22498999199199 22.627416997969522 30.983866769659336
42.81354925721529 37.376463182061514 30.983866769659336 25.39685019840059 30.577769702841312
38.24918299781056 33.36165463522455 25.729360660537214 15.0 26.851443164195103
43.634848458542855 38.1051177665153 31.89043743820395 28.21347195933177 29.427877939124322
37.322915213043046 32.72613634390714 26.153393661244042 19.974984355438178 26.210684844162312
38.01315561749642 32.202484376209235 26.0 25.553864678361276 26.248809496813376
38.7556447501522 33.85262175962151 27.622454633866266 20.8806130178211 28.178005607210743
40.792156108742276 35.58089374931439 28.478061731796284 22.360679774997898 28.809720581775867
38.7556447501522 31.937438845342623 25.11971337416094 20.73644135332772 25.019992006393608
42.17819341792628 37.296112397943034 33.436506994600975 33.301651610693426 32.60368077380221
38.948684188300895 34.42382895611701 26.60826939130014 25.079872407968907 23.302360395462088
40.22437072223753 34.64101615137755 25.11971337416094 26.795522013948524 23.748684174075834
37.77565353504821 33.63034344160047 23.108440016582687 23.430749027719962 20.85665361461421
37.094473981982816 31.811947441173732 22.64950330581225 23.280893453645632 23.40939982143925
38.28837943815329 33.04542328371661 21.840329667841555 24.49489742783178 20.73644135332772
40.44749683231337 35.7211421989835 25.39685019840059 25.298221281347036 25.25866188063018
38.71692136521188 33.27160951922825 22.44994432064365 22.516660498395403 19.4164878389476
38.948684188300895 32.449961479175904 22.93468988235943 24.392621835300936 22.38302928559939
38.58756276314948 32.60368077380221 22.891046284519195 24.020824298928627 18.788294228055936
39.382737335030434 33.0 24.041630560342615 25.357444666211933 21.047565179849187
39.96248240537617 37.16180835212409 27.85677655436824 29.34280150224242 26.324893162176366
38.157568056677825 34.72751070837067 23.388031127053 26.30589287593181 21.72556098240043
38.23610858861032 33.015148038438355 22.20360331117452 25.099800796022265 20.199009876724155
38.92300091205713 34.539832078341085 25.534290669607408 23.979157616563597 23.600847442411894
37.5099986670221 33.21144381083123 22.494443758403985 23.430749027719962 20.615528128088304
38.118237105091836 31.670175244226233 22.494443758403985 24.020824298928627 19.0
37.881393849751625 33.71943060017473 22.715633383201094 24.06241883103193 18.788294228055936
39.179076048319466 32.41913015489465 22.759613353482084 24.186773244895647 18.681541692269406
36.959437225152655 31.906112267087632 25.15949125081825 22.978250586152114 24.657656011875904
38.65229618017538 33.28663395418648 22.24859546128699 24.289915602982237 0.0
37.94733192202055 34.438350715445125 25.199206336708304 24.899799195977465 24.939927826679853
37.8021163428716 33.66006535941367 23.83275057562597 23.93741840717165 23.600847442411894
36.45545226711637 32.848135411313685 23.748684174075834 23.043437243605826 23.769728648009426
36.53765181289022 30.315012782448235 20.784609690826528 20.46948949045872 21.236760581595302
36.41428291206625 32.0 21.047565179849187 21.95449840010015 21.494185260204677
38.7556447501522 34.11744421846396 25.748786379167466 28.284271247461902 21.95449840010015
39.0 34.07345007480164 21.6794833886788 25.903667693977237 21.470910553583888
40.66939881532551 37.656340767525464 29.546573405388315 30.166206257996713 27.459060435491963
39.92492955535426 36.38681079732051 26.324893162176366 25.768197453450252 23.40939982143925
40.54626986542659 35.7211421989835 28.26658805020514 29.698484809834994 23.916521486202797
40.06245124802026 35.79106033634656 28.319604517012593 29.30870177950569 24.392621835300936
38.43175770115127 36.837480912787726 28.142494558940577 27.294688127912362 25.748786379167466
38.92300091205713 35.70714214271425 26.981475126464083 27.2213151776324 24.515301344262525
37.61648574760805 35.93048844644336 28.35489375751565 30.512292604784715 25.865034312755125
38.144462245521304 35.02855977627399 27.018512172212592 28.053520278211074 24.63736998950984
38.47076812334269 34.84250278036869 24.43358344574123 27.784887978899608 22.847319317591726
38.57460304397182 34.87119154832539 25.436194683953808 27.60434748368452 22.715633383201094
37.960505792204614 31.89043743820395 25.099800796022265 26.664583251946766 21.61018278497431
37.907782842049734 34.88552708502482 25.019992006393608 27.477263328068172 21.88606862823929
41.43669871020132 38.40572873934304 31.04834939252005 32.87856444554719 26.324893162176366
37.70941526992961 33.13608305156178 24.677925358506133 27.568097504180443 24.166091947189145
39.14077158156185 35.77708763999664 27.367864366808018 28.21347195933177 23.916521486202797
36.59234892706397 32.14031735997639 23.15167380558045 24.392621835300936 19.924858845171276
37.48332962798263 34.07345007480164 23.366642891095847 25.787593916455254 20.85665361461421
38.39270764090493 34.17601498127012 22.693611435820433 25.37715508089904 20.639767440550294
38.45776904605882 35.17101079013795 26.419689627245813 25.98076211353316 22.869193252058544
41.65333119931706 39.585350825778974 31.368774282716245 32.93933818400121 27.65863337187866
38.03945320322047 34.88552708502482 26.38181191654584 28.089143810376278 23.345235059857504
39.71145930332956 36.78314831549904 27.055498516937366 28.722813232690143 24.351591323771842
41.255302689472536 37.656340767525464 30.967725134404045 32.92415526630866 26.90724809414742