10.488088481701515 13.856406460551018 5.5677643628300215 13.416407864998739 17.52141546793523 14.89966442575134 16.217274740226856 17.233687939614086
17.663521732655695 16.431676725154983 16.822603841260722 14.966629547095765 17.11724276862369 19.748417658131498 18.520259177452136 6.4031242374328485
2.449489742783178 12.569805089976535 11.789826122551595 13.711309200802088 16.522711641858304 11.313708498984761 16.583123951777 17.69180601295413
17.86057109949175 16.522711641858304 17.029386365926403 14.933184523068078 17.08800749063506 19.82422760159901 18.81488772222678 4.69041575982343
17.88854381999832 16.55294535724685 17.05872210923198 14.89966442575134 17.406895185529212 19.849433241279208 18.894443627691185 4.58257569495584
17.88854381999832 16.55294535724685 17.05872210923198 15.0996688705415 16.941074346097416 19.849433241279208 19.209372712298546 4.123105625617661
12.569805089976535 4.47213595499958 13.0 10.392304845413264 11.445523142259598 16.431676725154983 17.52141546793523 16.34013463836819
16.492422502470642 17.776388834631177 16.76305461424021 17.204650534085253 20.46948949045872 17.832554500127006 6.855654600401044 19.1049731745428
3.3166247903554 12.609520212918492 12.083045973594572 13.820274961085254 16.55294535724685 11.532562594670797 16.55294535724685 17.776388834631177
12.12435565298214 16.401219466856727 14.832396974191326 17.0 15.491933384829668 6.708203932499369 18.05547008526779 19.339079605813716
3.3166247903554 12.84523257866513 11.313708498984761 13.379088160259652 16.73320053068151 11.532562594670797 16.3707055437449 17.435595774162696
16.401219466856727 12.36931687685298 16.73320053068151 14.45683229480096 8.12403840463596 15.968719422671311 19.026297590440446 16.673332000533065
10.63014581273465 13.74772708486752 4.69041575982343 13.45362404707371 17.435595774162696 15.0 16.431676725154983 17.146428199482248
16.492422502470642 17.435595774162696 16.278820596099706 16.852299546352718 19.0 17.08800749063506 7.54983443527075 18.520259177452136
12.529964086141668 5.0 13.856406460551018 12.36931687685298 12.165525060596439 16.401219466856727 18.16590212458495 16.3707055437449
0.0 12.489995996796797 11.61895003862225 13.711309200802088 16.46207763315433 11.045361017187261 16.703293088490067 17.69180601295413
16.217274740226856 11.445523142259598 17.378147196982766 15.716233645501712 4.898979485566356 14.035668847618199 20.639767440550294 17.663521732655695
13.30413469565007 9.848857801796104 12.727922061357855 6.557438524302 14.422205101855956 17.0 17.26267650163207 14.966629547095765
6.782329983125268 12.806248474865697 13.076696830622021 14.0 16.703293088490067 12.884098726725126 16.401219466856727 18.193405398660254
12.165525060596439 16.492422502470642 16.64331697709324 17.435595774162696 14.38749456993816 7.211102550927978 18.681541692269406 19.77371993328519
11.135528725660043 13.416407864998739 4.58257569495584 12.727922061357855 17.175564037317667 15.362291495737216 15.905973720586866 16.881943016134134
17.635192088548397 16.09347693943108 16.792855623746664 15.198684153570664 16.73320053068151 19.87460691435179 18.867962264113206 5.0990195135927845
16.583123951777 17.69180601295413 16.30950643030009 17.11724276862369 20.149441679609886 18.466185312619388 4.898979485566356 18.601075237738275
13.711309200802088 11.313708498984761 13.30413469565007 4.0 15.459624833740307 17.320508075688775 17.291616465790582 15.066519173319364
16.61324772583615 11.224972160321824 17.05872210923198 15.556349186104045 4.358898943540674 15.297058540778355 19.974984355438178 16.64331697709324
13.711309200802088 11.313708498984761 13.076696830622021 0.0 15.459624833740307 17.320508075688775 17.233687939614086 14.933184523068078
3.4641016151377544 12.409673645990857 11.789826122551595 13.638181696985855 16.401219466856727 11.135528725660043 16.64331697709324 17.86057109949175
3.1622776601683795 12.727922061357855 11.180339887498949 13.341664064126334 16.64331697709324 11.313708498984761 16.401219466856727 17.406895185529212
11.958260743101398 16.522711641858304 15.874507866387544 17.05872210923198 15.297058540778355 6.244997998398398 18.110770276274835 19.44222209522358
11.704699910719626 16.34013463836819 15.297058540778355 17.175564037317667 15.231546211727817 5.385164807134504 18.33030277982336 19.44222209522358
3.3166247903554 12.68857754044952 11.832159566199232 13.674794331177344 16.61324772583615 11.532562594670797 16.492422502470642 17.663521732655695
13.341664064126334 17.08800749063506 16.881943016134134 17.88854381999832 13.96424004376894 10.770329614269007 18.947295321496416 19.157244060668017
16.278820596099706 11.532562594670797 16.97056274847714 15.132745950421556 5.477225575051661 15.329709716755891 19.6468827043885 16.911534525287763
12.806248474865697 16.73320053068151 16.881943016134134 17.663521732655695 14.106735979665885 9.16515138991168 18.894443627691185 19.570385790780925
12.489995996796797 15.874507866387544 14.933184523068078 16.852299546352718 15.0 7.483314773547883 18.57417562100671 19.313207915827967
13.416407864998739 10.677078252031311 12.922847983320086 6.324555320336759 15.0 17.08800749063506 17.291616465790582 15.588457268119896
16.64331697709324 17.69180601295413 16.186414056238647 17.11724276862369 20.149441679609886 17.916472867168917 4.47213595499958 18.81488772222678
16.492422502470642 17.549928774784245 16.09347693943108 16.97056274847714 18.894443627691185 17.029386365926403 7.937253933193772 18.411952639521967
18.027756377319946 16.522711641858304 17.204650534085253 15.716233645501712 17.029386365926403 19.570385790780925 19.849433241279208 9.273618495495704
17.86057109949175 16.46207763315433 17.029386365926403 14.730919862656235 17.4928556845359 19.87460691435179 18.65475810617763 4.898979485566356
12.409673645990857 3.7416573867739413 13.152946437965905 10.677078252031311 11.180339887498949 16.30950643030009 17.635192088548397 16.401219466856727
11.832159566199232 16.24807680927192 15.198684153570664 17.204650534085253 14.730919862656235 6.164414002968976 18.627936010197157 19.313207915827967
16.217274740226856 11.445523142259598 17.378147196982766 15.716233645501712 6.324555320336759 14.035668847618199 20.29778313018444 17.88854381999832
13.416407864998739 11.489125293076057 12.767145334803704 3.4641016151377544 15.588457268119896 17.146428199482248 17.0 14.594519519326424
11.74734012447073 16.673332000533065 16.522711641858304 17.60681686165901 14.317821063276353 7.0710678118654755 18.734993995195193 19.570385790780925
16.46207763315433 11.357816691600547 17.146428199482248 15.905973720586866 3.7416573867739413 14.866068747318506 20.248456731316587 16.97056274847714
4.69041575982343 12.489995996796797 10.63014581273465 13.416407864998739 16.46207763315433 11.575836902790225 16.64331697709324 17.46424919657298
3.0 12.529964086141668 11.313708498984761 13.379088160259652 16.492422502470642 11.357816691600547 16.61324772583615 17.435595774162696
17.944358444926362 16.30950643030009 17.11724276862369 15.748015748023622 16.822603841260722 20.149441679609886 19.209372712298546 6.855654600401044
16.522711641858304 17.635192088548397 16.492422502470642 17.05872210923198 20.0 18.138357147217054 5.291502622129181 18.2208671582886
12.806248474865697 7.211102550927978 12.206555615733702 8.717797887081348 12.767145334803704 16.61324772583615 16.822603841260722 16.09347693943108
13.892443989449804 10.723805294763608 13.19090595827292 5.196152422706632 15.033296378372908 17.46424919657298 17.435595774162696 15.033296378372908
12.409673645990857 2.0 13.379088160259652 11.224972160321824 11.0 16.30950643030009 17.804493814764857 16.401219466856727
16.703293088490067 17.804493814764857 16.492422502470642 17.233687939614086 20.248456731316587 18.24828759089466 0.0 18.867962264113206
4.0 12.489995996796797 12.041594578792296 13.564659966250536 16.46207763315433 11.661903789690601 16.64331697709324 17.578395831246947
12.767145334803704 5.0 13.038404810405298 11.61895003862225 12.083045973594572 16.583123951777 17.549928774784245 16.1245154965971
17.320508075688775 17.776388834631177 16.703293088490067 17.663521732655695 20.174241001832016 18.867962264113206 8.660254037844387 17.97220075561143
17.029386365926403 17.4928556845359 17.05872210923198 17.4928556845359 18.788294228055936 17.72004514666935 10.14889156509222 17.74823934929885
16.61324772583615 17.776388834631177 17.05872210923198 17.204650534085253 19.924858845171276 18.05547008526779 9.643650760992955 19.570385790780925
16.703293088490067 17.97220075561143 16.61324772583615 17.406895185529212 20.73644135332772 18.027756377319946 6.6332495807108 19.235384061671343
16.3707055437449 17.832554500127006 17.0 17.26267650163207 20.663978319771825 17.944358444926362 7.416198487095663 19.1049731745428
11.045361017187261 13.490737563232042 5.744562646538029 12.727922061357855 17.233687939614086 15.297058540778355 15.652475842498529 16.941074346097416
12.96148139681572 4.898979485566356 13.30413469565007 11.74734012447073 12.12435565298214 16.73320053068151 17.74823934929885 16.09347693943108
17.776388834631177 16.431676725154983 16.941074346097416 14.966629547095765 17.175564037317667 19.8997487421324 18.734993995195193 3.3166247903554
17.916472867168917 16.522711641858304 17.08800749063506 15.0 17.204650534085253 19.974984355438178 18.973665961010276 4.0
5.385164807134504 12.922847983320086 10.295630140987 12.84523257866513 16.792855623746664 11.874342087037917 16.3707055437449 17.029386365926403
16.522711641858304 17.578395831246947 16.1245154965971 17.0 19.849433241279208 18.138357147217054 5.477225575051661 18.275666882497067
5.916079783099616 12.609520212918492 12.806248474865697 13.820274961085254 16.55294535724685 12.449899597988733 16.55294535724685 18.0
11.704699910719626 13.228756555322953 3.7416573867739413 12.68857754044952 17.029386365926403 15.7797338380595 16.30950643030009 16.73320053068151
3.0 12.68857754044952 11.224972160321824 13.45362404707371 16.61324772583615 11.180339887498949 16.55294535724685 17.4928556845359
13.638181696985855 11.575836902790225 12.922847983320086 6.48074069840786 15.652475842498529 17.320508075688775 17.175564037317667 15.524174696260024
11.958260743101398 13.0 4.242640687119285 12.609520212918492 16.852299546352718 15.968719422671311 16.24807680927192 16.55294535724685
11.61895003862225 16.278820596099706 16.3707055437449 17.233687939614086 14.491376746189438 5.385164807134504 18.601075237738275 19.79898987322333
13.564659966250536 11.832159566199232 13.152946437965905 4.0 15.84297951775486 17.204650534085253 17.11724276862369 15.066519173319364
12.36931687685298 2.23606797749979 13.416407864998739 11.445523142259598 11.224972160321824 16.278820596099706 17.832554500127006 16.30950643030009
16.24807680927192 17.549928774784245 16.46207763315433 16.97056274847714 20.174241001832016 18.16590212458495 5.744562646538029 18.627936010197157
14.142135623730951 17.435595774162696 14.866068747318506 16.852299546352718 16.278820596099706 9.38083151964686 17.916472867168917 19.261360284258224
16.703293088490067 17.69180601295413 16.06237840420901 17.11724276862369 19.6468827043885 18.627936010197157 7.0710678118654755 18.110770276274835
17.832554500127006 16.492422502470642 17.0 15.231546211727817 16.76305461424021 19.849433241279208 19.1049731745428 4.358898943540674
3.872983346207417 12.922847983320086 10.954451150103322 13.152946437965905 16.792855623746664 11.532562594670797 16.24807680927192 17.26267650163207
16.46207763315433 17.52141546793523 16.431676725154983 16.941074346097416 19.79898987322333 17.74823934929885 5.477225575051661 18.439088914585774
11.61895003862225 13.379088160259652 0.0 13.076696830622021 17.146428199482248 15.716233645501712 16.492422502470642 16.852299546352718
16.55294535724685 17.60681686165901 16.15549442140351 17.029386365926403 19.570385790780925 17.832554500127006 5.744562646538029 18.57417562100671
11.357816691600547 13.379088160259652 2.8284271247461903 13.0 17.146428199482248 15.524174696260024 16.30950643030009 16.852299546352718
16.401219466856727 11.357816691600547 16.97056274847714 15.264337522473747 3.1622776601683795 14.66287829861518 20.199009876724155 17.146428199482248
17.60681686165901 16.431676725154983 16.76305461424021 15.033296378372908 17.05872210923198 19.595917942265423 18.466185312619388 7.0
12.767145334803704 3.872983346207417 13.341664064126334 11.61895003862225 11.74734012447073 16.583123951777 17.776388834631177 16.06237840420901
3.3166247903554 12.609520212918492 11.74734012447073 13.527749258468683 16.55294535724685 11.532562594670797 16.55294535724685 17.549928774784245
12.609520212918492 3.3166247903554 13.416407864998739 11.704699910719626 11.575836902790225 16.46207763315433 17.832554500127006 16.30950643030009
10.954451150103322 16.55294535724685 15.905973720586866 17.435595774162696 15.0 4.242640687119285 18.193405398660254 19.924858845171276
13.527749258468683 10.723805294763608 13.038404810405298 6.708203932499369 15.033296378372908 17.175564037317667 17.435595774162696 15.556349186104045
16.34013463836819 11.269427669584644 17.320508075688775 15.7797338380595 5.0990195135927845 14.177446878757825 20.591260281974 17.549928774784245
11.874342087037917 13.228756555322953 3.7416573867739413 12.922847983320086 17.029386365926403 15.905973720586866 16.492422502470642 16.73320053068151
12.489995996796797 0.0 13.379088160259652 11.313708498984761 11.090536506409418 16.3707055437449 17.804493814764857 16.34013463836819
17.916472867168917 16.583123951777 17.08800749063506 15.0 17.4928556845359 19.924858845171276 18.439088914585774 5.291502622129181
17.944358444926362 16.1245154965971 17.11724276862369 16.06237840420901 16.76305461424021 20.149441679609886 19.209372712298546 8.306623862918075
4.358898943540674 12.288205727444508 12.409673645990857 13.527749258468683 16.30950643030009 11.789826122551595 16.792855623746664 18.0
17.635192088548397 16.46207763315433 16.792855623746664 15.0 17.146428199482248 19.4164878389476 18.49324200890693 5.830951894845301
16.30950643030009 17.435595774162696 16.64331697709324 16.852299546352718 20.024984394500787 17.663521732655695 5.385164807134504 18.57417562100671
11.224972160321824 16.3707055437449 15.968719422671311 17.320508075688775 14.45683229480096 4.0 18.681541692269406 19.87460691435179
12.489995996796797 4.242640687119285 13.74772708486752 12.083045973594572 11.874342087037917 16.3707055437449 18.083141320025124 16.401219466856727
17.832554500127006 16.492422502470642 17.0 15.165750888103101 17.0 19.8997487421324 18.894443627691185 4.123105625617661
17.663521732655695 16.431676725154983 16.822603841260722 14.89966442575134 17.175564037317667 19.595917942265423 18.466185312619388 6.082762530298219
16.64331697709324 17.69180601295413 16.1245154965971 17.11724276862369 19.6468827043885 18.083141320025124 6.324555320336759 18.547236990991408
11.532562594670797 16.522711641858304 15.297058540778355 17.11724276862369 15.620499351813308 5.5677643628300215 17.60681686165901 19.544820285692065
16.278820596099706 12.12435565298214 17.320508075688775 16.46207763315433 6.6332495807108 14.247806848775006 20.591260281974 17.4928556845359
16.34013463836819 12.288205727444508 16.792855623746664 14.52583904633395 6.6332495807108 15.264337522473747 19.595917942265423 17.08800749063506
16.30950643030009 11.40175425099138 17.349351572897472 15.684387141358123 5.0 14.491376746189438 20.46948949045872 17.52141546793523
12.569805089976535 4.242640687119285 13.674794331177344 12.083045973594572 11.874342087037917 16.431676725154983 18.027756377319946 16.278820596099706
17.97220075561143 16.64331697709324 17.146428199482248 14.933184523068078 17.435595774162696 19.924858845171276 18.81488772222678 4.47213595499958
16.64331697709324 11.180339887498949 17.26267650163207 15.588457268119896 4.0 14.594519519326424 20.396078054371138 17.146428199482248
12.609520212918492 1.7320508075688772 13.341664064126334 11.269427669584644 11.224972160321824 16.46207763315433 17.776388834631177 16.30950643030009
13.856406460551018 10.198039027185569 13.45362404707371 6.48074069840786 14.66287829861518 17.435595774162696 17.635192088548397 15.264337522473747
16.30950643030009 11.489125293076057 17.175564037317667 15.362291495737216 4.358898943540674 14.628738838327793 20.37154878746336 17.291616465790582
11.789826122551595 13.152946437965905 3.4641016151377544 12.767145334803704 16.97056274847714 15.84297951775486 16.24807680927192 16.673332000533065
16.24807680927192 17.72004514666935 17.0 17.146428199482248 20.12461179749811 17.435595774162696 7.280109889280518 18.947295321496416
3.1622776601683795 12.328828005937952 11.789826122551595 13.564659966250536 16.34013463836819 11.40175425099138 16.76305461424021 17.578395831246947
16.673332000533065 17.663521732655695 16.34013463836819 17.08800749063506 20.273134932713294 18.2208671582886 4.358898943540674 18.841443681416774
12.083045973594572 16.673332000533065 16.76305461424021 17.60681686165901 13.74772708486752 8.602325267042627 19.157244060668017 19.261360284258224
11.045361017187261 16.3707055437449 15.716233645501712 17.320508075688775 14.866068747318506 0.0 18.24828759089466 19.87460691435179
12.649110640673518 2.0 13.228756555322953 11.135528725660043 11.269427669584644 16.492422502470642 17.69180601295413 16.217274740226856
16.24807680927192 12.24744871391589 17.635192088548397 16.673332000533065 8.774964387392123 13.2664991614216 20.518284528683193 18.193405398660254
16.911534525287763 17.435595774162696 16.64331697709324 17.320508075688775 19.72308292331602 18.2208671582886 7.681145747868608 17.97220075561143
12.649110640673518 2.0 13.228756555322953 11.135528725660043 11.269427669584644 16.492422502470642 17.69180601295413 16.217274740226856
16.703293088490067 12.12435565298214 16.673332000533065 14.66287829861518 7.483314773547883 16.15549442140351 19.078784028338912 16.0
11.269427669584644 16.217274740226856 16.06237840420901 17.175564037317667 14.422205101855956 5.0 18.65475810617763 19.748417658131498
16.401219466856727 11.269427669584644 17.26267650163207 15.588457268119896 2.8284271247461903 14.594519519326424 20.445048300260872 17.204650534085253
11.0 16.34013463836819 15.684387141358123 17.291616465790582 14.2828568570857 4.123105625617661 18.708286933869708 19.44222209522358
16.55294535724685 17.549928774784245 16.15549442140351 16.97056274847714 19.672315572906 18.384776310850235 5.196152422706632 18.35755975068582
16.673332000533065 11.045361017187261 17.11724276862369 15.556349186104045 3.872983346207417 14.966629547095765 20.174241001832016 16.822603841260722
17.776388834631177 16.3707055437449 16.941074346097416 15.0996688705415 16.76305461424021 19.849433241279208 18.841443681416774 4.58257569495584
2.449489742783178 12.328828005937952 11.445523142259598 13.564659966250536 16.34013463836819 10.770329614269007 16.703293088490067 17.635192088548397
11.575836902790225 13.416407864998739 3.0 12.96148139681572 17.175564037317667 15.684387141358123 16.278820596099706 16.881943016134134
3.3166247903554 12.288205727444508 12.083045973594572 13.527749258468683 16.30950643030009 11.445523142259598 16.792855623746664 17.88854381999832
17.832554500127006 16.61324772583615 17.0 14.966629547095765 17.11724276862369 19.748417658131498 18.788294228055936 5.196152422706632
17.804493814764857 16.217274740226856 16.97056274847714 15.264337522473747 17.029386365926403 19.87460691435179 18.76166303929372 5.291502622129181
12.489995996796797 6.0 12.922847983320086 9.695359714832659 12.12435565298214 16.3707055437449 17.46424919657298 16.401219466856727
11.874342087037917 16.46207763315433 16.06237840420901 17.175564037317667 14.966629547095765 6.4031242374328485 18.33030277982336 19.44222209522358
17.69180601295413 16.522711641858304 16.852299546352718 15.198684153570664 16.792855623746664 19.570385790780925 19.131126469708992 5.656854249492381
12.165525060596439 3.1622776601683795 13.0 11.313708498984761 11.180339887498949 16.1245154965971 17.52141546793523 16.15549442140351
11.224972160321824 16.55294535724685 16.15549442140351 17.4928556845359 14.730919862656235 4.69041575982343 18.411952639521967 19.87460691435179
12.36931687685298 4.58257569495584 13.856406460551018 12.206555615733702 12.0 16.278820596099706 18.16590212458495 16.492422502470642
13.856406460551018 11.313708498984761 13.152946437965905 3.1622776601683795 15.459624833740307 17.435595774162696 17.349351572897472 15.0
13.45362404707371 10.535653752852738 13.2664991614216 5.5677643628300215 14.89966442575134 17.11724276862369 17.4928556845359 15.231546211727817
11.180339887498949 13.30413469565007 4.0 13.152946437965905 17.08800749063506 15.394804318340652 16.673332000533065 16.792855623746664
16.492422502470642 17.663521732655695 16.64331697709324 17.08800749063506 19.82422760159901 17.88854381999832 5.916079783099616 18.681541692269406
13.527749258468683 10.816653826391969 12.96148139681572 7.810249675906654 15.231546211727817 17.233687939614086 17.08800749063506 15.427248620541512
11.0 13.45362404707371 5.477225575051661 12.68857754044952 17.204650534085253 15.264337522473747 15.620499351813308 16.911534525287763
12.288205727444508 3.3166247903554 13.341664064126334 11.0 11.045361017187261 16.217274740226856 17.776388834631177 16.492422502470642
11.61895003862225 16.15549442140351 15.684387141358123 17.11724276862369 14.422205101855956 6.244997998398398 18.708286933869708 19.595917942265423
3.605551275463989 12.36931687685298 11.045361017187261 13.45362404707371 16.3707055437449 11.180339887498949 16.673332000533065 17.4928556845359
12.206555615733702 3.605551275463989 13.711309200802088 11.445523142259598 11.313708498984761 16.15549442140351 18.05547008526779 16.61324772583615
17.97220075561143 16.522711641858304 17.146428199482248 15.329709716755891 16.911534525287763 19.77371993328519 19.493588689617926 6.164414002968976
17.4928556845359 17.549928774784245 16.34013463836819 17.60681686165901 20.024984394500787 18.920887928424502 9.327379053088816 17.69180601295413
17.776388834631177 16.30950643030009 16.941074346097416 15.165750888103101 16.881943016134134 20.0 18.947295321496416 3.872983346207417
16.431676725154983 11.40175425099138 17.05872210923198 15.362291495737216 4.123105625617661 14.832396974191326 20.12461179749811 17.233687939614086
3.605551275463989 12.84523257866513 11.045361017187261 13.30413469565007 16.73320053068151 11.357816691600547 16.431676725154983 17.378147196982766
13.564659966250536 11.832159566199232 13.0 5.477225575051661 15.84297951775486 17.26267650163207 17.11724276862369 15.524174696260024
16.46207763315433 11.789826122551595 16.673332000533065 14.933184523068078 6.324555320336759 15.652475842498529 19.28730152198591 16.73320053068151
4.123105625617661 12.609520212918492 11.74734012447073 13.45362404707371 16.55294535724685 11.704699910719626 16.61324772583615 17.4928556845359
16.401219466856727 11.269427669584644 17.26267650163207 15.588457268119896 3.4641016151377544 15.066519173319364 20.09975124224178 16.792855623746664
12.328828005937952 16.3707055437449 16.76305461424021 17.320508075688775 14.247806848775006 7.483314773547883 18.788294228055936 19.87460691435179
16.24807680927192 17.549928774784245 16.401219466856727 16.97056274847714 19.974984355438178 18.2208671582886 6.557438524302 18.303005217723125
12.489995996796797 4.242640687119285 13.228756555322953 11.916375287812984 11.874342087037917 16.3707055437449 17.69180601295413 16.0312195418814
12.328828005937952 2.8284271247461903 13.379088160259652 11.135528725660043 10.908712114635714 16.24807680927192 17.804493814764857 16.46207763315433
17.804493814764857 16.34013463836819 16.97056274847714 15.459624833740307 16.673332000533065 19.72308292331602 19.183326093250876 6.6332495807108
11.045361017187261 16.431676725154983 16.0312195418814 17.378147196982766 14.52583904633395 4.242640687119285 18.627936010197157 19.87460691435179
11.357816691600547 16.401219466856727 16.24807680927192 17.349351572897472 14.352700094407323 5.916079783099616 18.65475810617763 19.748417658131498
11.532562594670797 16.583123951777 16.186414056238647 17.349351572897472 14.832396974191326 5.5677643628300215 18.275666882497067 19.748417658131498
12.529964086141668 5.196152422706632 13.711309200802088 12.449899597988733 12.24744871391589 16.401219466856727 18.05547008526779 16.30950643030009
17.69180601295413 16.34013463836819 16.852299546352718 14.933184523068078 16.97056274847714 19.87460691435179 18.867962264113206 0.0
11.61895003862225 16.15549442140351 15.362291495737216 17.11724276862369 14.7648230602334 5.196152422706632 18.439088914585774 19.595917942265423
16.73320053068151 11.74734012447073 16.822603841260722 15.491933384829668 5.385164807134504 15.362291495737216 19.87460691435179 16.583123951777
12.489995996796797 4.0 13.076696830622021 10.583005244258363 11.269427669584644 16.3707055437449 17.578395831246947 16.34013463836819
16.09347693943108 11.958260743101398 17.26267650163207 15.329709716755891 6.6332495807108 14.177446878757825 20.396078054371138 17.776388834631177
11.135528725660043 16.492422502470642 15.588457268119896 17.26267650163207 15.0 2.0 18.138357147217054 19.77371993328519
2.8284271247461903 12.24744871391589 11.789826122551595 13.490737563232042 16.278820596099706 11.224972160321824 16.822603841260722 17.69180601295413
5.0990195135927845 12.649110640673518 10.44030650891055 13.2664991614216 16.583123951777 11.74734012447073 16.522711641858304 17.349351572897472
2.23606797749979 12.36931687685298 11.832159566199232 13.601470508735444 16.3707055437449 11.180339887498949 16.73320053068151 17.776388834631177
16.34013463836819 11.269427669584644 17.029386365926403 15.329709716755891 5.291502622129181 15.524174696260024 19.595917942265423 17.08800749063506
5.916079783099616 12.609520212918492 12.083045973594572 13.45362404707371 16.55294535724685 12.529964086141668 16.431676725154983 17.4928556845359
11.958260743101398 16.522711641858304 15.556349186104045 16.881943016134134 15.620499351813308 7.0 17.944358444926362 19.235384061671343
16.522711641858304 11.61895003862225 17.08800749063506 16.09347693943108 6.48074069840786 14.66287829861518 20.0 17.08800749063506
16.492422502470642 17.776388834631177 16.76305461424021 17.204650534085253 20.46948949045872 17.832554500127006 6.855654600401044 19.1049731745428
12.489995996796797 4.242640687119285 13.820274961085254 12.083045973594572 11.874342087037917 16.3707055437449 18.138357147217054 16.278820596099706
16.401219466856727 11.704699910719626 16.852299546352718 15.0 5.0990195135927845 15.198684153570664 19.748417658131498 16.792855623746664
16.30950643030009 17.378147196982766 16.0312195418814 16.792855623746664 19.77371993328519 17.944358444926362 5.196152422706632 18.35755975068582
17.804493814764857 16.34013463836819 16.97056274847714 15.066519173319364 16.97056274847714 19.924858845171276 19.078784028338912 3.4641016151377544
3.1622776601683795 12.328828005937952 11.269427669584644 13.341664064126334 16.34013463836819 11.40175425099138 16.76305461424021 17.406895185529212
3.4641016151377544 12.489995996796797 11.090536506409418 13.564659966250536 16.46207763315433 11.135528725660043 16.64331697709324 17.578395831246947
16.278820596099706 11.704699910719626 17.663521732655695 16.278820596099706 7.615773105863909 13.45362404707371 20.591260281974 18.110770276274835
4.795831523312719 12.84523257866513 12.0 13.527749258468683 16.73320053068151 12.041594578792296 16.3707055437449 17.549928774784245
12.206555615733702 2.6457513110645907 13.341664064126334 11.269427669584644 11.224972160321824 16.15549442140351 17.776388834631177 16.55294535724685
16.278820596099706 17.291616465790582 15.874507866387544 16.703293088490067 19.544820285692065 18.193405398660254 6.0 18.0
13.638181696985855 11.832159566199232 13.0 4.69041575982343 15.84297951775486 17.320508075688775 17.175564037317667 15.394804318340652
12.328828005937952 5.291502622129181 12.922847983320086 10.0 11.789826122551595 16.24807680927192 17.46424919657298 16.46207763315433
12.489995996796797 4.0 13.076696830622021 10.583005244258363 11.269427669584644 16.3707055437449 17.578395831246947 16.34013463836819
16.55294535724685 11.575836902790225 17.0 15.165750888103101 4.795831523312719 15.362291495737216 19.82422760159901 16.881943016134134
16.522711641858304 11.532562594670797 16.97056274847714 15.132745950421556 4.69041575982343 15.066519173319364 19.8997487421324 16.73320053068151
17.86057109949175 16.401219466856727 17.029386365926403 15.264337522473747 16.97056274847714 19.87460691435179 19.235384061671343 5.477225575051661
16.583123951777 17.635192088548397 16.24807680927192 17.05872210923198 19.6468827043885 17.635192088548397 5.656854249492381 18.601075237738275
11.61895003862225 16.401219466856727 16.24807680927192 17.349351572897472 14.491376746189438 6.244997998398398 18.601075237738275 19.493588689617926
17.916472867168917 16.522711641858304 17.08800749063506 15.066519173319364 17.08800749063506 20.024984394500787 18.867962264113206 3.4641016151377544
12.328828005937952 13.114877048604 4.123105625617661 12.806248474865697 16.941074346097416 16.24807680927192 16.401219466856727 16.64331697709324
16.673332000533065 11.575836902790225 16.881943016134134 15.0996688705415 4.58257569495584 15.427248620541512 19.87460691435179 16.583123951777
16.46207763315433 11.090536506409418 17.146428199482248 15.459624833740307 0.0 14.866068747318506 20.248456731316587 16.97056274847714
12.489995996796797 0.0 13.379088160259652 11.313708498984761 11.090536506409418 16.3707055437449 17.804493814764857 16.34013463836819
12.767145334803704 16.46207763315433 14.352700094407323 16.703293088490067 16.431676725154983 9.433981132056603 17.60681686165901 18.439088914585774
11.61895003862225 13.45362404707371 6.0 13.076696830622021 17.204650534085253 15.716233645501712 16.911534525287763 16.911534525287763
17.944358444926362 16.24807680927192 17.11724276862369 15.748015748023622 16.881943016134134 20.248456731316587 19.209372712298546 6.855654600401044