118.76447280226525 130.18448448259878 175.8721126273293 170.5637710652529 130.927460832325 134.27211177307072
125.10395677195825 133.47658970770868 171.54299752540177 179.02513789968157 130.06152390311286 133.33041663476493
103.05823596394418 120.797350964332 168.62680688431482 163.67040050051813 117.97457353175726 116.00431026474836
112.60550608207397 122.84543133547946 166.07227342335023 169.3546574499798 120.3536455617361 120.85528536228773
129.80754985747168 133.69741957120937 176.19875141441838 176.91523393987302 131.73837709642547 132.8457752433249
120.55704044144414 121.23943252918994 168.98520645310938 169.30150619530826 127.5264678409937 128.7400481590713
93.57884376289333 113.60457737256893 166.484233487739 162.82505949638096 112.90704141017954 115.21718621802913
108.80716888146662 122.71919165313956 166.6823325970692 166.50525517232182 117.37120600896968 120.73524754602526
116.68761716651858 128.68177804180357 172.2556240010758 177.12425017484196 130.14222988715076 126.54643416548726
119.17214439624723 127.92575972023774 169.49336270190642 175.49643871030545 130.88544609695916 125.45915670049756
111.31936040060597 122.24156412611875 172.52246230563716 160.09684569035082 112.4144118874444 118.83602147497197
101.31140113531151 106.46595700034824 163.43806166251483 159.39573394542276 104.06248123122954 101.97058399362044
115.65465835840769 122.98373876248843 174.28711943227475 167.7110610544218 119.10919359982252 119.34822998268554
109.75882652433926 117.05554237198682 171.93312653470826 168.03571049035975 113.00442469213318 113.10614483749325
98.41747812253675 111.14405067298924 168.02975926900567 167.5022387910084 106.155546251715 104.82366145102927
86.48121183239745 109.42577392917995 154.58007633585902 153.0098036074813 105.67875850898325 106.20263650211326
98.2191427370449 122.55610959882824 164.55090397806995 163.2360254355637 121.28478882366082 117.89402020458883
91.43850392476902 119.54078801814885 160.82599292402955 158.9528231897754 115.17812292271479 117.40102214205803
98.79777325425913 118.51582172857766 165.13933510826547 160.1873902652765 112.48110952511092 119.44454780357285
84.38009243891595 114.34596626029271 157.13051899615172 158.96855034880326 111.26994203287786 108.01851693112621
115.20850663036997 129.6919426949878 172.1772342674838 161.68487869927725 123.84667940643382 132.102233137824
88.44772467395643 117.88977903109328 163.59400967028103 163.8596960817394 109.73604694903129 109.77704678119193
105.13800454640558 119.83738982471205 161.74671557716403 162.07097210790093 114.59930191759459 111.3822247937255
80.76509146902515 128.2107639786925 166.23176591734807 160.52414148656894 119.83321743156193 118.76447280226525
86.3365507765975 117.28171212938528 158.60643114325472 154.4182631685773 113.84638773364749 109.37092849564732
86.19164692706596 116.22392180614109 154.8321672004884 158.72617931519676 116.8503316212667 114.9565135170687
91.12628599915614 128.94572501638044 165.46298679765212 162.93250136176025 124.42266674525185 122.22111110606056
102.56705123966468 141.5167834569455 167.51119365582707 165.77997466521703 137.1459077041674 136.95254652615992
97.56023780208821 129.2555608088101 167.80941570722425 161.91664522216362 123.94756956068159 121.04544601099208
106.10843510296436 133.06389442670013 174.2096438203121 163.15636671610457 125.59458587057007 127.63620176109912
57.85326265648291 114.39405578962571 151.87165634179408 154.84831287424478 112.8007092176286 108.77040038539897
88.94380248224157 133.4241357476225 166.0210829985156 164.47492210060474 129.0271289303145 126.86607111438424
72.6773692424265 117.99576263578281 158.80176321439257 162.0586313653179 114.28473213863697 111.82128598795491
96.64367542679655 123.10564568694646 154.5833108715168 149.80320423809366 122.38872497088937 118.79393923933998
94.26027795418386 121.55657119218195 161.01242188104618 169.1389960949278 122.36829654775782 119.12598373151006
96.5090669315583 115.60709320798617 165.8010856418015 161.5704180844996 110.46718969902331 110.20889256316842
190.40220586957494 178.96368346678608 222.04278866921123 223.26217771937996 185.79020426276514 173.09246084101989
77.10382610480494 115.19548602267365 160.80111939908875 159.72476326481126 109.62663909835054 107.36386729249277
100.85633346498375 121.98770429842509 163.71316379570703 168.40724449975423 121.4454610102823 118.17783210061013
76.4591394144611 110.83771921146699 155.1773179301666 156.08010763707205 105.49407566304374 102.78132126023678
90.86803618434813 126.4199351368288 163.26359055221099 166.29491874377882 121.85236969382254 123.8587905640936
117.88553770501282 130.3533658944026 167.97916537475712 159.4741358339966 129.63795740445775 129.1239714383042
109.62207806824317 142.80056022299073 170.4083331295744 172.41809649801846 139.98571355677691 136.68577102244404
89.39798655450804 131.8142632646407 160.61133210331082 172.20627166279397 129.05425215776503 125.57866060760483
76.21679604916491 113.50770898930169 156.2209973083004 156.09612423119287 110.18166816671456 105.8158778255891
85.70297544426332 120.68139873236471 165.90660023037057 161.00931650062986 115.23888232710347 113.21219015636082
80.06247560499239 119.80400661079746 161.37533888422976 156.3873396410336 113.25634640054393 112.49888888340186
76.17086057016817 118.38496526164123 157.08596372687154 157.41346829290052 115.54652742510265 112.79184367674819
97.38583059151881 129.24782396620841 162.94170736800322 165.75584454250776 124.39051410778879 119.40686747419514
84.16056083463323 122.2620137246234 162.35455029040608 163.21764610482532 116.30993078838969 115.0
62.55397669213365 106.58330075579383 150.58884420832774 151.28780519261954 100.17983829094555 100.60318086422517
110.09087155618307 141.37538682528864 164.0365812860046 172.4441938715247 142.03168660548954 139.6352391053204
93.36487562247379 123.28828005937953 164.1554141659665 161.57970169547906 118.64231959971113 117.23054209547954
93.64827814754524 121.68401702770993 157.44840424723267 162.6806687962648 119.26021968787413 119.98333217576514
72.8285658241325 116.3915804515086 154.86768546084753 158.1043958908164 109.90450400233833 108.07404868885037
97.81104232140663 121.5236602477065 161.26685958373469 166.48723674804626 121.18580774991764 119.89578808281799
103.66773847248719 128.3822417626363 167.10774967068403 166.7932852365466 126.37246535539299 121.78259317324459
107.37318100903968 134.32795688165587 173.3176274935703 173.56266879718115 134.22369388450014 130.11149065320865
90.79647570252934 134.86660075793412 168.5645277037847 168.67424225411537 131.97348218486925 129.2749008895385
88.08518604169488 125.15590277729612 161.13038198924497 160.76691201861158 122.88205727444507 118.33427229674419
81.54140052758476 129.6225289060509 166.3159643570033 167.72000476985446 123.31261087171903 121.09913294487289
92.61209424259879 118.56643707221703 163.09812997088594 160.72958657322553 108.8852607105296 109.65856099730654
97.11848433743187 122.82914963476708 168.4755175092215 165.57475653009428 116.23682721065643 115.89650555560335
90.91754506144565 124.77579893553076 170.03529045465825 163.17781711985242 117.22201158485551 116.10340218959993
72.72551134230683 124.9879994239447 160.40261843249317 164.56609614376833 118.95377253370319 116.40017182117903
105.21406750050109 137.11673858431726 171.38261288707207 166.9520889357183 124.41462936487815 132.31779925618474
98.29038610159185 127.94530081249565 167.59176590751707 168.08926200087856 122.49897958758677 118.9243456992722
68.19824044651006 115.78428218026832 155.29649062358106 156.3009916795156 108.61859877571612 105.3897528225586
89.15716460273958 119.04620951546504 166.3159643570033 163.15636671610457 110.2905254316979 114.01315713548152
72.38093671679029 125.04399225872469 162.7298374607435 160.39326669159152 113.55175031676086 111.63780721601441
94.54099639838793 124.28596059088895 162.5730604989646 163.1349134918703 118.42719282327012 110.74294559925703
95.75489543621255 126.84636376341263 169.51991033504 170.7161386629864 125.04399225872469 123.45444503945575
96.16652224137046 126.67675398430448 169.4284509756257 163.19620093617377 117.0256382165891 115.68923891183657
97.59098319004681 127.38524247337287 163.30339861742007 163.45947510009935 127.0551061547705 120.86355943790502
87.86353054595519 128.23026163897507 164.19500601419034 165.8282243769136 121.2146855789347 120.48236385463227
64.13267497929586 107.68472500777443 152.9803909002719 154.40207252495026 97.57048734120374 96.01562372864116
96.6126285741155 135.2442235365341 173.49351572897473 164.17977951014552 129.1472028345949 125.42726976220123
97.03092290605093 134.92219980418344 172.02616080119907 170.71028088548152 128.00781226159597 125.27170470621049
83.76753547765387 123.39367893048654 162.70525498581785 160.79800993793424 117.16654812701448 112.34322409473569
102.20078277586722 137.17871555019022 169.73803345155144 167.65440644373174 122.97967311714567 125.07197927593535
84.5872330792301 116.72189169131899 160.52725625263767 152.4073489041785 109.89995450408522 109.13752791776072
102.52316811335865 133.2816566523691 163.42888361608544 162.27754003558226 127.1927670899568 126.36850873536493
102.0 141.18427674496903 171.25419702886117 174.89139487121716 134.29445260322558 131.78011989674314
74.62573282722254 121.35897165022452 160.37144384210052 163.3217682980441 114.09645042682091 111.23398761170077
69.49100661236676 123.8305293536291 160.844645543456 158.67577004697347 116.49892703368559 113.25634640054393
95.98958276813167 128.2380598730346 161.05899540230592 164.2954655491137 125.3036312322991 124.18534535121283
85.47514258543241 135.38463723776047 164.28024835627684 166.89817254841347 126.21014222319853 125.5706972187381
97.81615408509987 140.09639538546307 168.31518053936787 168.55562879951532 135.37725067381152 132.664991614216
59.00847396772772 112.46777316191515 156.74182594317318 157.60393396105314 105.30432089900205 101.31140113531151
67.75691846593969 116.3958762156117 160.09684569035082 162.81891781976688 112.24972160321825 113.57376457615553
89.73850901368932 137.94926603646718 165.65928890345992 165.96385148579796 129.7227813454522 129.3715579252256
100.1049449328054 139.29106216839614 169.42549985170473 174.66539439740203 136.2791253273956 132.80436739806413
0.0 113.1238259607586 151.53877391611692 153.89281984550158 106.75673280875544 105.33755265810954
79.58014827832379 126.7911668847637 163.7345412550449 166.21070964291079 121.47427711248172 124.55922286205868
73.92563831310488 129.81525334104617 163.97865714781298 161.58589047314743 122.19656296312102 122.24974437601087
188.60805921274945 191.76548177396265 226.17471123005774 223.91516250580264 184.38004230393267 174.57663073848116
184.1086635658409 178.21616088334974 220.55838229366844 217.60744472558838 175.69006801751772 168.7187008010671
183.98097727754356 178.28628662911794 219.3467574412715 221.32781117609238 181.20706387997132 166.10538823289266
194.09533739891847 187.20576914187234 229.0960497258737 224.7798923391503 193.2097306038182 181.73332110540434
171.7701953192113 164.2985088185526 195.99744896299032 201.48945381830782 166.28890522220658 167.05388352265265
148.20931144837022 134.4953530795767 175.3909917869216 183.81784461798043 144.3294841673038 138.06520198804623
190.34967822405164 182.90981384277882 223.04932189988833 223.45916852973386 182.7785545407338 168.46661390317072
194.73571834668647 189.26964891392387 226.50386310171402 227.88374228979126 188.1993623793662 176.0454486773231
122.05326705991938 115.62006746235707 166.50825805346713 160.00624987793447 121.3424904969401 120.55289295574785
185.3699004693049 174.22112386275091 217.02073633641555 220.5697168697462 176.93784219324027 166.84723551800312
188.89415025352162 183.07375562870828 223.56878136269384 221.7385848245632 179.8054504179448 168.5852899869974
188.65047044733285 176.11359970201053 216.8340379184043 219.91361940543837 186.67619023324855 175.30259553126987
184.73765182008782 182.7867610085588 222.62973745661202 218.38269162184076 179.4073577086514 166.75730868540666
193.33649422703414 187.64860777527767 224.7954625876599 227.99561399290118 189.45184084616332 174.38749955200345
109.48515881159419 114.37657102746174 154.042202009709 161.4249051416788 117.54998936622665 113.04423912787418
189.89734068701435 187.7338541659442 221.32555207205516 222.4589849837493 193.9690696992693 189.48614725092702
128.06638903318856 96.91233151668574 164.54482671904336 156.26899884494046 127.0196835140129 122.91053657030385
180.39401320442983 171.77601695230913 215.93054438869922 216.9354742774911 177.42322283173644 162.77591959500643
182.01922975334227 181.18498834064593 214.10978492352936 213.88782106515555 186.0698793464434 183.49114420047633
113.1238259607586 0.0 150.2165104108067 159.34867429633672 106.94858577840101 95.58765610684259
146.68674105044394 129.22847983320085 177.23712929293342 183.94564414522026 148.82876066137217 137.648102057384
127.8436545159751 105.68348972285122 167.40967713964446 163.5328713133846 125.52688954961005 122.0245876862528
135.26270735128733 118.3934119788766 166.5232716469383 160.0218735048431 132.1854757528224 135.2701001699932
114.88254871824527 89.77193325310535 151.1158495989087 150.5489953470298 115.72812968332289 102.18610473053565
182.1647605877712 166.1535434470177 211.02606474082768 215.45533179756774 181.45247311624055 164.7604321431575
192.41361698175106 182.62529945218432 223.77444000600246 226.37137628242667 191.25375813301028 177.25405496066938
136.51373557265217 137.6117727521886 193.70080020485202 183.19115699181552 139.44532978913278 145.89722409970656
156.4288975860918 158.85528005074303 207.09901013766338 189.7814532561072 158.7041272305166 164.56609614376833
189.30662957223657 180.21653642216077 222.29484924307175 226.15481423131368 190.03157632351525 177.96909844127435
187.16837339678943 181.94229854544545 216.0509199239846 215.58524995926786 183.28938867266703 174.32727841620198
111.43159336561602 102.77159140540736 159.8718236588299 163.25440269714014 114.34159348198712 109.7679370308106
146.30105946301276 154.48300877442801 201.41002954172862 182.10161998181127 150.9933773382131 156.46085772486356
185.04053609952604 181.4359391079948 218.4078753158869 212.75572847751948 187.96542235209114 189.1877374461675
109.08712114635715 96.55568341635825 151.77615095923338 156.43209389380428 114.26723064816089 111.6422858956229
188.10635289643994 177.70481141488546 222.12158832495322 224.90220096744272 183.6926781338875 169.85876486069242
171.1636643683466 168.4280261714184 207.91584836178313 210.6751053162191 178.35918815693236 170.4083331295744
144.11453778158537 133.19909909605244 180.44666802132977 176.62955585065598 141.56977078458522 142.44648117801998
109.5627673984187 116.59759860305871 166.89517668285083 169.08281994336386 119.59515040335039 123.18279100588686
98.15294188153507 86.91950298983537 146.3830591291219 144.30869689661813 108.36512354074073 102.60604270704528
109.94089321085217 91.19210492142398 157.01273833673497 159.9874995116806 114.83901775964473 111.00900864344298
131.60547101089682 106.09901036296239 163.1441080762649 165.13327950476852 127.69886452118516 121.82774724995944
178.24701961042715 169.54940282997165 211.0213259365034 216.94008389414807 180.2304080892012 167.40370366273262
121.74974332621815 101.91172650877817 157.97151641989134 158.50552040859648 130.72107710694553 118.59595271340417
122.86984984120393 114.93476410555685 156.23379916010492 162.32683080747927 138.91724155050014 130.47221926525202
178.90500272490985 179.8999722067794 212.31815749012142 211.0071088849852 178.64489917151286 180.8120571200936
114.0175425099138 84.36231386110744 149.1174034108695 151.56186855538567 115.67627241573788 105.1284928076114
181.4359391079948 177.87636155487328 215.6687274502263 216.35618780150477 179.54943608934002 175.45654732725137
135.05184189784308 125.90472588429714 167.75875536018978 170.89763017666453 143.6523581428443 136.84662947986698
132.34047000067667 111.87939935484101 166.55329477377504 168.3181511305302 136.3048054912225 128.41339493993607
182.14280112043957 170.83617883809038 215.97685061135604 215.55741694499866 180.97789920319 165.3178756214826
175.66160650523494 176.22712617528552 208.58331668664204 211.0071088849852 178.63370342687296 178.85468962260956
184.68622038473796 169.4815624190431 216.95852138139216 218.6869909253863 184.2878183711555 169.9499926448954
121.8400590938793 115.42096863222038 162.85269417482783 167.6722994414999 135.2479205015737 126.81088281373961
180.92263539977523 168.01785619391768 216.09488656606385 216.7256330017287 181.2567240132073 167.07782617690475
173.65770930194836 167.00898179439332 212.69931828757703 213.030514246199 175.0999714448863 160.42755374311483
190.23669467271554 174.16945771288374 218.3575050232989 219.1049976609388 188.6186629154178 174.8656627242753
120.72696467649637 101.65628362280415 168.88753654429328 164.61470165206995 130.59096446538712 126.70832648251653
102.36698686588367 95.4567965102538 153.86682553429117 159.78735869899094 121.04544601099208 113.1238259607586
111.70049238924598 84.41563836162112 153.7693077307692 158.86472232689044 112.86274850454423 111.61093136427094
186.65208276362736 179.13123680698462 221.51523649627356 222.49943820153794 189.24587181759077 175.02285565034072
182.18122845123204 170.3789893149974 216.2960933535324 219.99772726098786 182.573272961844 165.53549468316456
125.05598746161657 91.85858696931932 150.94701056993478 162.09256614663116 123.0690862889621 109.83168941612435
120.76423311560423 107.33592129385204 160.76691201861158 161.46516652207063 126.2655930964568 123.83860464330176
106.94391053257777 77.78174593052023 148.5631178994302 152.10522673465235 106.2449998823474 98.75727821279807
122.14745187681976 94.11163583744573 159.75606404765986 161.4032217770141 120.13742131409347 109.41663493271945
97.67292357659824 89.57120072880568 152.4663897388536 154.71586861081832 101.95587280779857 94.03190947758107
120.94626906192683 98.87871358386495 159.69971822141704 169.0295832095672 124.99199974398361 112.22299229658778
119.63695081370136 95.91663046625439 165.37533068750005 156.57586020839867 118.26242006656214 114.6778095361086
187.59264377901388 173.19930715796758 215.7753461357437 217.2418007658747 176.05112893702216 177.94100145834855
111.97767634667188 83.60621986431393 150.68178390236824 155.59562975867928 118.78552100319298 107.2147377928986
182.55136263528684 170.5637710652529 219.11412551453637 218.8515478583599 181.71956416412627 168.97632970330488
183.2129908057832 179.22611416866684 126.69254121691615 206.78007640969668 175.53916941811022 187.3739576355263
164.83021567661677 167.37980762326143 108.57716150277645 199.08289730662452 172.35428628264515 172.2120785543221
233.32380932943812 231.18607224484782 202.94334184693028 257.40046620004404 226.4221720591868 222.7015940670385
221.18996360594664 215.8842282335604 187.77380008936285 249.43536236869062 213.724121240444 206.60832509848194
225.21989254948153 221.98873845310263 192.80560157837738 253.62373705944796 219.8522230954238 211.8773229961149
172.70205557549104 172.89013852733186 114.42027792310242 196.07396563542034 167.26326554267678 173.33205127730994
181.9752730455432 184.27696546231707 136.53937161126822 209.59484726490774 178.54971296532514 185.86285266292455
169.93528179868946 161.78071578528758 100.90589675534329 205.25837376341067 169.31922513406445 172.0
213.58136622842358 218.20632438130662 182.42532718896246 240.19159019416145 212.6969675383267 215.974535536021
170.00882330043933 178.51050389262812 123.35720489699821 204.15190422819964 171.93603461752863 178.67568385205638
171.81967291320282 170.3965962101356 103.53743284435828 200.3272322975586 170.6839183988931 177.7526371112395
168.422088812602 168.48442064475873 97.49871794028884 194.12109622604135 167.5141785043881 176.05112893702216
174.78272225823696 162.03703280423275 102.9417310909429 201.50434238497195 176.59558318372518 176.28102563804194
181.89282558693733 174.53939383417142 109.80437149767764 207.79316639389276 181.06904760339356 184.06792224611002
175.47079529084036 175.09711591000007 115.20416659131735 205.24375751773792 172.71653076645558 179.42129193604643
180.26092199919538 179.10053042914194 118.1185844818672 203.12803843881326 174.6797068923577 182.94808006644945
167.74683305505354 167.6663353210775 116.36580253665593 204.1470058560742 167.10475756243446 167.32304085211933
172.6267650163207 175.9119097730452 113.46365056704283 199.19086324427633 170.03823099526764 178.2806775845324
173.4733408913312 174.99714283381886 109.83168941612435 205.07559581773742 177.09884245810304 183.88311504866346
174.97142623868618 171.8778636125083 95.4829827770373 202.85955732969546 178.82393575805224 179.39620954747065
170.0676336049867 172.2149819266605 118.1482120050913 201.275930006546 171.10815293258239 176.84739183827395
175.0028571195339 170.60187572239644 105.97169433391164 204.3257203584512 173.93964470470786 176.91806012954132
181.92580905413064 169.48746266317164 113.39753083731586 203.7253052519495 173.1357848626332 176.9887002042786
184.29053149850102 183.3684814792335 133.4053971921676 208.51858430365385 179.16472867168918 186.50737250843463
171.21915780659592 171.11107503607124 113.63978176677391 199.8874683415646 165.77394246382633 174.73408368146153
216.66564102321345 211.36461387848252 179.13681921927719 247.05262597268623 208.55454921914315 203.16495760834349
221.8873588107263 217.211878128246 189.97368238785077 252.99604739995445 214.08176008245073 209.41824180333478
171.75272923595713 171.0555465338672 100.03499387714281 195.94386951369518 178.0056178888745 177.98595450203368
168.09818559401526 167.6007159889241 97.2265395866787 194.59188061170485 167.78557744931476 174.10054566255673
165.9276950963883 170.80690852538723 100.08995953640904 195.9617309578582 167.5320864789787 177.85949510779568
173.85626246989207 171.64789541383837 105.98113039593416 198.13884021059576 170.04999264922066 176.38594048279472
166.7872896835967 162.9570495560103 93.40235543068493 195.4149431338351 164.68454693747074 169.13308369446824
171.68284713389394 169.4048405447731 112.60106571431729 204.9634113689563 166.84124190379308 174.0775689168481
221.39557357815445 219.97954450357423 188.98677202386415 251.31852299422738 216.21979557848073 210.14280858501917
180.5408541023333 173.5857136978732 106.44716999526104 202.2918683486808 172.99132926248066 181.95878654244757
180.93645293306707 179.61347388211163 123.68508398347798 208.35786522231408 178.34517094667856 183.03005217723125
170.5608395851756 159.7185023721422 98.84836872705588 201.40009930484146 165.99397579430405 173.44451562387323
169.15968786918472 166.25883435174205 91.1756546453054 196.56551070826234 168.7601848778319 175.08569330473577
184.24440290006098 175.21130100538608 115.56816170554933 206.37102509800158 173.79585725787598 184.42884806884197
219.17116598676935 215.87264764207623 186.14510468986285 250.3297824870225 215.29746863351644 205.94659501919423
175.07712586171843 175.35392781457733 98.95453501482385 197.7953487825232 175.59328005365126 182.46095472730596
167.72894800838642 163.6765102267274 82.48030067840442 195.70896760240703 172.41809649801846 171.64206943520577
170.0441119239358 166.38509548634457 95.98437372822724 194.3347627162984 168.9200994553342 173.59435474692143
160.69847541280532 162.9202258775748 91.0494371207203 196.49681931267997 163.72232590578477 166.5292767053289
170.33496411482875 171.62459031269384 102.03920815059278 204.67290978534507 173.79010328554386 178.7568180517879
180.4826861502233 178.3900221424954 116.73045875006231 206.5502360201992 174.97142623868618 184.43427013437605
170.36725037400822 168.25575770237404 101.24722218411723 201.26102454275642 173.5453831134669 176.16185739256952
179.3376703316958 170.78348866327798 111.01351269102334 200.9701470368174 169.88525539316237 179.6941846582688
163.50229356189473 163.48700254148645 82.17663901620703 193.28217714005604 164.730082255792 170.30267173476756
168.17253045607657 171.4497010787712 103.3537614216338 193.69821888700992 167.59176590751707 173.65483005087995
178.42925769054804 168.90825912311098 104.88565202161828 197.86864329650618 169.38122682280937 178.46848461283017
174.04884371922728 176.0454486773231 109.45775440780794 196.99746191258404 172.70784579746226 180.43004184447778
169.3280839081338 170.18519324547597 97.9081201943945 201.02984853001308 170.60187572239644 176.61257033405067
170.79227148791014 175.8379936191266 107.71258050942797 204.12006270820123 173.99137909678169 179.404570733301
175.82377541163197 166.73631877908304 101.58740079360236 203.60009823180343 168.82239187975037 176.71445894436596
166.44518617250546 162.15116404145854 88.9606654651369 192.84449693989197 168.39536810732056 172.18013822738092
176.70597047072292 172.74258305351347 113.32696060514462 198.36330305779848 178.31432920547917 177.9578601804371
174.4906874305904 174.92855684535903 101.18794394590691 197.83831782544047 186.32766836946143 182.9289479552102
166.92513291892266 165.24224641416615 92.81163720137685 195.58374165558854 173.2887763243771 172.26723426119082
159.59323293924464 160.53348560347152 78.01281945936834 195.31256999998746 169.0177505470949 167.89282295559866
161.47135968957468 160.1749044014074 86.00581375697809 193.68014869882768 169.05028837597408 167.8541033159452
168.63273703525067 170.17050273181894 96.42095207992918 201.11688143962456 178.91897607576453 175.43374817862156
173.94539373033135 170.19400694501556 107.2147377928986 193.2097306038182 173.11268006705922 181.8213408816468
217.5385023392411 214.83016547961788 184.00271737123884 248.48339984795766 214.9930231426127 205.65748223684935
155.50884219233322 153.63593329686907 65.10760324263211 189.8789087813599 167.69615380204758 158.97484077677197
162.67144801716125 161.13658802394943 92.41212041718337 190.5019684937665 170.0441119239358 167.36188335460378
173.6145155221763 168.55562879951532 107.15409464878138 195.83411347362338 174.27851273177654 176.67484257811014
166.5022522370193 164.98484778912274 94.5568612000208 195.2690451658941 168.53486286225768 170.89470442351336
172.3890947827037 166.00903589865223 99.72963451251589 198.0631212517868 175.71283390805579 177.9213309302738
171.5546560137614 167.2064592053788 102.51341375644458 195.71918659140192 164.31068133265103 173.58283325260018
159.4051442080838 158.97484077677197 83.36666000266533 192.91708063310517 169.31331902718108 168.53486286225768
151.53877391611692 150.2165104108067 0.0 188.54442447338505 163.94206293688023 158.67577004697347
162.82505949638096 158.93080255255745 78.07688518377255 193.56910910576616 166.7663035508073 166.29491874377882
164.27111736394806 159.68719422671313 80.86408349817613 194.37592443510076 165.19079877523444 165.54455593585675
167.8272921785965 160.25292509030842 92.2062904578641 188.28967045486058 170.55497647386312 168.6238417306402
160.12495120998477 157.534123287623 65.16133823057964 190.2077811236964 168.1160313592966 166.70932787339765
161.7930777258409 158.64425612041552 74.23610981186985 192.25503894566717 168.57639217873896 165.46600859391032
163.43500237097317 153.19921670818033 77.86526825228306 188.88091486436633 164.7118696390761 161.74362429474616
162.96318602678338 162.62226169869857 82.39538822045807 194.8383945735542 170.985379491932 171.71196813268432
166.27086335254293 153.64569632762255 86.1974477580398 189.7919914011126 160.04686813555585 163.43194302216443
169.54940282997165 165.94577427581578 97.81104232140663 197.08373854785685 177.32456118654292 175.19988584471167
174.51360978445206 166.8891847903872 100.41414243023739 192.681083658983 180.5214668675169 177.49647883831386
220.70115541156554 216.48094604375694 188.0026595556563 247.34995451788544 216.57793054695117 209.5304273846641
157.56585924622124 150.69173832695674 76.77890335241837 184.91619723539634 157.25139109082627 155.92626462530293
166.83524807426036 162.24364394329905 90.39911503991618 186.51273414970893 169.90291345353674 169.42254867637897
164.14932226482082 163.63984844774208 89.2468486838611 193.75758049686726 167.38578195294843 170.98830369355676
166.9221375372362 165.08785539826968 86.50433515148244 196.96700231257012 175.76120163449042 174.6682569902156
163.7345412550449 160.0 76.909037180295 191.29035521949348 166.9191421017973 166.7063286141231
165.98192672697832 158.24980252752292 79.66178506661774 194.91793144808406 164.27111736394806 165.62608490210712
173.824624262502 168.23198269056928 98.70663604844408 195.45331923505418 176.6861624462991 177.41758650145144
163.89020715100705 161.67560112769027 75.53806987208503 193.3726971420733 165.6109899734918 168.01190434013895
165.8010856418015 156.03525242713584 88.03408430829505 193.1657319505714 160.38391440540414 167.17655337995217
164.0944849774056 161.07762104029226 92.67685795278129 190.6410239166796 159.3988707613702 167.84814565552995
166.08130538986018 166.68533228811705 89.89438247187641 198.83661634618508 172.64414267504125 175.98011251274957
155.74337867145428 153.74329253661767 83.23460818673925 188.70347108625214 159.66527487215245 159.76858264377262
160.738918747141 160.822883943797 86.52745229116596 189.62594759156775 166.49924924755666 167.81239525136397
171.31257980662133 164.67240205936147 98.74208829065749 181.78833845986932 165.4841382127 175.03713891628828
155.42844012599497 160.0718588634492 82.21921916437786 190.32340896484595 165.36323654307205 167.5708805252273
159.63708842245902 157.8955350857015 74.32361670424818 194.2652825391094 170.03823099526764 166.80527569594435
168.1398227666486 158.99685531481433 87.22958213817145 192.22382786741085 166.6433316997713 165.65325230734229
161.0527863776346 158.26875876179733 84.8528137423857 194.29101883514844 166.74231616479364 159.76232346833217
180.06943105369106 170.45233937966356 105.01904589168576 203.07141600924538 180.0499930574839 178.51330482627898
159.76232346833217 158.21820375671064 78.62569554541314 188.34808201837362 164.72704695950813 167.0269439342048
176.0113632695344 168.89345754054537 101.8037327409953 198.9899494949431 173.9856315906575 179.11448852619378
169.99705879808627 161.5116094898444 83.12039460926542 197.1801207018598 163.4808857328587 169.49631264425784
159.6746692496966 152.46966911487675 74.81978348003956 192.33564412245588 161.99074047611487 161.2637591029057
173.72104075212076 160.32467059064865 100.12492197250393 195.33560863293718 169.5346572238255 173.44451562387323
174.09480176042018 166.6553329479738 97.3909646733207 202.25726192154386 177.3583942191629 175.10282693320517
164.12495239907915 160.13119621110684 93.53608929178085 199.18333263604163 164.05486887014357 168.02083204174417
166.37608001152088 170.5051318875769 95.96353474106714 197.3068675946177 166.89517668285083 173.10979175078455
173.35512683506076 168.55562879951532 108.29589096544707 196.01785632946812 171.040930773894 178.98603297464302
230.05434140654683 219.57231155134292 253.56853117056934 198.4338680769994 223.3741256278354 215.96990531090205
156.32018423735306 164.12495239907915 191.10729970359583 90.13878188659973 159.50862045670132 169.43435306926398
163.82917933017916 166.26785618392992 195.72940504686565 105.26632889960588 159.94686617749034 168.5704600456438
156.04486534327236 161.75598906995685 191.8436863699194 91.18662182579197 155.6181223379848 161.96913286178943
204.42357985320578 209.15066339842195 239.49739038244238 169.58183865025168 206.97342824623647 210.71070214870434
162.4222891108237 172.2556240010758 193.34683860875512 99.44847912361456 165.95180023127196 173.5540261705271
151.94735930578062 156.03525242713584 185.77943912069495 75.23961722390672 150.9933773382131 160.08122938058665
155.71448230656003 163.57872722331592 192.70962612178977 90.598013223249 157.54364474646383 168.24684246665672
219.79763420018878 212.2828302053654 248.93573467865156 188.92855792600545 214.08876663664537 206.85985594116613
149.8098795140027 156.93310676845724 191.637678967368 73.17103251970687 149.7397742752406 156.36815532582074
160.15617378046966 164.65418306256296 191.14915641979695 84.95292814258964 157.86386540307444 167.61264868738277
170.78641632167356 174.6052691072065 203.17972339778396 98.60527369263775 169.73214191778763 179.89441347635005
165.44485486106845 175.53062410872926 197.63096923306327 99.46356116689167 163.92986305124518 176.52195330892982
171.92440199110771 174.06607940664372 198.98241128300762 93.8669270829721 172.30496220364637 177.80326206231425
218.46052274953476 211.2581359380036 250.53742235442593 188.67962264113208 212.24985276791125 205.17553460390934
168.57639217873896 163.20232841476252 194.18032856085088 101.28672173587218 169.81460479004744 173.33205127730994
169.3989374228776 173.69225659193907 197.50443033005615 105.17128885774862 171.74690681348528 180.41618552668714
159.7779709471866 168.04761230080004 196.49681931267997 96.88137075826292 162.23439832538597 168.62680688431482
154.69647701224486 154.29193109168088 189.87627550591992 87.46427842267951 157.09869509324386 165.32694880145826
172.54564613458086 169.8087159129354 195.00256408570633 111.57508682497182 173.62315513778685 179.3376703316958
204.90729611216872 211.4095551293744 235.82832739092223 167.9166459884189 208.07210288743659 208.78457797452378
225.57482128996577 214.75800334329801 246.57656011875906 190.99476432614586 220.99095004094625 216.51789764358972
158.24348327814323 162.09873534361705 190.64364662899206 76.69419795525604 159.88120589988054 166.9820349618485
166.715326230074 168.6979549372191 196.94161571389628 98.09689087835557 167.57983172207807 175.69860557215586
150.75808436034202 159.80926130859876 190.57282072740594 72.3118247591637 154.4376897004096 162.02468947663502
166.69433103738112 161.9382598399773 193.68789327162398 91.30169768410661 162.15424755460464 168.65645555388622
160.80422880011582 161.75598906995685 189.69449122207 84.16056083463323 161.66941578418596 167.48134224444226
221.48814866714653 213.5790251873999 249.92999019725505 189.5521036549054 215.61539833694624 208.16099538578308
151.8617792599573 163.9176622576103 191.5567800940494 92.233399590387 159.79674589928294 166.8891847903872
218.23381956058049 211.2747026976964 247.8467268293047 186.24983221468952 210.87199908949503 203.37158110217857
160.61444517850816 166.25883435174205 192.6369642617948 72.92461861401813 163.07053688511607 169.96764397967044
150.49584711878265 164.17064292984907 190.12890364171355 76.51143705355429 155.36408851468863 164.59343850834395
156.03525242713584 161.44968256394932 193.48643363295525 80.63498000247783 151.4133415521895 162.895672134038
153.89281984550158 159.34867429633672 188.54442447338505 0.0 156.10253040870285 162.69910878674168
159.4051442080838 158.6663165262243 186.9063936841113 77.0 156.41291506777821 163.0950643030009
159.75606404765986 155.23852614605693 190.3417978269618 77.46612162745726 154.06167596128506 160.83531950414374
153.9253065613319 158.61904047118682 185.75521526998912 70.24243731534378 154.67385040788247 162.5084613181726
156.8853084262513 160.94719630984568 188.96295933330427 72.31873892705818 156.91398917878547 166.24379687675568
165.9307084297539 161.21414330014596 194.2601348707449 87.3040663428686 162.53614982520043 170.67220043111882
158.8143570336133 163.03067196083074 187.74450724322136 56.4003546088143 159.4584585401477 166.68533228811705
161.1645122227595 155.2900511945308 191.47845831842287 82.23746105030237 156.95540768001592 164.37153038163268
159.58383376770968 162.19741058352318 192.82893973675218 77.31752712031083 158.95911424010893 163.17781711985242
160.72958657322553 159.94686617749034 189.16130682568252 76.3740793725201 157.534123287623 166.7932852365466
154.16225218904918 158.64740779476983 190.57282072740594 69.30367955599472 154.40531078949326 162.1480804696744
169.08281994336386 169.65848048358797 199.155717969633 99.60923651951158 167.76173580408616 174.98285630312475
170.17344093600505 164.60862674841803 198.04797398610268 93.59487165438073 168.2676439485619 173.69801380557004
160.60199251565965 168.3330033000065 195.06665527454967 80.06247560499239 164.46884203398528 171.63624325881756
222.4544897276744 212.26163101229577 250.29982021567653 190.27085956604074 217.76363332751407 210.5611550120297
154.35996890385798 155.64061166674975 186.33035179486996 78.3198569968051 162.08022704821215 160.71403174583108
152.8757665557233 150.56560032092324 186.78061997969704 73.17103251970687 157.18778578502847 159.54623154433952
158.1771159175688 164.3745722427894 190.24195120950583 100.16486409914407 163.716217889371 164.20109622045769
168.14874367654372 156.50239614779065 197.45379206285202 87.78952101475437 163.1349134918703 169.162643630324
155.3415591527264 150.1798921294059 186.056443048877 75.56454194925024 152.33515680892575 158.64740779476983
151.9802618763371 150.52906696050434 184.35834670553976 77.78817390837762 156.81517783684077 160.61755819336813
165.72567694838358 157.7022510936353 193.0932417253385 80.77128202523468 164.13409152275466 166.67633305301626
160.91612722160573 157.02547564010115 194.36563482261982 90.28288874421332 160.37144384210052 165.8613879117138
154.57684173251826 154.631820787314 187.3018953454556 69.0724257573165 158.03480629279107 162.08022704821215
155.01612819316577 156.0416611036937 186.70297265978385 77.32399368889322 161.30406070524077 164.96666329898292
158.15814869933197 155.91985120567554 187.42465152695362 76.25614729318549 162.58228685807074 162.80049139974977
209.81658657027094 211.60340261914504 239.35956216537497 171.31257980662133 213.44788591129216 211.4686738030009
216.58254777336055 208.95214763193988 250.18792936510746 182.07416071480324 209.3680969011277 202.64747716169575
157.90503475190397 162.58228685807074 190.46784505527435 87.90335602239541 164.17368851311102 170.75713747893528
161.34435224078965 167.0 185.76329023787235 78.32624081366346 167.40669042783207 169.96470221784287
151.02648774304458 158.37929157563497 189.51253256711018 73.2120208708925 158.46766231632245 163.09199857749
165.40253927917794 170.23219436992522 200.28479722634967 96.70056876771719 167.4902982264943 175.69860557215586
167.59773268156107 163.2237727783548 199.0 100.269636480841 165.8613879117138 175.60466964178372
218.46967752985768 210.69409104196538 244.31741648928755 183.24300805214915 210.337823512558 209.50656314301946
166.95807857064 165.57777628655361 202.7732724004818 102.33279044372826 163.07666908543356 173.61739544181626
160.0093747253579 159.88120589988054 197.15729760777307 94.01063769595439 161.21414330014596 166.3640586184408
173.79873417260552 175.88916964952674 205.56264252047356 106.93455942771729 174.91998170592174 182.65267586323503
222.3870499826822 217.2855264392914 246.7225161998799 185.18909255137032 218.72585581041852 216.06943328476612
216.91933984778765 206.78249442348837 246.23159829721286 185.14588842315672 214.62758443406105 209.3083849252103
160.12495120998477 164.21632074796952 195.51981996718388 98.54440623394105 161.39082997494003 171.22499817491604
158.86786962756187 158.63164879682742 194.994871727438 98.38699100999075 157.2768260107 166.5022522370193
157.60710643876436 162.6437825433238 195.69874807979738 85.64461454172118 154.56713751635564 168.15469068687915
161.78998732925348 163.24521432495348 201.6382900145704 103.42630226397925 161.36604351597643 170.75128110793196
171.86040847152668 176.40011337864837 208.69595108674247 107.46627377926528 176.70597047072292 182.59791893666258
159.69971822141704 157.54047099079017 197.038067388005 88.91006692158093 159.6527481755325 164.39586369492392
160.5490579231158 161.92282112166896 198.17668884104407 91.04394543296111 159.43337166352595 166.97305171793442
167.02395037838136 166.85322891691368 202.19544999826283 100.29955134495867 165.2815779208318 171.21623754772793
109.37092849564732 123.46254492760143 158.74507866387543 158.93080255255745 98.76740352970711 113.23427043081966
144.49567467574937 144.58907289280197 176.9773996870787 177.2737995305567 129.5453588516393 145.00689638772357
193.97680273682212 188.4940317357555 224.71537553091466 229.0589443789524 185.9516066077408 182.20043907740728
118.06354221350468 130.5526713629407 165.53851515583918 169.3576098083579 100.8265837961398 111.48542505637228
132.2157328006013 135.09256086106296 162.00308639035245 176.555940143627 117.6010204037363 126.65306944563167
130.93127968518448 133.88054376943649 168.08628736455572 163.67040050051813 116.67047612828192 128.79052760199409
141.81325749026428 134.6476884316994 182.35405123001792 173.59147444503142 110.66164647247935 136.10657588816198
157.4674569553976 147.52965803525743 187.0294094520966 185.469674070992 137.6117727521886 151.78273946664686
106.75673280875544 106.94858577840101 163.94206293688023 156.10253040870285 0.0 100.29456615390487
112.28535078094559 122.3396910246221 160.9409829720199 165.50226584551643 100.85137579626765 120.87183294713455
139.31618714277246 137.8042089342702 180.83970802896138 170.61652909375456 115.69788243524597 139.33771922921662
113.3666617661471 123.33288288206029 157.30225681788548 166.3400132259223 97.40123202506219 121.51543111885009
136.3048054912225 138.01449199268893 173.70377082838473 170.33496411482875 114.3153532995459 132.29890400150714
190.03946958461023 184.65643774317752 226.67377439836307 225.24209198105046 182.87153961182696 176.21293936598414
158.63480072165754 149.45233353815524 168.9644933114647 186.56902208030144 129.0193783894497 153.70426148939399
136.31947769852994 147.83774890061062 165.62306602644452 170.5813588877753 129.4990347454374 141.89785058273435
133.91415160467545 133.06389442670013 175.15992692394 176.97457444503152 101.93134944657605 127.07084638106413
107.14009520249644 122.31925441237777 158.17395487247578 161.1831256676703 94.12757300600074 103.14552825983296
131.84839779079607 139.0719238379911 178.61130983227238 173.5194513592064 113.70576062803502 124.29802894656054
118.69709347747316 131.38493064274914 166.53828388691892 171.1198410471445 107.70329614269008 118.36807001890332
116.49463506960309 128.9340916902896 163.99695119117305 171.40595088852663 108.83014288330233 121.81543416168577
111.26994203287786 107.97221864905805 157.3944090493687 157.53729717117784 85.44003745317531 106.52229813517918
147.54321400864222 145.29969029560937 187.87495841649573 180.08886695184685 122.73548794053006 140.92196422133776
115.29093633065871 123.47874310989727 162.39458119038332 163.31258371601376 93.39700209321497 116.58473313431737
118.55378526221759 119.5156893466293 166.8921807635097 170.13524032369074 88.99438184514796 110.07724560507498
116.62761251093156 117.5457357797381 161.62301816263673 167.57386431063765 103.87011119662864 124.79583326377528
145.58846108122717 149.06039044628858 177.43731287415284 174.45629825259965 128.75946567146045 142.78655398881227
129.59166639873106 128.75169901791588 175.22556891047608 164.44147895224003 93.38629449764028 122.93900926882402
121.23530838827442 137.5099996363901 176.80497730550462 158.58436240689053 97.59610647971567 124.2095004417939
115.26925001924842 130.73637596323374 166.8921807635097 160.20611723651504 95.84362263604189 119.80400661079746
125.5866234915168 130.49521064008442 172.77152543170996 173.24260445975753 110.90085662428402 127.03542812932147
125.89678312014172 137.3062270984095 174.8427865254955 169.64963896218583 104.5609869884557 124.76377679438852
172.6528308484978 171.1724276862369 204.60938394902615 207.86534102634812 172.87567787285752 168.55562879951532
195.48913013259843 188.41178307101708 228.45130772223652 228.15564862610788 185.72291188757515 179.404570733301
187.62196033513774 188.30560267819968 223.49049196777923 225.25319087640023 182.48561587149823 180.49376720540795
195.86985475054604 190.69347130932405 226.74434943345335 231.43465600467013 189.6101263118613 185.85209172887994
118.31314381758267 133.96641370134532 169.46976131451888 170.4200692406854 106.10843510296436 115.42096863222038
137.34991809244008 128.98837156891315 172.8554309242264 173.5857136978732 111.44505372604026 133.22537295875736
132.23463993976767 127.18883598806933 176.10224302944013 169.06507622806078 103.36827366266692 127.42841127472319
117.37546592026803 131.90147838443661 166.03915200939807 158.2087228947886 96.66436778875658 127.83192089615176
121.23943252918994 138.7515765676196 165.67739737212196 160.75447116643443 107.44300814850634 133.77219442021575
113.69256791892775 120.56118778446071 173.3666634621547 165.54455593585675 86.26123115281858 112.25862995778988
120.61509026651682 135.85654198455074 169.24538398432023 163.8749523264614 113.99561395071304 129.24395537122808
133.3641631023867 135.9006990416164 176.85587352417787 171.65372119473554 115.40797199500561 139.71399357258383
118.94116192470965 115.38630767989761 163.2574653729501 168.77203559831824 88.49858755935034 106.99065379742288
123.76994788719918 126.25371281669304 161.66941578418596 165.3420696616563 112.79184367674819 127.29886095327012
127.00393694685216 137.83686009192172 173.50504315437058 175.76404638036757 121.42899159591173 132.36313686219438
118.05507189443408 119.44036168732913 164.54482671904336 167.2602762164406 96.70573922989266 118.27510304370908
131.14877048604 117.65627905046122 168.45177351396453 171.040930773894 107.73578792583271 124.93998559308385
124.39051410778879 136.6235704408284 174.55371666051687 171.73234989366446 102.9465880930495 128.35497652993436
187.40330840195966 182.29371903606554 222.8542124349459 219.87041638201353 178.68128049686683 176.11927776367924
118.47784603038663 126.28539107909513 167.79451719290472 166.8112706024386 100.81666528902848 121.03305333668155
182.55957931590441 172.9595328393321 130.8892661756494 203.3396173892338 163.12265323982442 179.60512242138307
174.83992679019286 179.05864960956228 121.28891128211185 204.82187383187372 165.48111674750083 175.05142101679724
157.4357011608231 165.28460303367643 113.11940593903418 196.49173010587495 145.33065746772084 160.4119696282045
181.69479904499192 185.41305239923105 137.63357148602952 207.66318884193223 170.85081211396098 184.00271737123884
163.59095329510126 172.25272131377199 111.09455432198286 194.69720080165507 159.72789361911714 169.19810873647495
212.69226596188213 209.01435357410264 172.02906731131225 240.09789670049173 211.61049123330346 208.26425521437903
171.1461363864227 172.81782315490494 118.23282116231516 205.12922756155447 160.47429700734008 172.1772342674838
158.69152466341737 164.69365500832143 108.42047777057617 197.2815247305231 153.81157303662167 168.24684246665672
215.2347555577398 203.05910469614506 178.39843048636948 248.49748489672888 208.01682624249415 200.63399512545226
159.75293424535275 172.74837191707482 122.76400123814798 200.723690679501 159.00314462299164 168.1398227666486
183.5538068251378 181.84333916863713 129.60709857102736 207.74744282421383 175.13137925568907 184.8621107744905
157.93353032209467 169.88819853068077 107.89346597454362 195.18196638009363 145.17575555167605 162.35455029040608
172.6528308484978 181.10770276274835 125.3036312322991 198.5900299612244 161.07762104029226 179.34603424664846
113.00442469213318 121.88108959145384 161.62301816263673 155.79152736910953 101.26697388586271 120.07497657713701
118.70130580579136 130.98473193468007 168.24387061643583 164.03962935827428 111.15304764152893 126.18240764861004
125.25973016097392 124.86392593539577 163.1686244349691 161.13658802394943 117.17934971657762 129.0968628588627
126.1269202034205 121.4701609449827 172.10461934532728 161.50232196473215 105.71187255932988 128.7555824032496
190.61741788199734 184.30409653613236 219.64289198605996 220.93890558251618 184.58060569843192 179.54108164985527
188.22858443923974 177.20891625423366 223.63810051062407 224.19857269840057 180.99447505379825 174.97999885701222
125.29964086141668 129.71121771072848 166.64933243190626 169.11830178901394 118.7981481337146 128.8875478857442
115.61574287267284 123.64465212858985 160.25292509030842 163.08893279434997 109.26115503691145 123.97983707038819
193.08806281072893 187.47799870918186 227.51043932092435 223.333830845217 185.84940139801367 183.6218941194105
131.43439428094916 133.19909909605244 169.83815825661793 172.86410847830732 113.59577456930342 132.5707358356285
128.80993750483694 132.23085872821065 171.30090484291085 152.41719063150325 107.54998837749821 132.21195104830727
122.00409829181969 124.1772926102031 160.72647572817615 165.03332996701 111.09455432198286 125.1678872554778
158.91192529196795 164.06705946045355 104.05287117614775 193.59752064528098 154.04544783926593 167.53805537847214
174.51647486698783 170.2909275328548 133.10146505579868 197.6891499298836 153.75630068390694 172.55723688098394
159.8155186457185 163.43806166251483 111.61989070053778 193.70596273734063 152.7219696049 162.42844578459773
165.96083875420732 166.06023003717658 109.21996154549771 195.7396229688818 157.48650735856708 165.83425460380616
163.01226947687098 161.6477652180815 102.96115772464877 200.13495446822876 156.80561214446377 160.9751533622503
174.1952927033334 181.50757559947738 129.55307792561317 199.85744919817225 168.52002848326367 182.19769482625185
164.38978070427615 163.1533021424942 115.42096863222038 194.4813615748306 151.11915828246265 165.02121075789015
156.7992346920099 167.83027140536953 111.89280584559492 195.30232973520822 151.75308893067054 159.77484157401003
168.44880527923016 170.2879913558205 109.78615577567146 199.28371734790576 162.9048802215575 172.6238685697896
165.91865476793137 164.08534364774937 105.89145385724005 197.17504913147607 159.06602402776025 167.39474304768356
222.19135896789507 215.73594971631408 192.4759725264429 251.41996738524966 216.46246787838302 210.22606879262145
177.87073958355265 173.67498380595865 128.59237924542808 203.83081219482006 161.05589091989154 174.73408368146153
223.57325421436258 215.29050141610986 192.3720353897624 255.48776878747051 218.39871794495497 211.6719159454083
185.35911091715994 181.40286657051482 134.98148021117564 203.32486321156102 173.7095276604021 185.15939079614623
171.57797061394567 174.85422499899738 126.5029643921438 204.5678371592172 162.43768035772982 174.95999542752622
165.97288935244816 168.5289292673516 114.55566332573872 196.1224107541002 156.96496424361712 169.25424662323837
162.40381768911715 170.78056095469412 111.70944454252738 198.99246216879675 159.23567439490435 171.89240820932145
139.6782015920881 135.33292282367952 171.55174146594956 174.0373523126573 123.89915253947461 111.57956802210698
121.60592090848209 127.47941010218082 166.86521506892922 166.21371784542936 107.64292823962009 100.66777041337511
144.06248644251562 141.38246001537814 174.95713760804387 179.52437160452615 126.8897158953396 128.28873683998918
141.96830632222108 131.98484761517133 172.94796905427944 176.77103835187484 114.80418110852932 116.58902178164118
139.95713629536723 145.59189537882938 178.19090885900997 173.38108316653233 120.88424214925617 125.02799686470227
147.8817094843037 134.14171610651178 178.00842676682473 178.53851125177448 125.6821387469198 119.80400661079746
133.6600164596728 135.88230201170424 168.40130640823426 165.9698767849154 118.32159566199232 119.74556359214316
187.83237207680682 184.02717190675946 219.79763420018878 224.01785643113362 177.74138516395107 171.89822570346675
155.42522317822161 140.78352176302454 186.7377840716763 182.86060264584057 129.87686476043376 133.06765196696003
148.13169816079204 143.9791651594077 178.88264309317435 184.3529224069963 130.49904214207857 129.1394595001853
124.03628501370073 123.57184145265458 162.1018198540658 165.3602128687551 101.34100848126586 100.68266980965493
139.11146609823362 138.2497739600322 176.1249556422939 179.65244223221683 121.54423063230932 120.9297316626478
125.21182052825525 122.60097878891506 172.52825855493933 178.72045210327775 109.60383204979651 106.29205050237765
134.8703080740902 132.0870924806811 178.96368346678608 179.96944185055418 124.1329931968129 119.52405615607262
189.76564494133282 183.83688422076784 223.31368072735714 228.17098851519228 180.0444389588304 175.6843760839307
145.94176920950355 152.1380951635717 179.63017563872725 180.40509970618902 143.2550173641398 140.53825102085196
141.58742882049947 115.88787684654508 165.19987893458034 181.4993112934592 117.36268572250722 109.68591523071684
119.03360869939212 119.27279656317278 156.5790535161073 161.36294494090023 118.27087553578015 97.72921773962995
179.95277158187923 174.99142836150574 216.16428937268986 221.61678636782008 176.74275091216612 161.0372627685903
136.57232516143233 120.98346994527806 170.08821240756222 179.59120245713598 118.63810517704673 107.33126291998991
126.53062870309307 124.74373731775074 160.4306703844374 170.89470442351336 120.97520407091694 104.0096149401583
137.62993860348845 132.4273385672309 176.43695757975425 173.62315513778685 119.98749934889051 120.70625501605126
148.16882263148344 127.22814154109145 175.7782694191748 179.26237753639217 122.266103233889 119.63277142990545
119.14277149705725 125.09196616889511 156.93629280698585 167.56491279501208 117.35416481744481 101.79882121124979
129.6225289060509 128.00390619039717 170.6223900899293 172.46158992656888 115.19982638875807 101.1632344283238
149.09057649630307 132.79683731173722 178.06740296865118 179.2567990342347 134.45817193462062 114.05261943506602
152.9411651583706 134.892549831338 173.07512819582138 181.02486017119307 137.01824696003084 128.3393937962931
117.95338062132852 119.46547618454463 161.36604351597643 165.71662559924397 108.32358930537707 94.68368391650169
121.85647295076286 115.74973002128341 161.31026005806325 169.03845716285983 112.51666543228163 95.93226777263216
116.87600266949585 112.4144118874444 153.51221449773956 164.6298879304727 108.57716150277645 91.49863386958299
133.69367973094316 126.07537428062626 167.0628624201082 168.65645555388622 119.73721226085064 111.61541112229978
148.93287078412206 141.088624630053 186.39474241512286 180.7484439767048 139.79270367225894 117.75822688882505
136.23509092741122 134.68110483657313 176.00568172647155 164.76346682441468 125.52688954961005 111.97321108193691
128.04686642007292 116.45170672858342 161.77762515255316 169.1360399205326 109.53994705129266 101.06433594498111
144.58215657542254 132.04923324275686 172.9566419655516 177.33865906789754 125.98015716770638 114.63856244737195
111.89727431890377 111.28342194594845 158.07276805319756 165.07574019219177 110.0 84.3741666625514
178.9525076661403 174.07182425654074 210.92178645175562 214.15648484227603 174.7426679434648 169.66437457521835
132.15142829345433 124.5672509129105 166.79928057398809 174.5078794782631 122.43773928001121 103.69185117452577
145.8320952328396 143.77760604489143 184.33393610510248 172.99132926248066 133.19909909605244 120.49481316637659
130.77843858985318 111.20251795710384 164.5326715275723 166.7932852365466 111.17553687749837 106.28734637763802
131.0228987620103 128.03124618623377 163.20232841476252 178.15162081777422 120.51555916146263 107.37318100903968
131.60547101089682 112.61882613488741 166.4752233817393 175.29118631579854 105.69295151522641 100.59821071967433
129.1239714383042 107.89810007595129 163.52675622050356 169.88819853068077 112.08032833642129 89.01123524589467
139.52777501271925 122.38872497088937 174.72263734273244 171.36218952849546 119.84573417523045 112.38327277669039
139.34489585198304 125.00399993600205 174.80560631741764 178.2806775845324 117.49893616539683 113.30048543585328
132.85330255586422 121.58536096093148 165.56569693025182 172.71074083565273 122.21702009131134 103.6532681587995
132.94359706281458 115.02608399836969 167.13467623446667 178.1544273937642 114.97391008398384 97.19053451854249
131.44580632336658 124.06046912695437 168.40427548016706 178.32834883999794 119.25183436744275 105.22357150372724
142.74102423620198 131.14114533585558 166.94010902116963 181.9560386467017 128.9418473576364 111.6288493177279
128.07810117268292 126.55828696691498 164.82718222429213 176.02556632489498 126.98425099200294 107.50813922675809
180.96961070853857 175.6160584912439 219.93635443009416 218.99086738948728 173.88789492083686 161.4806489954756
121.92620719107111 125.19185277005849 160.26852467031696 164.67847461037522 117.17081547894082 109.83624174196785
176.30938715791623 167.38578195294843 213.38931557132847 215.79620015190258 166.31295800387895 157.08278072405008
117.02991070662235 108.77040038539897 152.62372030585547 165.6109899734918 109.10087075729506 81.64557550780079
184.1032319107951 183.73622397339074 219.1255347968374 216.30302818037475 175.524927004685 171.27755252805312
130.08458786497346 116.60617479361889 165.02121075789015 167.56192885020153 122.83729075488436 104.0096149401583
114.63856244737195 104.01442207694085 156.11534197509224 165.74981146293953 108.8898526034451 78.35815209663893
121.25180411028943 110.4943437466371 154.68678030135607 167.8541033159452 119.10079764636339 89.33084573650918
134.29445260322558 119.3984924527944 156.31698564135633 178.3647947325929 126.19033243477885 104.9809506529637
129.42565433483426 135.36617007214173 170.28505512815855 173.45316370709415 133.43163043296744 115.32996141506335
115.987068244697 107.92590050585633 156.50878569588355 166.85322891691368 110.66164647247935 90.74690077352504
100.88607436113271 98.01530492734285 148.87578715157142 158.4013888827999 100.72239075796404 65.83312236253116
144.69968901141425 144.5925309274307 175.8180878066873 179.95277158187923 144.91721774861674 127.53038853543887
109.27030703718188 101.58247880417174 157.78466338652817 169.76748805351394 107.4569681314339 71.21797525905943
105.33755265810954 95.58765610684259 158.67577004697347 162.69910878674168 100.29456615390487 0.0
182.4910956731862 185.55861607589122 219.99772726098786 217.00230413523263 180.69864415650716 177.867928531256
134.6996659238619 121.33836985883731 162.62226169869857 179.70253197993623 135.0074072041975 106.07544484940895
178.39562774911272 171.95929750961417 215.88654427731248 214.57399656062708 171.9069515755544 154.34053258946594
132.05680595864797 131.9772707703868 172.20046457544765 166.45119404798513 135.68345514468592 104.76163419878482
133.51029922818688 141.54151334502538 168.47254969282088 173.52233285660955 141.2515486640766 113.6001760562016
149.85326155943352 139.4668419374297 181.13530854032848 181.18222870910932 140.3958688850922 117.88977903109328
185.77136485475904 177.69074258384987 223.07622015804375 220.39963702329456 175.76120163449042 165.45392107774296
101.42484902626181 106.94858577840101 154.82570845954493 157.25775020646836 97.35502041497398 79.47955712005447
95.70788891204319 116.25403218813531 156.56947339759432 163.99085340347492 110.80162453682708 89.87769467448528
172.73100474437123 164.42931612093994 212.3534788978038 212.72282435131402 165.743778163767 149.06374475371265
178.78199014442143 168.87273314540747 217.2855264392914 216.89167803306793 171.23667831396403 156.16977940690063
110.85125168440814 112.16505694733989 163.425824152733 167.20944949374123 114.89560478973945 98.16312953446422
111.33732527773424 106.86907878334125 167.95237420173612 167.10774967068403 107.87492757819122 100.61808982484213
125.40334923757021 127.43233498606232 162.8803241647069 175.968747225182 126.44761761298629 120.55704044144414