197
98
118
17
84
175
119
153
75
29
109
40
146
135
120
161
41
9
8
129
21
69
0
150
18
116
80
163
91
184
57
15
43
101
92
65
38
183
159
12
128
142
130
2
30
60
148
181
99
34
134
179
117
105
58
44
32
70
50
94
194
10
140
3
49
164
110
56
143
73
86
11
187
157
90
103
67
152
59
190
162
137
178
19
54
82
115
27
196
198
85
155
132
156
61
108
151
102
95
93
4
174
48
158
63
180
195
62
55
22
126
136
173
36
167
72
191
192
189
168
185
122
26
104
114
125
188
79
68
5
6
33
81
52
14
28
149
172
7
139
76
45
16
46
25
35
47
144
100
78
170
96
112
20
124
111
177
107
66
53
71
77
88
166
145
171
176
23
83
13
138
165
141
133
31
42
89
87
186
113