21.97726097583591 29.614185789921695 34.132096331752024 37.16180835212409 36.15245496505044
20.688160865577203 28.39013913315678 34.08812109811862 36.742346141747674 36.823905279043935
29.103264421710495 31.416556144810016 34.249087579087416 35.397740040855716 39.0
27.54995462791182 34.79942528261063 40.4103947023535 41.53311931459037 43.116122274620196
28.844410203711913 37.17526059088221 40.3732584763727 42.28474902373195 43.15089802078283
25.238858928247925 33.98529093593286 37.429934544425805 40.18706259482024 40.48456495999432
30.430248109405877 37.76241517699841 40.22437072223753 41.617304093369626 44.31703961232068
25.514701644346147 35.25620512760839 40.162171256046406 40.85339643163099 42.579337712087536
29.154759474226502 36.138621999185304 38.98717737923585 41.617304093369626 41.47288270665544
18.867962264113206 29.29163703175362 34.92849839314596 37.97367509209505 38.65229618017538
21.400934559032695 31.304951684997057 35.77708763999664 36.16628264005025 38.13135192987524
19.313207915827967 31.670175244226233 35.90264614203248 37.66961640367472 38.948684188300895
23.83275057562597 30.397368307141328 34.95711658589707 36.60601043544625 39.293765408777
0.0 28.35489375751565 34.11744421846396 36.932370625238775 38.23610858861032
27.03701166919155 34.336569426778794 36.945906403822335 37.107950630558946 40.50925820105819
19.570385790780925 30.28200785945344 34.91418050019218 38.40572873934304 38.24918299781056
20.396078054371138 31.52776554086889 35.63705936241092 35.888716889852724 38.62641583165593
17.578395831246947 28.407745422683583 34.88552708502482 37.8549864614954 38.3275357934736
24.06241883103193 32.264531609803356 36.069377593742864 37.960505792204614 38.50973902793941
22.60530911091463 34.249087579087416 38.50973902793941 39.66106403010388 40.92676385936225
23.40939982143925 33.13608305156178 37.33630940518894 39.52214569073901 40.0
24.63736998950984 32.41913015489465 37.376463182061514 40.50925820105819 40.755367744629666
18.81488772222678 29.93325909419153 33.645207682521445 37.17526059088221 36.27671429443411
19.519221295943137 30.01666203960727 35.93048844644336 36.864617182333525 39.0
22.181073012818835 32.71085446759225 34.9857113690718 38.91015291668744 37.94733192202055
23.83275057562597 34.058772731852805 37.97367509209505 40.69397989875161 40.98780306383839
27.331300737432898 35.510561809129406 38.768543949960254 42.15447781671598 41.38840417314975
21.236760581595302 32.60368077380221 37.26929030716845 39.98749804626441 40.38564101261734
26.1725046566048 35.45419580247167 38.301436004411116 39.56008088970496 40.45985664828782
22.538855339169288 34.438350715445125 36.24913792078372 40.3732584763727 40.47221268969612
20.074859899884732 31.701734968294716 34.91418050019218 37.134889255254286 37.960505792204614
26.019223662515376 35.4259791678367 38.84584919911006 41.60528812542944 41.773197148410844
22.20360331117452 31.953090617340916 35.651086939951774 38.3275357934736 38.144462245521304
20.71231517720798 31.575306807693888 33.15116890850155 37.429934544425805 36.78314831549904
22.715633383201094 33.85262175962151 37.469987990390386 38.62641583165593 40.17461885320133
29.916550603303182 39.102429592034305 41.916583830269374 45.39823785126467 44.710177812216315
28.071337695236398 37.067505985701274 40.32369030731191 43.3358973600409 42.567593307585526
29.93325909419153 38.62641583165593 40.570925550201586 44.24929377967517 43.3358973600409
22.15851980616034 32.202484376209235 37.72267222772003 39.88734135035826 41.41255848169731
29.29163703175362 37.255872020394314 41.012193308819754 44.27188724235731 44.02272140611028
20.591260281974 31.496031496047245 34.9857113690718 38.49675310984031 38.02630668366309
21.77154105707724 32.37282811247729 34.20526275297414 38.1051177665153 36.851051545376556
22.60530911091463 32.2335229225724 35.651086939951774 39.8622628559895 39.331920878594275
19.87460691435179 30.610455730027933 34.10278580995987 38.01315561749642 37.69615364994153
30.93541659651604 23.259406699226016 30.083217912982647 29.410882339705484 33.12099032335839
31.827660925679098 21.095023109728988 27.147743920996454 30.116440692751194 30.708305065568176
31.85906464414798 22.24859546128699 30.18277654557314 31.575306807693888 35.4259791678367
32.55764119219941 21.633307652783937 31.400636936215164 32.71085446759225 34.66987164671943
31.336879231984796 22.44994432064365 29.832867780352597 28.844410203711913 32.218007387174026
32.264531609803356 20.952326839756964 28.0178514522438 28.19574435974337 29.782545223670862
32.2490309931942 22.44994432064365 26.90724809414742 29.631064780058107 29.393876913398138
30.298514815086232 20.0 31.591137997862628 32.0624390837628 33.645207682521445
31.304951684997057 21.863211109075447 29.93325909419153 31.496031496047245 32.341923257592455
29.5296461204668 16.55294535724685 29.93325909419153 30.95157508108432 32.7414110874898
31.480152477394387 22.693611435820433 26.851443164195103 29.647934160747187 30.643106892089126
31.496031496047245 21.587033144922902 27.23967694375247 32.61901286060018 30.919249667480614
29.748949561287034 20.223748416156685 29.715315916207253 31.22498999199199 31.192947920964443
28.35489375751565 0.0 28.495613697550013 32.43454948045371 33.015148038438355
30.528675044947494 22.090722034374522 28.635642126552707 30.23243291566195 31.11269837220809
30.56141357987225 21.494185260204677 31.52776554086889 32.4037034920393 34.0
31.32091952673165 19.519221295943137 31.32091952673165 33.06055050963308 32.817678162843876
28.337254630609507 17.578395831246947 31.921779399024736 32.29551052391029 35.0
30.773365106858236 23.345235059857504 30.93541659651604 30.04995840263344 32.202484376209235
27.16615541441225 21.587033144922902 28.071337695236398 31.68595903550972 30.886890422961002
32.14031735997639 25.632011235952593 31.22498999199199 32.57299494980466 33.77869150810907
28.30194339616981 21.095023109728988 28.30194339616981 32.72613634390714 32.7566787083184
30.56141357987225 22.538855339169288 29.5296461204668 32.55764119219941 31.559467676119
28.844410203711913 18.275666882497067 30.95157508108432 33.555923471125034 34.66987164671943
32.77193921634788 24.20743687382041 32.802438933713454 34.38022687534217 35.270384177096794
26.851443164195103 17.05872210923198 29.68164415931166 32.48076353782343 34.07345007480164
30.24896692450835 22.02271554554524 31.0 32.202484376209235 33.391615714128
28.21347195933177 21.494185260204677 30.72458299147443 32.64965543462902 35.04283093587046
27.54995462791182 21.18962010041709 31.606961258558215 32.848135411313685 34.27827300200522
28.35489375751565 18.81488772222678 30.886890422961002 34.698703145794944 35.749125863438955
29.546573405388315 22.24859546128699 30.512292604784715 32.60368077380221 33.896902513356586
29.93325909419153 22.759613353482084 32.37282811247729 33.76388603226827 35.24202037341219
29.171904291629644 18.841443681416774 27.2213151776324 33.0 32.109188716004645
29.0516780926679 20.8806130178211 29.29163703175362 32.49615361854384 32.64965543462902
30.01666203960727 21.88606862823929 27.51363298439521 31.096623610932426 32.90896534380867
32.01562118716424 21.42428528562855 29.444863728670914 33.51119216023208 34.56877203488721
30.430248109405877 22.090722034374522 26.90724809414742 30.822070014844883 31.496031496047245
28.687976575562104 21.0 31.12876483254676 33.331666624997915 33.51119216023208
34.92849839314596 26.758176320519304 27.820855486487112 25.612496949731394 27.964262908219126
31.080540535840107 29.597297173897484 30.331501776206203 35.04283093587046 33.76388603226827
32.109188716004645 21.79449471770337 28.583211855912904 31.921779399024736 31.54362059117501
31.11269837220809 26.645825188948457 27.09243436828813 33.166247903554 32.0
31.22498999199199 22.737634001804146 27.440845468024488 29.68164415931166 31.32091952673165
29.0516780926679 23.45207879911715 25.337718918639855 33.015148038438355 30.854497241083024
32.95451410656816 25.059928172283335 26.981475126464083 30.528675044947494 29.5296461204668
31.11269837220809 22.315913604421397 29.966648127543394 34.02939905434711 31.622776601683793
31.71750305430741 22.978250586152114 32.49615361854384 34.49637662132068 34.292856398964496
29.9833287011299 21.79449471770337 28.124722220850465 32.93933818400121 29.949958263743873
37.881393849751625 31.096623610932426 26.589471600616662 26.70205984563738 28.19574435974337
36.945906403822335 31.096623610932426 25.475478405713993 26.70205984563738 26.019223662515376
38.768543949960254 34.39476704383968 26.589471600616662 28.548204847240395 26.324893162176366
38.62641583165593 32.12475680841802 24.73863375370596 29.46183972531247 26.720778431774775
38.7556447501522 33.555923471125034 23.280893453645632 26.570660511172846 24.289915602982237
35.08560958569767 30.773365106858236 21.79449471770337 27.874719729532707 26.664583251946766
35.566838487557476 29.30870177950569 21.37755832643195 27.367864366808018 27.477263328068172
35.70714214271425 32.046840717924134 23.979157616563597 26.476404589747453 25.826343140289914
36.38681079732051 31.622776601683793 26.076809620810597 28.460498941515414 29.732137494637012
34.597687784012386 30.315012782448235 18.841443681416774 27.0 25.199206336708304
35.298725189445584 28.071337695236398 22.360679774997898 25.80697580112788 23.49468024894146
34.583232931581165 29.427877939124322 28.5657137141714 26.267851073127396 28.319604517012593
33.85262175962151 27.60434748368452 24.859605789312106 29.0516780926679 28.24889378365107
34.39476704383968 28.407745422683583 21.79449471770337 24.228082879171435 22.20360331117452
36.193922141707716 31.432467291003423 26.115129714401192 27.459060435491963 28.142494558940577
36.90528417449187 30.463092423455635 23.83275057562597 25.96150997149434 25.019992006393608
36.27671429443411 31.811947441173732 23.194827009486403 28.35489375751565 26.038433132583073
36.29049462324811 29.715315916207253 23.302360395462088 25.942243542145693 24.879710609249457
37.26929030716845 34.07345007480164 26.248809496813376 27.2213151776324 25.592967784139454
36.6742416417845 31.22498999199199 27.184554438136374 26.019223662515376 25.826343140289914
34.56877203488721 29.715315916207253 19.519221295943137 25.632011235952593 24.677925358506133
33.406586176980134 26.343879744638983 21.307275752662516 26.758176320519304 26.267851073127396
34.51086785347479 28.583211855912904 21.470910553583888 24.919871588754223 23.600847442411894
32.87856444554719 29.782545223670862 20.663978319771825 27.94637722496424 28.687976575562104
34.23448553724738 35.12833614050059 28.178005607210743 27.386127875258307 27.712812921102035
32.72613634390714 27.2213151776324 26.92582403567252 28.160255680657446 28.231188426986208
35.24202037341219 30.397368307141328 24.657656011875904 30.757112998459398 29.866369046136157
33.03028912982749 28.407745422683583 17.86057109949175 28.30194339616981 27.51363298439521
35.651086939951774 31.575306807693888 27.147743920996454 28.0178514522438 25.514701644346147
32.18695387886216 26.720778431774775 17.320508075688775 28.42534080710379 26.795522013948524
34.20526275297414 29.359836511806396 25.099800796022265 25.729360660537214 24.698178070456937
37.72267222772003 35.22782990761707 28.583211855912904 27.586228448267445 27.730849247724095
36.42801120017397 29.782545223670862 20.566963801203133 27.367864366808018 25.238858928247925
34.39476704383968 28.722813232690143 24.919871588754223 26.627053911388696 26.664583251946766
33.97057550292606 32.58834147360065 23.15167380558045 25.84569596664017 25.13961017995307
34.11744421846396 28.495613697550013 0.0 26.49528259898354 24.859605789312106
35.0 29.715315916207253 23.259406699226016 27.94637722496424 24.186773244895647
35.156791662493895 28.178005607210743 20.049937655763422 27.129319932501073 23.748684174075834
36.98648401781386 35.014282800023196 26.0 28.42534080710379 25.573423705088842
36.013886210738214 31.25699921617557 29.103264421710495 28.965496715920477 27.440845468024488
35.59494346111537 32.109188716004645 21.97726097583591 28.792360097775937 24.677925358506133
37.027017163147235 30.610455730027933 23.979157616563597 28.861739379323623 25.826343140289914
37.05401462729781 32.01562118716424 22.47220505424423 28.513154858766505 24.596747752497688
33.04542328371661 27.676705006196094 22.978250586152114 30.59411708155671 28.982753492378876
37.3496987939662 31.89043743820395 27.110883423451916 28.930952282978865 26.664583251946766
37.82856063875548 31.63858403911275 27.073972741361768 31.85906464414798 29.274562336608895
36.742346141747674 32.31098884280702 25.25866188063018 30.166206257996713 27.53179979587241
35.07135583350036 31.464265445104548 28.24889378365107 30.166206257996713 28.39013913315678
38.50973902793941 32.14031735997639 31.575306807693888 22.24859546128699 31.670175244226233
40.149719799769464 34.438350715445125 30.23243291566195 19.697715603592208 29.765752132274432
42.07136793592526 38.05259518088089 36.823905279043935 27.09243436828813 35.832945734337834
42.485291572496 38.50973902793941 32.264531609803356 22.24859546128699 30.83828789021855
44.0 39.97499218261337 35.86084215408221 29.223278392404914 34.92849839314596
41.14608122288197 35.73513677041127 29.9833287011299 20.12461179749811 29.444863728670914
42.81354925721529 37.82856063875548 35.90264614203248 28.478061731796284 34.68429039204925
40.28647415696737 34.655446902326915 29.0 19.924858845171276 28.513154858766505
43.0 38.379682124790975 35.76310948449533 27.331300737432898 33.03028912982749
42.24926034855522 37.376463182061514 31.064449134018133 22.338307903688676 30.215889859476256
43.89760813529594 39.761790704142086 34.77067730142742 25.709920264364882 33.36165463522455
41.41255848169731 37.3496987939662 30.740852297878796 19.672315572906 29.34280150224242
43.162483709814474 38.948684188300895 32.96968304366907 23.727621035409346 31.22498999199199
41.0 35.4259791678367 29.478805945967352 21.97726097583591 28.337254630609507
45.155287619502545 39.102429592034305 35.958309192730404 29.816103031751148 33.54101966249684
40.95119045888654 36.09709129556009 29.748949561287034 20.71231517720798 28.372521918222215
45.0 39.68626966596886 38.63935817272331 33.301651610693426 37.456641600656084
39.56008088970496 34.77067730142742 30.675723300355934 20.174241001832016 29.103264421710495
39.1279950930277 33.45145736735546 31.85906464414798 24.474476501040833 30.967725134404045
43.289721643826724 37.416573867739416 33.94112549695428 28.071337695236398 33.61547262794322
39.01281840626232 34.292856398964496 32.7414110874898 22.67156809750927 30.983866769659336
38.144462245521304 32.264531609803356 27.51363298439521 18.083141320025124 26.13426869074396
42.035699113967404 37.456641600656084 30.315012782448235 20.952326839756964 29.03446228191595
37.94733192202055 31.304951684997057 27.712812921102035 15.620499351813308 27.23967694375247
38.61346915261564 34.19064199455752 27.367864366808018 14.035668847618199 25.865034312755125
36.6742416417845 28.513154858766505 29.103264421710495 21.18962010041709 29.748949561287034
35.76310948449533 33.36165463522455 31.448370387032774 19.364916731037084 30.903074280724887
36.318039594669756 31.28897569432403 29.58039891549808 21.0 28.442925306655784
39.59797974644666 34.813790371058424 29.698484809834994 18.110770276274835 27.16615541441225
37.027017163147235 32.14031735997639 30.14962686336267 20.024984394500787 28.930952282978865
38.353617821530214 33.45145736735546 28.089143810376278 18.138357147217054 26.77685567799177
39.433488306260706 31.480152477394387 27.51363298439521 19.77371993328519 27.477263328068172
36.932370625238775 32.43454948045371 26.49528259898354 0.0 25.099800796022265
40.80441152620633 33.896902513356586 29.274562336608895 23.043437243605826 28.861739379323623
38.06573262134856 32.41913015489465 28.19574435974337 22.9128784747792 24.43358344574123
37.8021163428716 31.38470965295043 25.98076211353316 22.11334438749598 23.043437243605826
38.24918299781056 32.264531609803356 28.478061731796284 21.0 25.67099530598687
40.82891132518721 35.05709628591621 29.512709126747414 22.869193252058544 28.089143810376278
35.41186241925155 30.133038346638727 28.600699292150182 20.54263858417414 27.349588662354687
39.344631145812 34.292856398964496 27.055498516937366 22.090722034374522 24.535688292770594
38.704004960727254 33.37663853655727 31.811947441173732 22.627416997969522 30.757112998459398
42.81354925721529 37.376463182061514 31.416556144810016 25.39685019840059 30.643106892089126
38.24918299781056 33.36165463522455 28.478061731796284 15.0 25.15949125081825
43.634848458542855 38.1051177665153 33.075670817082454 28.21347195933177 31.20897306865447
37.322915213043046 32.72613634390714 27.80287754891569 19.974984355438178 24.879710609249457
38.01315561749642 32.202484376209235 29.478805945967352 25.553864678361276 26.888659319497503
38.7556447501522 33.85262175962151 29.664793948382652 20.8806130178211 26.90724809414742
40.792156108742276 35.58089374931439 30.59411708155671 22.360679774997898 30.692018506445613
38.7556447501522 31.937438845342623 25.88435821108957 20.73644135332772 25.729360660537214
42.17819341792628 37.296112397943034 35.4259791678367 33.301651610693426 32.2335229225724
38.948684188300895 34.42382895611701 29.68164415931166 25.079872407968907 23.515952032609693
40.22437072223753 34.64101615137755 26.981475126464083 26.795522013948524 24.08318915758459
37.77565353504821 33.63034344160047 26.43860813280457 23.430749027719962 21.61018278497431
37.094473981982816 31.811947441173732 25.495097567963924 23.280893453645632 20.199009876724155
38.28837943815329 33.04542328371661 25.495097567963924 24.49489742783178 18.547236990991408
40.44749683231337 35.7211421989835 27.459060435491963 25.298221281347036 25.92296279363144
38.71692136521188 33.27160951922825 25.357444666211933 22.516660498395403 19.364916731037084
38.948684188300895 32.449961479175904 26.210684844162312 24.392621835300936 20.273134932713294
38.58756276314948 32.60368077380221 24.919871588754223 24.020824298928627 17.0
39.382737335030434 33.0 26.739483914241877 25.357444666211933 18.947295321496416
39.96248240537617 37.16180835212409 30.24896692450835 29.34280150224242 25.98076211353316
38.157568056677825 34.72751070837067 25.45584412271571 26.30589287593181 22.22611077089287
38.23610858861032 33.015148038438355 24.859605789312106 25.099800796022265 0.0
38.92300091205713 34.539832078341085 27.2213151776324 23.979157616563597 24.06241883103193
37.5099986670221 33.21144381083123 26.210684844162312 23.430749027719962 21.702534414210707
38.118237105091836 31.670175244226233 26.664583251946766 24.020824298928627 19.1049731745428
37.881393849751625 33.71943060017473 25.238858928247925 24.06241883103193 20.273134932713294
39.179076048319466 32.41913015489465 26.057628441590765 24.186773244895647 16.76305461424021
36.959437225152655 31.906112267087632 28.071337695236398 22.978250586152114 26.758176320519304
38.65229618017538 33.28663395418648 24.859605789312106 24.289915602982237 20.199009876724155
37.94733192202055 34.438350715445125 25.80697580112788 24.899799195977465 25.25866188063018
37.8021163428716 33.66006535941367 25.592967784139454 23.93741840717165 24.596747752497688
36.45545226711637 32.848135411313685 25.865034312755125 23.043437243605826 23.388031127053
36.53765181289022 30.315012782448235 23.345235059857504 20.46948949045872 20.223748416156685
36.41428291206625 32.0 22.759613353482084 21.95449840010015 20.149441679609886
38.7556447501522 34.11744421846396 27.53179979587241 28.284271247461902 23.194827009486403
39.0 34.07345007480164 26.362852652928137 25.903667693977237 19.72308292331602
40.66939881532551 37.656340767525464 30.495901363953813 30.166206257996713 28.39013913315678
39.92492955535426 36.38681079732051 27.349588662354687 25.768197453450252 25.099800796022265
40.54626986542659 35.7211421989835 28.284271247461902 29.698484809834994 25.13961017995307
40.06245124802026 35.79106033634656 29.512709126747414 29.30870177950569 24.71841418861655
38.43175770115127 36.837480912787726 27.76688675382964 27.294688127912362 26.28687885618983
38.92300091205713 35.70714214271425 26.814175355583846 27.2213151776324 24.63736998950984
37.61648574760805 35.93048844644336 28.827070610799147 30.512292604784715 27.40437921208944
38.144462245521304 35.02855977627399 27.147743920996454 28.053520278211074 25.0
38.47076812334269 34.84250278036869 26.076809620810597 27.784887978899608 23.194827009486403
38.57460304397182 34.87119154832539 27.27636339397171 27.60434748368452 21.166010488516726
37.960505792204614 31.89043743820395 26.43860813280457 26.664583251946766 20.223748416156685
37.907782842049734 34.88552708502482 25.98076211353316 27.477263328068172 23.043437243605826
41.43669871020132 38.40572873934304 30.870698080866262 32.87856444554719 27.40437921208944
37.70941526992961 33.13608305156178 26.832815729997478 27.568097504180443 23.065125189341593
39.14077158156185 35.77708763999664 28.77498913987632 28.21347195933177 23.706539182259394
36.59234892706397 32.14031735997639 25.436194683953808 24.392621835300936 19.82422760159901
37.48332962798263 34.07345007480164 26.248809496813376 25.787593916455254 21.047565179849187
38.39270764090493 34.17601498127012 25.729360660537214 25.37715508089904 19.493588689617926
38.45776904605882 35.17101079013795 27.0 25.98076211353316 24.392621835300936
41.65333119931706 39.585350825778974 32.264531609803356 32.93933818400121 29.0
38.03945320322047 34.88552708502482 28.442925306655784 28.089143810376278 25.079872407968907
39.71145930332956 36.78314831549904 28.861739379323623 28.722813232690143 23.853720883753127
41.255302689472536 37.656340767525464 32.31098884280702 32.92415526630866 28.21347195933177