492
352
41
19
416
165
466
473
156
343
14
268
18
50
418
185
311
479
125
486
484
388
35
445
1
207
362
429
319
77
250
257
262
88
44
226
176
104
216
54
5
96
43
102
0
121
419
431
252
69
134
475
428
23
52
120
25
244
285
241
259
221
302
234
451
246
318
85
218
423
215
277
111
144
65
49
411
331
204
333
93
450
437
76
342
148
357
281
326
400
350
412
406
40
340
112
270
291
261
449
301
158
82
107
402
288
405
279
31
287
4
394
305
494
212
435
378
263
315
368
408
351
409
161
454
127
264
63
303
424
483
74
17
459
308
232
320
223
138
413
321
109
55
211
39
240
38
446
322
193
75
105
432
468
387
222
183
282
84
136
386
3
481
372
228
327
206
11
414
275
488
334
377
317
170
129
376
21
369
36
422
346
103
436
487
168
306
273
123
341
203
13
474
146
296
12
392
98
28
179
289
196
365
316
86
258
356
457
205
117
366
189
81
177
472
293
27
242
278
361
135
7
209
42
461
336
58
100
118
276
359
465
312
230
332
254
235
249
57
236
113
155
149
124
59
142
353
304
495
160
97
489
67
441
339
61
194
169
15
314
175
490
237
471
48
141
159
395
172
300
245
427
166
256
398
380
399
122
354
143
116
47
404
128
496
383
344
375
72
307
195
433
396
164
10
272
101
71
294
202
309
426
335
478
80
214
284
329
78
389
99
464
260
447
448
70
442
274
460
2
345
153
182
476
469
213
197
200
456
217
180
349
393
34
201
225
73
115
310
224
324
271
62
51
453
330
16
443
290
292
491
147
53
208
30
299
265
94
255
91
106
95
119
66
26
455
444
420
415
79
231
22
132
298
8
24
192
137
286
173
33
348
20
247
126
210
452
46
462
430
87
493
154
243
360
497
397
421
379
68
480
371
313
363
150
56
438
439
403
425
347
219
410
188
485
37
151
90
239
325
253
157
83
370
328
373
184
295
269
174
220
367
364
280
401
167
391
267
458
171
385
477
283
323
191
89
251
440