42.01190307520001 51.34199061197374 52.392747589718944
42.0 36.89173349139343 27.568097504180443
46.647615158762406 51.137070702182385 46.10856753359401
41.66533331199932 48.52834223420371 46.776062254106
26.43860813280457 46.17358552246078 45.37620521815371
43.37049688440288 46.98936049788292 45.221676218380054
34.20526275297414 48.30113870293329 46.411205543489174
42.04759208325728 53.43220002957018 52.896124621752776
24.657656011875904 46.61544808322666 45.93473631142341
32.863353450309965 43.2087954009366 41.23105625617661
42.83689998120779 37.12142238654117 27.94637722496424
0.0 47.02127178203499 46.75467891024384
34.38022687534217 41.43669871020132 39.370039370059054
38.79432948254165 47.83304297240559 46.78675026115834
35.63705936241092 52.602281319349636 52.97169055259611
41.677331968349414 51.65268628057983 53.376024580330075
47.958315233127195 33.331666624997915 34.322004603461025
42.22558466143482 33.015148038438355 34.942810419312295
53.73081052803875 44.58699361921591 49.122296363260546
51.73006862551025 46.82947789587238 50.83306010855534
44.76605857119878 36.15245496505044 37.841775856849004
43.657759905886145 40.92676385936225 47.89572005931219
41.90465367951393 39.02563260217571 42.96510211788167
55.80322571321482 37.456641600656084 39.42080668885405
48.569537778323564 36.3318042491699 34.77067730142742
53.291650377896914 45.92385001282014 50.53711507397311
48.187135212627034 45.42025979670306 50.556898639058154
42.28474902373195 38.71692136521188 44.96665431183423
55.09083408335728 40.963398296528084 45.02221673796171
46.636895265444075 41.737273509418415 47.06378650300037
44.64302857109943 42.49705872175156 49.72926703662542
52.640288753007425 43.61192497471305 43.9203825119955
49.558046773455466 42.67317658670374 48.249352327259274
53.094255809833136 40.049968789001575 46.70117771534247
54.89990892524322 39.382737335030434 42.33202097703345
43.56604182158393 30.54504869860253 41.060930335295616
44.19275958796871 41.036569057366385 49.82971001320397
52.706735812417755 42.930175867331364 51.20546845796843
46.42197755374064 33.13608305156178 32.78719262151
51.34199061197374 34.336569426778794 31.906112267087632
51.82663407939975 32.72613634390714 35.805027579936315
54.15717865620402 43.05810028322197 41.12177038990418
54.120236510939236 38.704004960727254 42.62628297189423
41.86884283091664 38.157568056677825 43.60045871318328
46.95742752749558 32.71085446759225 42.46174749112429
53.21653878260028 30.215889859476256 41.641325627314025
48.342527861087284 46.389654018972806 50.941142507800116
43.30127018922193 37.49666651850535 38.03945320322047
53.376024580330075 33.704599092705436 36.09709129556009
46.58325879540846 36.53765181289022 28.42534080710379
47.843494855622744 30.983866769659336 30.28200785945344
45.43126676640219 43.30127018922193 50.457903246171455
42.649736224272246 34.95711658589707 41.86884283091664
43.30127018922193 33.04542328371661 40.2119385257662
44.27188724235731 43.78355855797927 49.77951385861457
52.009614495783374 34.0 31.76476034853718
42.391036788453285 40.422765862815474 45.98912915026767
47.042533945356304 43.749285708454714 38.691084244306204
46.94677837722201 27.147743920996454 28.178005607210743
55.614746245937326 40.44749683231337 38.897300677553446
51.18593556827891 36.4828726939094 35.86084215408221
47.54997371187496 29.966648127543394 24.839484696748443
39.331920878594275 41.689327171351664 47.50789408087881
57.62811813689564 43.3589667773576 46.52956049652737
45.28796749689701 29.866369046136157 39.25557285278104
54.055527006958314 32.96968304366907 38.39270764090493
43.40506882842141 32.7566787083184 41.20679555607303
43.197222132910355 39.48417404479927 44.22668877499196
54.67174773134658 40.32369030731191 43.32435804486894
45.661800227323496 36.60601043544625 40.80441152620633
54.38749856354859 35.0 40.963398296528084
53.178943201233324 36.59234892706397 34.08812109811862
43.520110293977886 30.708305065568176 38.91015291668744
41.617304093369626 39.534794801541594 44.31703961232068
51.87484939737175 38.67815921162743 38.897300677553446
48.0 45.155287619502545 49.31531202375181
41.689327171351664 44.598206241955516 51.264022471905186
52.08646657242167 43.88621651498338 43.87482193696061
45.42025979670306 36.41428291206625 42.9767378938886
46.238512086787566 42.41462012089699 47.958315233127195
50.18964036531842 49.01020301937138 56.66568626602876
52.687759489277965 35.679125549822544 33.25657829663178
53.76802023508026 37.94733192202055 46.76537180435969
54.38749856354859 41.02438299353203 46.8187996428785
46.16275555033516 43.634848458542855 46.57252408878007
47.51841748206689 45.28796749689701 48.76474136094644
53.693575034635195 38.262252939417984 45.59605246071199
44.96665431183423 35.11409973215888 30.757112998459398
48.425200051213004 43.657759905886145 49.82971001320397
55.09990925582364 42.17819341792628 42.40283009422838
53.49766350038102 43.57751713900185 44.474711915874174
47.686476070265456 27.622454633866266 22.978250586152114
50.714889332423866 33.090784215548595 31.144823004794873
48.78524367060187 44.48595283907045 50.438080851673966
52.05766033928148 40.607881008493905 47.30750469005948
51.42956348249516 39.54743986657038 46.292547996410825
50.73460357586329 31.827660925679098 28.319604517012593
45.71651780264984 34.10278580995987 37.389838191679836
47.02127178203499 0.0 32.69556544854363
49.969990994595946 38.781438859330635 47.4236228055175
54.4426303552648 41.2189276910499 45.27692569068709
53.71219600798314 37.30951621235526 41.31585652022719
50.714889332423866 30.870698080866262 30.62678566222711
49.05099387372289 42.62628297189423 43.95452195167182
46.850827100489916 47.031904065219386 49.22397789695587
47.23346271447817 47.45524207081869 45.858477951192405
47.80167361086848 30.528675044947494 31.984371183438952
53.49766350038102 41.02438299353203 46.58325879540846
46.04345773288535 32.848135411313685 39.11521443121589
52.1344415909483 41.6293165929973 43.289721643826724
50.75431016179808 36.45545226711637 32.71085446759225
52.29722745997153 44.69899327725402 41.773197148410844
46.79743582719036 23.853720883753127 36.98648401781386
53.67494760127857 35.298725189445584 39.786932528155525
44.41846462902562 41.92851058647326 50.309044912421065
48.92851929090027 30.708305065568176 28.5657137141714
47.02127178203499 44.721359549995796 49.60846701924985
47.44470465710583 33.436506994600975 33.63034344160047
42.67317658670374 38.8587184554509 41.36423575989287
50.813384063650005 43.57751713900185 45.58508528016593
50.17967716117751 34.161381705077446 28.74021572639983
44.609416046390926 36.013886210738214 29.698484809834994
56.94734409961539 48.27007354458868 46.89349635077342
53.86093203798092 43.86342439892262 39.20459156782532
49.122296363260546 39.06404996924922 37.881393849751625
51.70106381884226 43.81780460041329 39.20459156782532
49.39635614091387 37.960505792204614 33.91164991562634
47.97916214358062 38.43175770115127 35.63705936241092
50.149775672479336 42.77849927241488 38.97435053981015
48.88762624632127 39.433488306260706 38.157568056677825
50.89204259999789 34.942810419312295 30.789608636681304
48.46648326421054 35.298725189445584 30.773365106858236
49.58830507286975 42.07136793592526 36.09709129556009
49.76946855251722 35.552777669262355 29.782545223670862
48.08326112068523 41.916583830269374 38.57460304397182
49.28488612140643 35.832945734337834 33.03028912982749
49.122296363260546 33.1058907144937 28.75760768909681
51.81698563212646 38.41874542459709 36.42801120017397
46.82947789587238 38.62641583165593 37.749172176353746
50.47771785649585 40.82891132518721 37.841775856849004
49.040799340956916 38.600518131237564 33.689761055846034
48.95916665957459 41.012193308819754 41.82104733265297
49.38623289946298 36.05551275463989 31.28897569432403
49.39635614091387 39.28103868280471 28.982753492378876
54.01851534427802 37.881393849751625 34.64101615137755
51.15662224971465 40.8656334834051 37.027017163147235
54.22176684690383 41.72529209005013 40.52159917870962
50.52722038663912 38.47076812334269 28.965496715920477
46.54030511288038 35.482389998420345 31.432467291003423
53.39475629684998 40.39801975344831 35.199431813596085
48.83646178829912 47.958315233127195 51.03920062069938
46.75467891024384 32.69556544854363 0.0
50.59644256269407 35.199431813596085 28.879058156387302
48.938737212968626 35.7211421989835 29.68164415931166
47.02127178203499 36.30426972134269 33.98529093593286
52.583267300539625 43.12771730569565 38.691084244306204
51.70106381884226 42.708313008125245 40.65710270051225
44.14748010928823 32.0624390837628 34.597687784012386
52.92447448959697 42.30839160261236 41.916583830269374
51.86520991955976 42.01190307520001 38.7556447501522