186
263
366
196
354
23
357
457
41
281
115
410
276
318
169
11
141
199
100
135
212
524
25
243
369
102
363
464
81
69
387
204
133
163
44
193
297
225
279
404
97
416
265
4
224
130
142
291
489
267
284
432
181
292
108
361
64
293
13
352
140
202
463
315
31
452
391
187
367
26
273
337
477
134
8
109
430
353
437
336
264
444
502
446
22
47
230
370
506
192
298
365
294
63
412
231
34
496
21
110
216
205
386
61
153
179
84
15
210
359
372
462
364
518
303
75
154
289
68
475
510
350
484
99
79
420
419
232
449
220
234
252
43
382
73
233
118
200
408
295
348
527
119
403
440
443
460
251
338
425
65
72
465
466
60
526
9
330
126
414
377
417
422
127
146
87
0
217
341
29
2
239
300
392
296
456
349
324
474
236
228
415
166
371
331
458
183
33
112
198
431
67
436
389
316
188
447
139
455
152
500
138
275
441
242
411
375
439
83
385
271
520
468
95
165
345
515
226
114
156
478
277
278
122
27
394
116
5
454
194
346
45
505
53
497
157
132
327
121
189
290
398
49
470
453
244
373
176
379
6
301
107
3
149
70
339
509
218
491
429
164
269
111
483
250
340
421
383
104
235
326
162
409
335
16
227
58
103
285
428
482
529
333
351
177
486
374
55
38
397
310
182
360
487
40
117
528
261
238
445
94
504
17
171
321
160
82
175
30
151
36
307
28
145
219
344
508
42
395
150
501
113
323
438
448
245
46
322
325
450
490
320
195
7
358
274
517
495
343
19
258
203
378
51
480
451
260
259
98
12
384
481
514
39
78
241
209
173
396
476
88
80
246
427
37
123
503
376
62
319
471
52
105
48
170
32
418
1
390
56
96
388
222
270
180
485
185
347
255
413
148
240
155
313
311
519
262
362
308
207
50
407
248
309
124
516
174
184
498
287
93
57
280
467
305
128
283
208
473
76
381
380
106
257
237
356
172
461
393
35
328
304
459
306
20
214
120
368
137
190
493
513
159
215
442
268
18
206
423
66
91
147
223
426
85
125
74
89
406
229
433
488
469
247
355
14
253
400
314
249
511
472
317
424
494
434
512