42.1070065428546 51.34199061197374 52.392747589718944
34.66987164671943 36.89173349139343 27.568097504180443
42.61455150532503 51.137070702182385 46.10856753359401
29.698484809834994 48.52834223420371 46.776062254106
39.153543900903784 46.17358552246078 45.37620521815371
42.36744032862972 46.98936049788292 45.221676218380054
38.93584466786357 48.30113870293329 46.411205543489174
48.187135212627034 53.43220002957018 52.896124621752776
33.1058907144937 46.61544808322666 45.93473631142341
14.89966442575134 43.2087954009366 41.23105625617661
33.06055050963308 37.12142238654117 27.94637722496424
34.38022687534217 47.02127178203499 46.75467891024384
0.0 41.43669871020132 39.370039370059054
32.60368077380221 47.83304297240559 46.78675026115834
43.79497688091638 52.602281319349636 52.97169055259611
43.162483709814474 51.65268628057983 53.376024580330075
42.07136793592526 33.331666624997915 34.322004603461025
36.180105030251084 33.015148038438355 34.942810419312295
49.50757517794625 44.58699361921591 49.122296363260546
53.44155686354955 46.82947789587238 50.83306010855534
37.54996671103717 36.15245496505044 37.841775856849004
49.03060268852505 40.92676385936225 47.89572005931219
38.1051177665153 39.02563260217571 42.96510211788167
49.77951385861457 37.456641600656084 39.42080668885405
43.98863489584554 36.3318042491699 34.77067730142742
50.33885179461288 45.92385001282014 50.53711507397311
42.91852746774987 45.42025979670306 50.556898639058154
44.294469180700204 38.71692136521188 44.96665431183423
50.02999100539596 40.963398296528084 45.02221673796171
40.90232267243512 41.737273509418415 47.06378650300037
49.467160824126545 42.49705872175156 49.72926703662542
51.03920062069938 43.61192497471305 43.9203825119955
47.51841748206689 42.67317658670374 48.249352327259274
50.84289527554464 40.049968789001575 46.70117771534247
48.35286961494633 39.382737335030434 42.33202097703345
37.416573867739416 30.54504869860253 41.060930335295616
47.80167361086848 41.036569057366385 49.82971001320397
47.37087712930804 42.930175867331364 51.20546845796843
40.162171256046406 33.13608305156178 32.78719262151
44.74371464239419 34.336569426778794 31.906112267087632
45.27692569068709 32.72613634390714 35.805027579936315
50.06995106848019 43.05810028322197 41.12177038990418
47.46577714522327 38.704004960727254 42.62628297189423
36.9729630946723 38.157568056677825 43.60045871318328
39.98749804626441 32.71085446759225 42.46174749112429
46.8187996428785 30.215889859476256 41.641325627314025
47.042533945356304 46.389654018972806 50.941142507800116
39.05124837953327 37.49666651850535 38.03945320322047
46.95742752749558 33.704599092705436 36.09709129556009
40.049968789001575 36.53765181289022 28.42534080710379
40.26164427839479 30.983866769659336 30.28200785945344
46.021733996015406 43.30127018922193 50.457903246171455
37.960505792204614 34.95711658589707 41.86884283091664
38.79432948254165 33.04542328371661 40.2119385257662
42.731721238442994 43.78355855797927 49.77951385861457
45.50824101193101 34.0 31.76476034853718
41.86884283091664 40.422765862815474 45.98912915026767
42.485291572496 43.749285708454714 38.691084244306204
39.59797974644666 27.147743920996454 28.178005607210743
49.14264950122246 40.44749683231337 38.897300677553446
47.286361670147556 36.4828726939094 35.86084215408221
40.311288741492746 29.966648127543394 24.839484696748443
43.98863489584554 41.689327171351664 47.50789408087881
51.85556864985669 43.3589667773576 46.52956049652737
39.63584236521283 29.866369046136157 39.25557285278104
47.77028364998475 32.96968304366907 38.39270764090493
40.0 32.7566787083184 41.20679555607303
43.81780460041329 39.48417404479927 44.22668877499196
48.093658625644196 40.32369030731191 43.32435804486894
39.585350825778974 36.60601043544625 40.80441152620633
48.579831205964474 35.0 40.963398296528084
46.49731175025068 36.59234892706397 34.08812109811862
38.18376618407357 30.708305065568176 38.91015291668744
35.94440151122286 39.534794801541594 44.31703961232068
44.88875137492688 38.67815921162743 38.897300677553446
43.95452195167182 45.155287619502545 49.31531202375181
47.265209192385896 44.598206241955516 51.264022471905186
46.97871858618538 43.88621651498338 43.87482193696061
47.29693436154187 36.41428291206625 42.9767378938886
46.84015371452148 42.41462012089699 47.958315233127195
50.368641037852115 49.01020301937138 56.66568626602876
46.45427859734774 35.679125549822544 33.25657829663178
51.93264869039514 37.94733192202055 46.76537180435969
48.98979485566356 41.02438299353203 46.8187996428785
46.37887450122092 43.634848458542855 46.57252408878007
43.3358973600409 45.28796749689701 48.76474136094644
50.76416058598822 38.262252939417984 45.59605246071199
36.796738985948195 35.11409973215888 30.757112998459398
48.815980989835694 43.657759905886145 49.82971001320397
47.853944456021594 42.17819341792628 42.40283009422838
49.759421218498915 43.57751713900185 44.474711915874174
40.47221268969612 27.622454633866266 22.978250586152114
44.02272140611028 33.090784215548595 31.144823004794873
46.92547282660026 44.48595283907045 50.438080851673966
46.98936049788292 40.607881008493905 47.30750469005948
46.57252408878007 39.54743986657038 46.292547996410825
43.61192497471305 31.827660925679098 28.319604517012593
40.19950248448356 34.10278580995987 37.389838191679836
41.43669871020132 0.0 32.69556544854363
44.395945760846224 38.781438859330635 47.4236228055175
47.11687595755899 41.2189276910499 45.27692569068709
45.858477951192405 37.30951621235526 41.31585652022719
43.520110293977886 30.870698080866262 30.62678566222711
44.78839135311738 42.62628297189423 43.95452195167182
48.07286136688766 47.031904065219386 49.22397789695587
43.53159771935783 47.45524207081869 45.858477951192405
40.607881008493905 30.528675044947494 31.984371183438952
48.29078587059855 41.02438299353203 46.58325879540846
39.42080668885405 32.848135411313685 39.11521443121589
50.39841267341661 41.6293165929973 43.289721643826724
46.49731175025068 36.45545226711637 32.71085446759225
44.598206241955516 44.69899327725402 41.773197148410844
43.01162633521314 23.853720883753127 36.98648401781386
47.486840282335066 35.298725189445584 39.786932528155525
49.22397789695587 41.92851058647326 50.309044912421065
41.95235392680606 30.708305065568176 28.5657137141714
41.79712908801273 44.721359549995796 49.60846701924985
41.43669871020132 33.436506994600975 33.63034344160047
32.90896534380867 38.8587184554509 41.36423575989287
44.384682042344295 43.57751713900185 45.58508528016593
43.197222132910355 34.161381705077446 28.74021572639983
36.823905279043935 36.013886210738214 29.698484809834994
54.47017532558529 48.27007354458868 46.89349635077342
47.16990566028302 43.86342439892262 39.20459156782532
42.532340636273474 39.06404996924922 37.881393849751625
47.50789408087881 43.81780460041329 39.20459156782532
44.31703961232068 37.960505792204614 33.91164991562634
38.62641583165593 38.43175770115127 35.63705936241092
49.969990994595946 42.77849927241488 38.97435053981015
43.497126341863094 39.433488306260706 38.157568056677825
45.8257569495584 34.942810419312295 30.789608636681304
43.162483709814474 35.298725189445584 30.773365106858236
46.14108798023731 42.07136793592526 36.09709129556009
44.170125650715555 35.552777669262355 29.782545223670862
42.30839160261236 41.916583830269374 38.57460304397182
44.35087372307337 35.832945734337834 33.03028912982749
41.65333119931706 33.1058907144937 28.75760768909681
46.44351407893249 38.41874542459709 36.42801120017397
43.347433603386484 38.62641583165593 37.749172176353746
43.56604182158393 40.82891132518721 37.841775856849004
44.10215414239989 38.600518131237564 33.689761055846034
45.59605246071199 41.012193308819754 41.82104733265297
42.485291572496 36.05551275463989 31.28897569432403
44.9221548904324 39.28103868280471 28.982753492378876
48.14561246884289 37.881393849751625 34.64101615137755
44.50842616853577 40.8656334834051 37.027017163147235
52.09606511052442 41.72529209005013 40.52159917870962
45.70557952810576 38.47076812334269 28.965496715920477
38.600518131237564 35.482389998420345 31.432467291003423
47.06378650300037 40.39801975344831 35.199431813596085
43.76071297408213 47.958315233127195 51.03920062069938
39.370039370059054 32.69556544854363 0.0
44.76605857119878 35.199431813596085 28.879058156387302
41.46082488325576 35.7211421989835 29.68164415931166
39.66106403010388 36.30426972134269 33.98529093593286
48.75448697299562 43.12771730569565 38.691084244306204
47.275786614291256 42.708313008125245 40.65710270051225
39.50949253027682 32.0624390837628 34.597687784012386
46.95742752749558 42.30839160261236 41.916583830269374
49.39635614091387 42.01190307520001 38.7556447501522