42.1070065428546 51.34199061197374 53.49766350038102
34.66987164671943 36.89173349139343 33.03028912982749
42.61455150532503 51.137070702182385 49.56813492557492
29.698484809834994 48.52834223420371 48.7134478352744
39.153543900903784 46.17358552246078 48.33218389437829
42.36744032862972 46.98936049788292 47.97916214358062
38.93584466786357 48.30113870293329 49.84977432245807
48.187135212627034 53.43220002957018 55.90169943749474
33.1058907144937 46.61544808322666 47.90615826801394
14.89966442575134 43.2087954009366 43.41658669218482
33.06055050963308 37.12142238654117 33.34666400106613
34.38022687534217 47.02127178203499 49.122296363260546
0.0 41.43669871020132 41.65333119931706
32.60368077380221 47.83304297240559 49.4368283772331
43.79497688091638 52.602281319349636 54.872579673275794
43.162483709814474 51.65268628057983 54.46099521676041
42.07136793592526 33.331666624997915 35.79106033634656
36.180105030251084 33.015148038438355 38.781438859330635
49.50757517794625 44.58699361921591 50.19960159204453
53.44155686354955 46.82947789587238 50.50742519669756
37.54996671103717 36.15245496505044 41.58124577258358
49.03060268852505 40.92676385936225 48.815980989835694
38.1051177665153 39.02563260217571 44.75488800120049
49.77951385861457 37.456641600656084 38.561638969317684
43.98863489584554 36.3318042491699 40.149719799769464
50.33885179461288 45.92385001282014 53.3572862878164
42.91852746774987 45.42025979670306 53.61902647381804
44.294469180700204 38.71692136521188 48.13522618623496
50.02999100539596 40.963398296528084 44.384682042344295
40.90232267243512 41.737273509418415 46.04345773288535
49.467160824126545 42.49705872175156 49.63869458396343
51.03920062069938 43.61192497471305 47.53945729601885
47.51841748206689 42.67317658670374 50.98038838612354
50.84289527554464 40.049968789001575 46.71188285650665
48.35286961494633 39.382737335030434 41.50903516103452
37.416573867739416 30.54504869860253 42.391036788453285
47.80167361086848 41.036569057366385 49.678969393496885
47.37087712930804 42.930175867331364 49.3254498205541
40.162171256046406 33.13608305156178 34.55430508634199
44.74371464239419 34.336569426778794 39.35733730830886
45.27692569068709 32.72613634390714 33.83784863137726
50.06995106848019 43.05810028322197 41.15823125451335
47.46577714522327 38.704004960727254 40.8166632639171
36.9729630946723 38.157568056677825 46.475800154489
39.98749804626441 32.71085446759225 42.261093218230876
46.8187996428785 30.215889859476256 41.36423575989287
47.042533945356304 46.389654018972806 53.646994324006634
39.05124837953327 37.49666651850535 42.80186911806539
46.95742752749558 33.704599092705436 33.97057550292606
40.049968789001575 36.53765181289022 35.679125549822544
40.26164427839479 30.983866769659336 27.964262908219126
46.021733996015406 43.30127018922193 49.44694126030446
37.960505792204614 34.95711658589707 40.74309757492672
38.79432948254165 33.04542328371661 40.64480286580315
42.731721238442994 43.78355855797927 45.967379738244816
45.50824101193101 34.0 39.03844259188627
41.86884283091664 40.422765862815474 48.78524367060187
42.485291572496 43.749285708454714 44.54211490264017
39.59797974644666 27.147743920996454 27.730849247724095
49.14264950122246 40.44749683231337 36.24913792078372
47.286361670147556 36.4828726939094 40.95119045888654
40.311288741492746 29.966648127543394 28.982753492378876
43.98863489584554 41.689327171351664 50.49752469181039
51.85556864985669 43.3589667773576 44.94441010848846
39.63584236521283 29.866369046136157 39.4715087119811
47.77028364998475 32.96968304366907 40.36087214122113
40.0 32.7566787083184 41.0
43.81780460041329 39.48417404479927 46.78675026115834
48.093658625644196 40.32369030731191 41.23105625617661
39.585350825778974 36.60601043544625 36.823905279043935
48.579831205964474 35.0 40.82891132518721
46.49731175025068 36.59234892706397 34.741905532080416
38.18376618407357 30.708305065568176 43.439613257946945
35.94440151122286 39.534794801541594 46.33573135281238
44.88875137492688 38.67815921162743 41.593268686170845
43.95452195167182 45.155287619502545 51.01960407529639
47.265209192385896 44.598206241955516 52.62128846769148
46.97871858618538 43.88621651498338 46.4327470649756
47.29693436154187 36.41428291206625 44.609416046390926
46.84015371452148 42.41462012089699 50.309044912421065
50.368641037852115 49.01020301937138 56.39148871948674
46.45427859734774 35.679125549822544 35.874782229304195
51.93264869039514 37.94733192202055 46.54030511288038
48.98979485566356 41.02438299353203 45.17742799230607
46.37887450122092 43.634848458542855 50.89204259999789
43.3358973600409 45.28796749689701 46.87216658103186
50.76416058598822 38.262252939417984 45.0111097397076
36.796738985948195 35.11409973215888 32.63433774416144
48.815980989835694 43.657759905886145 51.22499389946279
47.853944456021594 42.17819341792628 46.20606020859169
49.759421218498915 43.57751713900185 47.19110085598767
40.47221268969612 27.622454633866266 27.367864366808018
44.02272140611028 33.090784215548595 37.26929030716845
46.92547282660026 44.48595283907045 52.716221412388805
46.98936049788292 40.607881008493905 45.81484475582123
46.57252408878007 39.54743986657038 46.08687448721165
43.61192497471305 31.827660925679098 29.614185789921695
40.19950248448356 34.10278580995987 42.41462012089699
41.43669871020132 0.0 33.1058907144937
44.395945760846224 38.781438859330635 46.17358552246078
47.11687595755899 41.2189276910499 43.69210454990696
45.858477951192405 37.30951621235526 40.620192023179804
43.520110293977886 30.870698080866262 27.94637722496424
44.78839135311738 42.62628297189423 45.98912915026767
48.07286136688766 47.031904065219386 48.49742261192856
43.53159771935783 47.45524207081869 50.813384063650005
40.607881008493905 30.528675044947494 29.866369046136157
48.29078587059855 41.02438299353203 45.24378410345447
39.42080668885405 32.848135411313685 35.651086939951774
50.39841267341661 41.6293165929973 47.31807265728392
46.49731175025068 36.45545226711637 40.4103947023535
44.598206241955516 44.69899327725402 45.9782557302906
43.01162633521314 23.853720883753127 35.93048844644336
47.486840282335066 35.298725189445584 40.22437072223753
49.22397789695587 41.92851058647326 50.950956811427986
41.95235392680606 30.708305065568176 32.202484376209235
41.79712908801273 44.721359549995796 53.009433122794285
41.43669871020132 33.436506994600975 32.58834147360065
32.90896534380867 38.8587184554509 39.64845520319802
44.384682042344295 43.57751713900185 43.0
43.197222132910355 34.161381705077446 32.41913015489465
36.823905279043935 36.013886210738214 30.512292604784715
54.47017532558529 48.27007354458868 45.05552130427524
47.16990566028302 43.86342439892262 40.54626986542659
42.532340636273474 39.06404996924922 35.91656999213594
47.50789408087881 43.81780460041329 44.54211490264017
44.31703961232068 37.960505792204614 32.01562118716424
38.62641583165593 38.43175770115127 34.942810419312295
49.969990994595946 42.77849927241488 38.781438859330635
43.497126341863094 39.433488306260706 40.45985664828782
45.8257569495584 34.942810419312295 32.109188716004645
43.162483709814474 35.298725189445584 27.202941017470888
46.14108798023731 42.07136793592526 39.72404813208241
44.170125650715555 35.552777669262355 30.23243291566195
42.30839160261236 41.916583830269374 39.736632972611055
44.35087372307337 35.832945734337834 32.03123475609393
41.65333119931706 33.1058907144937 0.0
46.44351407893249 38.41874542459709 37.70941526992961
43.347433603386484 38.62641583165593 39.6232255123179
43.56604182158393 40.82891132518721 40.55859958134649
44.10215414239989 38.600518131237564 34.14674215792775
45.59605246071199 41.012193308819754 44.76605857119878
42.485291572496 36.05551275463989 33.406586176980134
44.9221548904324 39.28103868280471 31.827660925679098
48.14561246884289 37.881393849751625 35.79106033634656
44.50842616853577 40.8656334834051 37.36308338453881
52.09606511052442 41.72529209005013 40.779897008207364
45.70557952810576 38.47076812334269 28.948229652260256
38.600518131237564 35.482389998420345 23.769728648009426
47.06378650300037 40.39801975344831 36.959437225152655
43.76071297408213 47.958315233127195 50.1398045468867
39.370039370059054 32.69556544854363 28.75760768909681
44.76605857119878 35.199431813596085 30.380915061926625
41.46082488325576 35.7211421989835 25.573423705088842
39.66106403010388 36.30426972134269 34.813790371058424
48.75448697299562 43.12771730569565 39.67366884975475
47.275786614291256 42.708313008125245 39.7994974842648
39.50949253027682 32.0624390837628 36.851051545376556
46.95742752749558 42.30839160261236 39.21734310225516
49.39635614091387 42.01190307520001 38.82009788756334