118.76447280226525 130.18448448259878 179.31815301301762 170.5637710652529 133.70115930686615 134.27211177307072
125.10395677195825 133.47658970770868 170.220445305492 179.02513789968157 132.4462154989715 133.33041663476493
103.05823596394418 120.797350964332 171.63041688465364 163.67040050051813 115.33429672044652 116.00431026474836
112.60550608207397 122.84543133547946 167.21842003798506 169.3546574499798 131.21356637177422 120.85528536228773
129.80754985747168 133.69741957120937 175.31685600648902 176.91523393987302 143.00699283601483 132.8457752433249
120.55704044144414 121.23943252918994 170.37605465557652 169.30150619530826 136.94889557787604 128.7400481590713
93.57884376289333 113.60457737256893 168.37755194799573 162.82505949638096 115.32562594670796 115.21718621802913
108.80716888146662 122.71919165313956 164.8666127510358 166.50525517232182 119.08820260630354 120.73524754602526
116.68761716651858 128.68177804180357 174.8828179095934 177.12425017484196 138.08330818748513 126.54643416548726
119.17214439624723 127.92575972023774 171.49344010777787 175.49643871030545 132.66876045248935 125.45915670049756
111.31936040060597 122.24156412611875 174.34448657758008 160.09684569035082 120.0541544470661 118.83602147497197
101.31140113531151 106.46595700034824 161.1955334368791 159.39573394542276 111.71839597846005 101.97058399362044
115.65465835840769 122.98373876248843 173.71240600486772 167.7110610544218 120.06248373242992 119.34822998268554
109.75882652433926 117.05554237198682 170.16756447690022 168.03571049035975 109.39835464941875 113.10614483749325
98.41747812253675 111.14405067298924 169.33989488599548 167.5022387910084 111.48542505637228 104.82366145102927
86.48121183239745 109.42577392917995 153.39165557487146 153.0098036074813 104.04806581575652 106.20263650211326
98.2191427370449 122.55610959882824 164.3380661928331 163.2360254355637 121.01239605924675 117.89402020458883
91.43850392476902 119.54078801814885 160.39638399914134 158.9528231897754 107.95369377654477 117.40102214205803
98.79777325425913 118.51582172857766 165.61702811003462 160.1873902652765 119.858249611781 119.44454780357285
84.38009243891595 114.34596626029271 158.53706191297982 158.96855034880326 116.3915804515086 108.01851693112621
115.20850663036997 129.6919426949878 174.33588270921163 161.68487869927725 134.1118935814419 132.102233137824
88.44772467395643 117.88977903109328 164.84841521834537 163.8596960817394 114.60366486286553 109.77704678119193
105.13800454640558 119.83738982471205 159.68719422671313 162.07097210790093 120.66068125118473 111.3822247937255
80.76509146902515 128.2107639786925 171.82258291621622 160.52414148656894 113.78927893259541 118.76447280226525
86.3365507765975 117.28171212938528 164.86964547787443 154.4182631685773 112.69871339105873 109.37092849564732
86.19164692706596 116.22392180614109 161.70034013569668 158.72617931519676 121.21056059601408 114.9565135170687
91.12628599915614 128.94572501638044 167.833250579258 162.93250136176025 123.97983707038819 122.22111110606056
102.56705123966468 141.5167834569455 171.65080832900264 165.77997466521703 134.70337783441067 136.95254652615992
97.56023780208821 129.2555608088101 173.418568786621 161.91664522216362 124.99199974398361 121.04544601099208
106.10843510296436 133.06389442670013 174.52506983238825 163.15636671610457 125.80143083447024 127.63620176109912
57.85326265648291 114.39405578962571 160.0656115472652 154.84831287424478 118.67602959317438 108.77040038539897
88.94380248224157 133.4241357476225 171.85749910900017 164.47492210060474 127.03542812932147 126.86607111438424
72.6773692424265 117.99576263578281 164.4810019424736 162.0586313653179 120.24558203942463 111.82128598795491
96.64367542679655 123.10564568694646 160.76069171286866 149.80320423809366 122.54386969571347 118.79393923933998
94.26027795418386 121.55657119218195 167.38876903783 169.1389960949278 120.25805586321442 119.12598373151006
96.5090669315583 115.60709320798617 168.606049713526 161.5704180844996 121.4207560510146 110.20889256316842
190.40220586957494 178.96368346678608 222.42526834871975 223.26217771937996 192.07290282598427 173.09246084101989
77.10382610480494 115.19548602267365 164.27111736394806 159.72476326481126 115.02173707608489 107.36386729249277
100.85633346498375 121.98770429842509 165.4992447112675 168.40724449975423 116.69190203266035 118.17783210061013
76.4591394144611 110.83771921146699 158.025314427784 156.08010763707205 111.19802156513397 102.78132126023678
90.86803618434813 126.4199351368288 168.78092309262917 166.29491874377882 130.927460832325 123.8587905640936
117.88553770501282 130.3533658944026 170.83032517676713 159.4741358339966 129.1743008496659 129.1239714383042
109.62207806824317 142.80056022299073 176.40578221815747 172.41809649801846 137.5281789307195 136.68577102244404
89.39798655450804 131.8142632646407 167.35590817177624 172.20627166279397 134.32423459673984 125.57866060760483
76.21679604916491 113.50770898930169 160.28412273210344 156.09612423119287 115.41230437002807 105.8158778255891
85.70297544426332 120.68139873236471 165.46600859391032 161.00931650062986 115.74973002128341 113.21219015636082
80.06247560499239 119.80400661079746 163.5481580452681 156.3873396410336 105.93866149805746 112.49888888340186
76.17086057016817 118.38496526164123 163.682619724881 157.41346829290052 122.86984984120393 112.79184367674819
97.38583059151881 129.24782396620841 169.00887550658396 165.75584454250776 122.76400123814798 119.40686747419514
84.16056083463323 122.2620137246234 161.11796920269322 163.21764610482532 122.13107712617621 115.0
62.55397669213365 106.58330075579383 154.4247389507264 151.28780519261954 107.3126274023705 100.60318086422517
110.09087155618307 141.37538682528864 171.53425313913255 172.4441938715247 136.0183811107896 139.6352391053204
93.36487562247379 123.28828005937953 164.9151296879701 161.57970169547906 119.3901168438996 117.23054209547954
93.64827814754524 121.68401702770993 158.89619252832964 162.6806687962648 122.20883765096532 119.98333217576514
72.8285658241325 116.3915804515086 159.54936540143305 158.1043958908164 110.24971655292362 108.07404868885037
97.81104232140663 121.5236602477065 161.7127082204735 166.48723674804626 126.0317420335052 119.89578808281799
103.66773847248719 128.3822417626363 167.31108749870702 166.7932852365466 128.2497563350512 121.78259317324459
107.37318100903968 134.32795688165587 174.58808664969095 173.56266879718115 136.3011371926148 130.11149065320865
90.79647570252934 134.86660075793412 174.60240548171151 168.67424225411537 132.9699214108213 129.2749008895385
88.08518604169488 125.15590277729612 167.4305826305338 160.76691201861158 116.67904696216884 118.33427229674419
81.54140052758476 129.6225289060509 172.31656913947654 167.72000476985446 127.61661333854617 121.09913294487289
92.61209424259879 118.56643707221703 163.90546055577283 160.72958657322553 115.08257904652642 109.65856099730654
97.11848433743187 122.82914963476708 167.50522379914005 165.57475653009428 114.23221962301179 115.89650555560335
90.91754506144565 124.77579893553076 169.74687036879354 163.17781711985242 116.26263372210352 116.10340218959993
72.72551134230683 124.9879994239447 167.38279481475985 164.56609614376833 124.2014492669067 116.40017182117903
105.21406750050109 137.11673858431726 175.09426032854418 166.9520889357183 128.75169901791588 132.31779925618474
98.29038610159185 127.94530081249565 169.5670958647343 168.08926200087856 124.7477454706096 118.9243456992722
68.19824044651006 115.78428218026832 158.81750533237826 156.3009916795156 114.27160627207444 105.3897528225586
89.15716460273958 119.04620951546504 166.5863139636627 163.15636671610457 111.65124271587845 114.01315713548152
72.38093671679029 125.04399225872469 167.6573887426379 160.39326669159152 118.490505948789 111.63780721601441
94.54099639838793 124.28596059088895 167.55894485225193 163.1349134918703 116.71760792613941 110.74294559925703
95.75489543621255 126.84636376341263 172.07265907168403 170.7161386629864 127.18490476467717 123.45444503945575
96.16652224137046 126.67675398430448 169.941166289984 163.19620093617377 121.52777460317456 115.68923891183657
97.59098319004681 127.38524247337287 169.646691685986 163.45947510009935 128.81381913443914 120.86355943790502
87.86353054595519 128.23026163897507 167.11074172536007 165.8282243769136 122.89426349508751 120.48236385463227
64.13267497929586 107.68472500777443 155.60526983364028 154.40207252495026 104.22091920531118 96.01562372864116
96.6126285741155 135.2442235365341 178.10109488714548 164.17977951014552 127.94139283281233 125.42726976220123
97.03092290605093 134.92219980418344 175.34822496963008 170.71028088548152 125.52290627610564 125.27170470621049
83.76753547765387 123.39367893048654 166.78429182629878 160.79800993793424 121.92620719107111 112.34322409473569
102.20078277586722 137.17871555019022 173.4041521994211 167.65440644373174 131.293564198707 125.07197927593535
84.5872330792301 116.72189169131899 164.5265935950781 152.4073489041785 107.19141756689292 109.13752791776072
102.52316811335865 133.2816566523691 166.98802352264667 162.27754003558226 125.92060990957755 126.36850873536493
102.0 141.18427674496903 174.1952927033334 174.89139487121716 138.68309197591464 131.78011989674314
74.62573282722254 121.35897165022452 164.77560499054465 163.3217682980441 119.20570456148481 111.23398761170077
69.49100661236676 123.8305293536291 167.83027140536953 158.67577004697347 114.46396812971321 113.25634640054393
95.98958276813167 128.2380598730346 166.88319268278636 164.2954655491137 129.24782396620841 124.18534535121283
85.47514258543241 135.38463723776047 169.24538398432023 166.89817254841347 129.6803763103732 125.5706972187381
97.81615408509987 140.09639538546307 176.19875141441838 168.55562879951532 133.5926644692739 132.664991614216
59.00847396772772 112.46777316191515 162.0678870103513 157.60393396105314 111.29690022637648 101.31140113531151
67.75691846593969 116.3958762156117 166.5863139636627 162.81891781976688 121.98360545581525 113.57376457615553
89.73850901368932 137.94926603646718 173.08090593707902 165.96385148579796 133.30416347586447 129.3715579252256
100.1049449328054 139.29106216839614 174.63962895059072 174.66539439740203 137.30986854556377 132.80436739806413
0.0 113.1238259607586 159.6746692496966 153.89281984550158 111.26994203287786 105.33755265810954
79.58014827832379 126.7911668847637 170.51979357247652 166.21070964291079 124.1370210694618 124.55922286205868
73.92563831310488 129.81525334104617 169.51401122031183 161.58589047314743 127.16131487209465 122.24974437601087
188.60805921274945 191.76548177396265 229.19642231064603 223.91516250580264 189.27757394894937 174.57663073848116
184.1086635658409 178.21616088334974 220.3950997640374 217.60744472558838 179.66914036639682 168.7187008010671
183.98097727754356 178.28628662911794 218.57950498617203 221.32781117609238 185.97849338028308 166.10538823289266
194.09533739891847 187.20576914187234 229.58876279121327 224.7798923391503 197.0989599160787 181.73332110540434
171.7701953192113 164.2985088185526 194.72801544718726 201.48945381830782 167.68422704595682 167.05388352265265
148.20931144837022 134.4953530795767 178.06740296865118 183.81784461798043 148.8321201891581 138.06520198804623
190.34967822405164 182.90981384277882 223.1837807727076 223.45916852973386 186.05375567292373 168.46661390317072
194.73571834668647 189.26964891392387 226.36254107073458 227.88374228979126 191.85150507619167 176.0454486773231
122.05326705991938 115.62006746235707 165.68946858506126 160.00624987793447 125.13193037750197 120.55289295574785
185.3699004693049 174.22112386275091 217.91282660733856 220.5697168697462 177.09037240911772 166.84723551800312
188.89415025352162 183.07375562870828 222.76669409945464 221.7385848245632 184.19554826325202 168.5852899869974
188.65047044733285 176.11359970201053 218.27276513573563 219.91361940543837 186.11286898008962 175.30259553126987
184.73765182008782 182.7867610085588 223.1456923178218 218.38269162184076 186.57170203436533 166.75730868540666
193.33649422703414 187.64860777527767 225.26650882898682 227.99561399290118 186.9598887462228 174.38749955200345
109.48515881159419 114.37657102746174 156.46405337968207 161.4249051416788 126.07934009979589 113.04423912787418
189.89734068701435 187.7338541659442 223.56878136269384 222.4589849837493 194.11336893681485 189.48614725092702
128.06638903318856 96.91233151668574 163.63679292872982 156.26899884494046 125.22779244241272 122.91053657030385
180.39401320442983 171.77601695230913 216.2868465718616 216.9354742774911 179.36833611315015 162.77591959500643
182.01922975334227 181.18498834064593 218.4651001876501 213.88782106515555 184.4776409216033 183.49114420047633
113.1238259607586 0.0 152.46966911487675 159.34867429633672 107.97221864905805 95.58765610684259
146.68674105044394 129.22847983320085 175.0571335307419 183.94564414522026 152.78743403827423 137.648102057384
127.8436545159751 105.68348972285122 166.70332930088708 163.5328713133846 127.06297651164952 122.0245876862528
135.26270735128733 118.3934119788766 168.25575770237404 160.0218735048431 127.92575972023774 135.2701001699932
114.88254871824527 89.77193325310535 155.22242106087637 150.5489953470298 113.82881884654694 102.18610473053565
182.1647605877712 166.1535434470177 214.69047487021868 215.45533179756774 177.97471730557686 164.7604321431575
192.41361698175106 182.62529945218432 224.26100864840504 226.37137628242667 194.0257714840995 177.25405496066938
136.51373557265217 137.6117727521886 190.92930628900322 183.19115699181552 150.35624363490862 145.89722409970656
156.4288975860918 158.85528005074303 201.79692762775156 189.7814532561072 166.5562967888035 164.56609614376833
189.30662957223657 180.21653642216077 221.00452484055614 226.15481423131368 193.41147845978531 177.96909844127435
187.16837339678943 181.94229854544545 218.5543410687603 215.58524995926786 185.92202666709505 174.32727841620198
111.43159336561602 102.77159140540736 154.50242716540086 163.25440269714014 119.27279656317278 109.7679370308106
146.30105946301276 154.48300877442801 199.39408215892468 182.10161998181127 159.90309565483716 156.46085772486356
185.04053609952604 181.4359391079948 220.17265951975054 212.75572847751948 185.878992895916 189.1877374461675
109.08712114635715 96.55568341635825 155.5313473226539 156.43209389380428 112.97344820797495 111.6422858956229
188.10635289643994 177.70481141488546 223.4323163734378 224.90220096744272 186.7270735592458 169.85876486069242
171.1636643683466 168.4280261714184 211.7663807123312 210.6751053162191 176.38594048279472 170.4083331295744
144.11453778158537 133.19909909605244 176.69465187152667 176.62955585065598 147.02380759591284 142.44648117801998
109.5627673984187 116.59759860305871 166.4932431061393 169.08281994336386 130.12686117785213 123.18279100588686
98.15294188153507 86.91950298983537 146.11639196202458 144.30869689661813 107.10275439968852 102.60604270704528
109.94089321085217 91.19210492142398 160.86951233841668 159.9874995116806 119.18053532351665 111.00900864344298
131.60547101089682 106.09901036296239 160.37456157383565 165.13327950476852 124.84790747145104 121.82774724995944
178.24701961042715 169.54940282997165 213.3682263131041 216.94008389414807 181.3918410513549 167.40370366273262
121.74974332621815 101.91172650877817 160.37767924496225 158.50552040859648 126.76750372236569 118.59595271340417
122.86984984120393 114.93476410555685 165.5143498310645 162.32683080747927 128.2107639786925 130.47221926525202
178.90500272490985 179.8999722067794 213.0704108974308 211.0071088849852 181.64801127455263 180.8120571200936
114.0175425099138 84.36231386110744 151.2679741386127 151.56186855538567 109.05503197927182 105.1284928076114
181.4359391079948 177.87636155487328 217.59825366946308 216.35618780150477 181.8130908378162 175.45654732725137
135.05184189784308 125.90472588429714 172.7859948028196 170.89763017666453 144.81712605904042 136.84662947986698
132.34047000067667 111.87939935484101 170.5051318875769 168.3181511305302 136.53204751998703 128.41339493993607
182.14280112043957 170.83617883809038 216.16197630480713 215.55741694499866 183.24027941476186 165.3178756214826
175.66160650523494 176.22712617528552 212.20037700249262 211.0071088849852 176.74275091216612 178.85468962260956
184.68622038473796 169.4815624190431 217.20727427966128 218.6869909253863 183.62461708605412 169.9499926448954
121.8400590938793 115.42096863222038 170.60773722196774 167.6722994414999 135.94851966829208 126.81088281373961
180.92263539977523 168.01785619391768 216.67256402230532 216.7256330017287 180.14993755202914 167.07782617690475
173.65770930194836 167.00898179439332 212.13910530592892 213.030514246199 180.18878988438766 160.42755374311483
190.23669467271554 174.16945771288374 220.22715545545242 219.1049976609388 187.6832437912346 174.8656627242753
120.72696467649637 101.65628362280415 164.38065579623412 164.61470165206995 134.49907062875937 126.70832648251653
102.36698686588367 95.4567965102538 155.39305003763843 159.78735869899094 123.5394673778384 113.1238259607586
111.70049238924598 84.41563836162112 153.96428157205813 158.86472232689044 117.27744881263405 111.61093136427094
186.65208276362736 179.13123680698462 224.17626993060617 222.49943820153794 194.24726510301247 175.02285565034072
182.18122845123204 170.3789893149974 219.23047233448182 219.99772726098786 186.45374761586316 165.53549468316456
125.05598746161657 91.85858696931932 149.52257354660534 162.09256614663116 122.60505699195282 109.83168941612435
120.76423311560423 107.33592129385204 166.41514354168612 161.46516652207063 124.42266674525185 123.83860464330176
106.94391053257777 77.78174593052023 152.6532017351749 152.10522673465235 103.02426898551623 98.75727821279807
122.14745187681976 94.11163583744573 160.70469812671936 161.4032217770141 119.08400396358866 109.41663493271945
97.67292357659824 89.57120072880568 156.249799999872 154.71586861081832 104.47487736293353 94.03190947758107
120.94626906192683 98.87871358386495 162.51769134466562 169.0295832095672 127.07871576310488 112.22299229658778
119.63695081370136 95.91663046625439 162.9570495560103 156.57586020839867 116.96153213770756 114.6778095361086
187.59264377901388 173.19930715796758 217.94265300762032 217.2418007658747 179.82213434391218 177.94100145834855
111.97767634667188 83.60621986431393 155.53456207544355 155.59562975867928 109.73604694903129 107.2147377928986
182.55136263528684 170.5637710652529 219.93862780330335 218.8515478583599 190.51509126575775 168.97632970330488
183.2129908057832 179.22611416866684 123.81841543163117 206.78007640969668 174.18381095842403 187.3739576355263
164.83021567661677 167.37980762326143 114.8781963646714 199.08289730662452 174.5279347267938 172.2120785543221
233.32380932943812 231.18607224484782 204.84628383253624 257.40046620004404 232.6349070969359 222.7015940670385
221.18996360594664 215.8842282335604 188.48607375612661 249.43536236869062 220.15449121014996 206.60832509848194
225.21989254948153 221.98873845310263 194.5970195044107 253.62373705944796 224.5373020235168 211.8773229961149
172.70205557549104 172.89013852733186 110.80613701415639 196.07396563542034 162.48384535085327 173.33205127730994
181.9752730455432 184.27696546231707 133.3079142436787 209.59484726490774 178.06178702910964 185.86285266292455
169.93528179868946 161.78071578528758 107.40577265678041 205.25837376341067 165.64721549123607 172.0
213.58136622842358 218.20632438130662 184.70787747142785 240.19159019416145 214.8720549536398 215.974535536021
170.00882330043933 178.51050389262812 122.73141407154078 204.15190422819964 174.20103329199858 178.67568385205638
171.81967291320282 170.3965962101356 99.67948635501689 200.3272322975586 164.86054712999106 177.7526371112395
168.422088812602 168.48442064475873 104.57533169921098 194.12109622604135 164.60558921251732 176.05112893702216
174.78272225823696 162.03703280423275 99.2622788374315 201.50434238497195 175.54486605993353 176.28102563804194
181.89282558693733 174.53939383417142 112.0490963818986 207.79316639389276 169.8646520027048 184.06792224611002
175.47079529084036 175.09711591000007 116.85888926393234 205.24375751773792 169.26015479137433 179.42129193604643
180.26092199919538 179.10053042914194 118.50738373620439 203.12803843881326 162.61303760769 182.94808006644945
167.74683305505354 167.6663353210775 116.04740410711477 204.1470058560742 161.70343224557726 167.32304085211933
172.6267650163207 175.9119097730452 112.90704141017954 199.19086324427633 166.3640586184408 178.2806775845324
173.4733408913312 174.99714283381886 110.95494581135173 205.07559581773742 171.03216071838654 183.88311504866346
174.97142623868618 171.8778636125083 108.13417591122614 202.85955732969546 171.41761869772895 179.39620954747065
170.0676336049867 172.2149819266605 115.70220395480806 201.275930006546 168.25575770237404 176.84739183827395
175.0028571195339 170.60187572239644 111.66915420114903 204.3257203584512 168.05058762170395 176.91806012954132
181.92580905413064 169.48746266317164 109.96817721504708 203.7253052519495 165.74679484080528 176.9887002042786
184.29053149850102 183.3684814792335 132.53301475481496 208.51858430365385 174.64821785520743 186.50737250843463
171.21915780659592 171.11107503607124 114.11397810960759 199.8874683415646 166.844238737812 174.73408368146153
216.66564102321345 211.36461387848252 180.68204116624318 247.05262597268623 214.2545215392198 203.16495760834349
221.8873588107263 217.211878128246 189.86310858089308 252.99604739995445 219.8522230954238 209.41824180333478
171.75272923595713 171.0555465338672 102.02450685987166 195.94386951369518 165.64419700067975 177.98595450203368
168.09818559401526 167.6007159889241 102.00490184299969 194.59188061170485 161.22034611053283 174.10054566255673
165.9276950963883 170.80690852538723 106.05658866850281 195.9617309578582 163.37380450978057 177.85949510779568
173.85626246989207 171.64789541383837 105.45141061171255 198.13884021059576 169.86759549719895 176.38594048279472
166.7872896835967 162.9570495560103 86.95976080923866 195.4149431338351 154.40531078949326 169.13308369446824
171.68284713389394 169.4048405447731 108.77040038539897 204.9634113689563 167.48134224444226 174.0775689168481
221.39557357815445 219.97954450357423 193.18902660347973 251.31852299422738 223.92632717034414 210.14280858501917
180.5408541023333 173.5857136978732 101.98529305738157 202.2918683486808 164.08534364774937 181.95878654244757
180.93645293306707 179.61347388211163 121.90980272316087 208.35786522231408 173.60011520733505 183.03005217723125
170.5608395851756 159.7185023721422 98.59513172565875 201.40009930484146 167.86303941010956 173.44451562387323
169.15968786918472 166.25883435174205 95.12623192369179 196.56551070826234 166.87720036002523 175.08569330473577
184.24440290006098 175.21130100538608 116.17228585166085 206.37102509800158 164.13713778423212 184.42884806884197
219.17116598676935 215.87264764207623 188.94972876402866 250.3297824870225 220.0840748441377 205.94659501919423
175.07712586171843 175.35392781457733 111.13955191559843 197.7953487825232 159.06916734552928 182.46095472730596
167.72894800838642 163.6765102267274 91.64605828948673 195.70896760240703 167.6186147180557 171.64206943520577
170.0441119239358 166.38509548634457 92.9569792968769 194.3347627162984 164.78470802838473 173.59435474692143
160.69847541280532 162.9202258775748 93.06986622962343 196.49681931267997 162.34839081432253 166.5292767053289
170.33496411482875 171.62459031269384 101.45935146648632 204.67290978534507 168.70388258721255 178.7568180517879
180.4826861502233 178.3900221424954 109.40749517286281 206.5502360201992 168.78092309262917 184.43427013437605
170.36725037400822 168.25575770237404 91.37286249209882 201.26102454275642 166.6913315082701 176.16185739256952
179.3376703316958 170.78348866327798 100.55844071981228 200.9701470368174 167.9613050675661 179.6941846582688
163.50229356189473 163.48700254148645 89.96110270555825 193.28217714005604 164.2985088185526 170.30267173476756
168.17253045607657 171.4497010787712 111.59749101122301 193.69821888700992 169.25424662323837 173.65483005087995
178.42925769054804 168.90825912311098 107.12142642814275 197.86864329650618 162.191245139804 178.46848461283017
174.04884371922728 176.0454486773231 112.7785440586994 196.99746191258404 167.5768480429203 180.43004184447778
169.3280839081338 170.18519324547597 103.19883720275146 201.02984853001308 167.77067681809 176.61257033405067
170.79227148791014 175.8379936191266 115.89650555560335 204.12006270820123 170.8010538609174 179.404570733301
175.82377541163197 166.73631877908304 106.91117808723277 203.60009823180343 160.61444517850816 176.71445894436596
166.44518617250546 162.15116404145854 84.26149773176358 192.84449693989197 163.84443841644426 172.18013822738092
176.70597047072292 172.74258305351347 104.99047575851822 198.36330305779848 178.02247049178933 177.9578601804371
174.4906874305904 174.92855684535903 110.63905277974861 197.83831782544047 172.9624236647949 182.9289479552102
166.92513291892266 165.24224641416615 97.01546268507923 195.58374165558854 163.75286257039906 172.26723426119082
159.59323293924464 160.53348560347152 83.2706430862642 195.31256999998746 166.75431028911967 167.89282295559866
161.47135968957468 160.1749044014074 89.02246907382428 193.68014869882768 165.26342608090877 167.8541033159452
168.63273703525067 170.17050273181894 106.32497354808042 201.11688143962456 170.33496411482875 175.43374817862156
173.94539373033135 170.19400694501556 111.60197130875422 193.2097306038182 173.216627377397 181.8213408816468
217.5385023392411 214.83016547961788 187.05881428042892 248.48339984795766 220.3043349550798 205.65748223684935
155.50884219233322 153.63593329686907 90.13878188659973 189.8789087813599 159.03458743304867 158.97484077677197
162.67144801716125 161.13658802394943 87.74964387392122 190.5019684937665 167.59176590751707 167.36188335460378
173.6145155221763 168.55562879951532 105.50829351287983 195.83411347362338 162.42844578459773 176.67484257811014
166.5022522370193 164.98484778912274 96.1405221537724 195.2690451658941 159.81239000778382 170.89470442351336
172.3890947827037 166.00903589865223 101.08412338245805 198.0631212517868 167.49626861515452 177.9213309302738
171.5546560137614 167.2064592053788 105.43718509140881 195.71918659140192 155.55706348475468 173.58283325260018
159.4051442080838 158.97484077677197 88.01136290275251 192.91708063310517 169.01183390520322 168.53486286225768
151.53877391611692 150.2165104108067 74.81978348003956 188.54442447338505 157.3944090493687 158.67577004697347
162.82505949638096 158.93080255255745 77.31752712031083 193.56910910576616 161.32885668720274 166.29491874377882
164.27111736394806 159.68719422671313 83.81527307120105 194.37592443510076 157.08596372687154 165.54455593585675
167.8272921785965 160.25292509030842 101.86265262597475 188.28967045486058 157.02547564010115 168.6238417306402
160.12495120998477 157.534123287623 86.09297300012354 190.2077811236964 160.3527361787132 166.70932787339765
161.7930777258409 158.64425612041552 83.86298349093002 192.25503894566717 161.09624452481813 165.46600859391032
163.43500237097317 153.19921670818033 78.1728853247723 188.88091486436633 160.7109205996904 161.74362429474616
162.96318602678338 162.62226169869857 91.92932067626738 194.8383945735542 167.14065932620943 171.71196813268432
166.27086335254293 153.64569632762255 91.83681179135085 189.7919914011126 153.39817469578966 163.43194302216443
169.54940282997165 165.94577427581578 94.91575211733824 197.08373854785685 173.18198520631412 175.19988584471167
174.51360978445206 166.8891847903872 104.55142275454696 192.681083658983 171.5925406304132 177.49647883831386
220.70115541156554 216.48094604375694 189.55474143370827 247.34995451788544 221.92341021172146 209.5304273846641
157.56585924622124 150.69173832695674 86.88498144098322 184.91619723539634 154.5639026422405 155.92626462530293
166.83524807426036 162.24364394329905 91.37833441248533 186.51273414970893 164.49620056402517 169.42254867637897
164.14932226482082 163.63984844774208 99.37303457175895 193.75758049686726 166.02409463689298 170.98830369355676
166.9221375372362 165.08785539826968 90.4599358832406 196.96700231257012 167.46940019000485 174.6682569902156
163.7345412550449 160.0 94.15412895885129 191.29035521949348 159.6120296218302 166.7063286141231
165.98192672697832 158.24980252752292 81.89017035029296 194.91793144808406 156.02243428430413 165.62608490210712
173.824624262502 168.23198269056928 100.174847142384 195.45331923505418 173.84475833340503 177.41758650145144
163.89020715100705 161.67560112769027 82.17055433669655 193.3726971420733 155.9967948388684 168.01190434013895
165.8010856418015 156.03525242713584 93.20944158184835 193.1657319505714 157.9145338466349 167.17655337995217
164.0944849774056 161.07762104029226 93.24698386543128 190.6410239166796 155.9166443969341 167.84814565552995
166.08130538986018 166.68533228811705 92.72000862812729 198.83661634618508 163.49923547221866 175.98011251274957
155.74337867145428 153.74329253661767 68.41052550594829 188.70347108625214 160.14056325615942 159.76858264377262
160.738918747141 160.822883943797 90.53728513711906 189.62594759156775 162.75748830699004 167.81239525136397
171.31257980662133 164.67240205936147 106.84568311354465 181.78833845986932 158.60327865463563 175.03713891628828
155.42844012599497 160.0718588634492 92.79008567729636 190.32340896484595 161.68797110484132 167.5708805252273
159.63708842245902 157.8955350857015 89.57678270623477 194.2652825391094 161.49612998459128 166.80527569594435
168.1398227666486 158.99685531481433 89.37001734362593 192.22382786741085 153.7400403278209 165.65325230734229
161.0527863776346 158.26875876179733 93.75499986667377 194.29101883514844 159.03773137214955 159.76232346833217
180.06943105369106 170.45233937966356 109.36635680134911 203.07141600924538 171.23667831396403 178.51330482627898
159.76232346833217 158.21820375671064 77.76888838089432 188.34808201837362 156.82155464093577 167.0269439342048
176.0113632695344 168.89345754054537 98.3666610188635 198.9899494949431 169.34875257881293 179.11448852619378
169.99705879808627 161.5116094898444 85.04704580407247 197.1801207018598 156.07690412101337 169.49631264425784
159.6746692496966 152.46966911487675 0.0 192.33564412245588 159.03144343179434 161.2637591029057
173.72104075212076 160.32467059064865 91.12079894294168 195.33560863293718 169.66437457521835 173.44451562387323
174.09480176042018 166.6553329479738 91.03296106356203 202.25726192154386 169.95881854143374 175.10282693320517
164.12495239907915 160.13119621110684 93.4826187052973 199.18333263604163 160.099968769516 168.02083204174417
166.37608001152088 170.5051318875769 99.79478944313676 197.3068675946177 161.00931650062986 173.10979175078455
173.35512683506076 168.55562879951532 96.82974749528164 196.01785632946812 167.07184083501323 178.98603297464302
230.05434140654683 219.57231155134292 254.33639141892377 198.4338680769994 231.80163933846544 215.96990531090205
156.32018423735306 164.12495239907915 196.30078960615518 90.13878188659973 161.8486947738535 169.43435306926398
163.82917933017916 166.26785618392992 194.67922333931784 105.26632889960588 163.5328713133846 168.5704600456438
156.04486534327236 161.75598906995685 195.30488985173923 91.18662182579197 160.57708429287163 161.96913286178943
204.42357985320578 209.15066339842195 241.08297326854088 169.58183865025168 211.43793415562877 210.71070214870434
162.4222891108237 172.2556240010758 199.50187969039288 99.44847912361456 165.7829906836042 173.5540261705271
151.94735930578062 156.03525242713584 189.0026454841307 75.23961722390672 149.51588544365444 160.08122938058665
155.71448230656003 163.57872722331592 197.4563242846377 90.598013223249 157.96835126062436 168.24684246665672
219.79763420018878 212.2828302053654 251.22698899600735 188.92855792600545 222.84075031286355 206.85985594116613
149.8098795140027 156.93310676845724 193.3726971420733 73.17103251970687 153.1208672911697 156.36815532582074
160.15617378046966 164.65418306256296 194.45822173412984 84.95292814258964 157.9145338466349 167.61264868738277
170.78641632167356 174.6052691072065 201.55396299750595 98.60527369263775 168.01488029338353 179.89441347635005
165.44485486106845 175.53062410872926 201.22624083354538 99.46356116689167 160.73269735806713 176.52195330892982
171.92440199110771 174.06607940664372 200.93780132170252 93.8669270829721 175.05142101679724 177.80326206231425
218.46052274953476 211.2581359380036 250.3976836953569 188.67962264113208 221.37750563234738 205.17553460390934
168.57639217873896 163.20232841476252 196.9771560359221 101.28672173587218 161.95369708654385 173.33205127730994
169.3989374228776 173.69225659193907 201.23617964968426 105.17128885774862 166.1896507006378 180.41618552668714
159.7779709471866 168.04761230080004 202.68448386593386 96.88137075826292 164.06096427852665 168.62680688431482
154.69647701224486 154.29193109168088 187.9388198324125 87.46427842267951 156.57586020839867 165.32694880145826
172.54564613458086 169.8087159129354 198.5295947711575 111.57508682497182 164.76346682441468 179.3376703316958
204.90729611216872 211.4095551293744 239.7686384830176 167.9166459884189 209.51372270092477 208.78457797452378
225.57482128996577 214.75800334329801 247.2893042571797 190.99476432614586 227.91006998375477 216.51789764358972
158.24348327814323 162.09873534361705 192.4811679100062 76.69419795525604 158.8332458901473 166.9820349618485
166.715326230074 168.6979549372191 198.00505044063902 98.09689087835557 164.44147895224003 175.69860557215586
150.75808436034202 159.80926130859876 196.68756951063278 72.3118247591637 155.43165700718757 162.02468947663502
166.69433103738112 161.9382598399773 195.49168780283216 91.30169768410661 159.29846201391902 168.65645555388622
160.80422880011582 161.75598906995685 194.09276132818556 84.16056083463323 159.339260698674 167.48134224444226
221.48814866714653 213.5790251873999 250.86849144521915 189.5521036549054 224.33011389467978 208.16099538578308
151.8617792599573 163.9176622576103 196.0051019744129 92.233399590387 161.99074047611487 166.8891847903872
218.23381956058049 211.2747026976964 247.8467268293047 186.24983221468952 220.24304756336804 203.37158110217857
160.61444517850816 166.25883435174205 195.09741156663253 72.92461861401813 161.21414330014596 169.96764397967044
150.49584711878265 164.17064292984907 196.69519567086533 76.51143705355429 151.88153278130952 164.59343850834395
156.03525242713584 161.44968256394932 192.5642749837051 80.63498000247783 153.7140201803336 162.895672134038
153.89281984550158 159.34867429633672 192.33564412245588 0.0 157.53729717117784 162.69910878674168
159.4051442080838 158.6663165262243 187.91487434474152 77.0 156.7322557739791 163.0950643030009
159.75606404765986 155.23852614605693 189.38848961856155 77.46612162745726 157.27364687066935 160.83531950414374
153.9253065613319 158.61904047118682 190.43896660085088 70.24243731534378 156.06408939919524 162.5084613181726
156.8853084262513 160.94719630984568 190.7537679837544 72.31873892705818 159.63082409108839 166.24379687675568
165.9307084297539 161.21414330014596 193.4916018849397 87.3040663428686 156.28819533157326 170.67220043111882
158.8143570336133 163.03067196083074 189.7893569197177 56.4003546088143 161.36604351597643 166.68533228811705
161.1645122227595 155.2900511945308 188.64251906714986 82.23746105030237 156.80242345065972 164.37153038163268
159.58383376770968 162.19741058352318 195.06665527454967 77.31752712031083 156.81198933755033 163.17781711985242
160.72958657322553 159.94686617749034 192.80560157837738 76.3740793725201 151.7003625572464 166.7932852365466
154.16225218904918 158.64740779476983 189.7893569197177 69.30367955599472 156.36176003102548 162.1480804696744
169.08281994336386 169.65848048358797 198.77877150239158 99.60923651951158 166.42115250171776 174.98285630312475
170.17344093600505 164.60862674841803 197.6942083117257 93.59487165438073 161.92590898309015 173.69801380557004
160.60199251565965 168.3330033000065 197.29926507719182 80.06247560499239 163.0521389004143 171.63624325881756
222.4544897276744 212.26163101229577 250.54740070493648 190.27085956604074 225.50166296504335 210.5611550120297
154.35996890385798 155.64061166674975 192.81338127837498 78.3198569968051 151.65091493294725 160.71403174583108
152.8757665557233 150.56560032092324 189.4280866186427 73.17103251970687 152.03946855997623 159.54623154433952
158.1771159175688 164.3745722427894 194.39650202614243 100.16486409914407 160.7886811936711 164.20109622045769
168.14874367654372 156.50239614779065 201.10693672770216 87.78952101475437 159.91560274094581 169.162643630324
155.3415591527264 150.1798921294059 185.95967304767987 75.56454194925024 158.826949854236 158.64740779476983
151.9802618763371 150.52906696050434 187.7391807801451 77.78817390837762 150.26310259009028 160.61755819336813
165.72567694838358 157.7022510936353 196.28805363546707 80.77128202523468 160.63000964950479 166.67633305301626
160.91612722160573 157.02547564010115 195.00256408570633 90.28288874421332 155.87494987970325 165.8613879117138
154.57684173251826 154.631820787314 186.56902208030144 69.0724257573165 153.1502530197061 162.08022704821215
155.01612819316577 156.0416611036937 190.92930628900322 77.32399368889322 155.81078268207241 164.96666329898292
158.15814869933197 155.91985120567554 191.69246203228755 76.25614729318549 154.2822089548889 162.80049139974977
209.81658657027094 211.60340261914504 242.97530738739687 171.31257980662133 214.2755235672054 211.4686738030009
216.58254777336055 208.95214763193988 251.23693995907527 182.07416071480324 218.71213958077408 202.64747716169575
157.90503475190397 162.58228685807074 194.94614640972003 87.90335602239541 158.11072069913538 170.75713747893528
161.34435224078965 167.0 189.9210362229524 78.32624081366346 166.7782959500426 169.96470221784287
151.02648774304458 158.37929157563497 190.00789457283085 73.2120208708925 158.12653161313568 163.09199857749
165.40253927917794 170.23219436992522 200.09497744821084 96.70056876771719 164.59951397255097 175.69860557215586
167.59773268156107 163.2237727783548 198.02777582955378 100.269636480841 163.74980916019413 175.60466964178372
218.46967752985768 210.69409104196538 245.82310713193746 183.24300805214915 211.7215152033444 209.50656314301946
166.95807857064 165.57777628655361 199.95249435803495 102.33279044372826 164.27416108445053 173.61739544181626
160.0093747253579 159.88120589988054 196.69519567086533 94.01063769595439 163.06440445419105 166.3640586184408
173.79873417260552 175.88916964952674 207.39334608419819 106.93455942771729 174.65108072955059 182.65267586323503
222.3870499826822 217.2855264392914 248.51961693194363 185.18909255137032 215.571333901333 216.06943328476612
216.91933984778765 206.78249442348837 247.54797514825282 185.14588842315672 220.94116863997982 209.3083849252103
160.12495120998477 164.21632074796952 197.3017992822164 98.54440623394105 163.52675622050356 171.22499817491604
158.86786962756187 158.63164879682742 194.30131239906746 98.38699100999075 159.78735869899094 166.5022522370193
157.60710643876436 162.6437825433238 196.56551070826234 85.64461454172118 155.88778014969614 168.15469068687915
161.78998732925348 163.24521432495348 200.31475232743094 103.42630226397925 164.18587028121513 170.75128110793196
171.86040847152668 176.40011337864837 209.9714266275295 107.46627377926528 177.31610191970722 182.59791893666258
159.69971822141704 157.54047099079017 194.47879061738325 88.91006692158093 163.28196471135445 164.39586369492392
160.5490579231158 161.92282112166896 195.48913013259843 91.04394543296111 161.06209982488122 166.97305171793442
167.02395037838136 166.85322891691368 201.5514822570154 100.29955134495867 167.58878244083044 171.21623754772793
109.37092849564732 123.46254492760143 160.0749824301099 158.93080255255745 104.76163419878482 113.23427043081966
144.49567467574937 144.58907289280197 175.29689101635546 177.2737995305567 109.5171219490359 145.00689638772357
193.97680273682212 188.4940317357555 225.76757960344972 229.0589443789524 190.45734430575263 182.20043907740728
118.06354221350468 130.5526713629407 165.72567694838358 169.3576098083579 108.75660899458019 111.48542505637228
132.2157328006013 135.09256086106296 164.3198101264726 176.555940143627 111.88386836358492 126.65306944563167
130.93127968518448 133.88054376943649 172.27594144279112 163.67040050051813 113.28724553099524 128.79052760199409
141.81325749026428 134.6476884316994 178.44046626256053 173.59147444503142 109.45318634009702 136.10657588816198
157.4674569553976 147.52965803525743 185.96236178323826 185.469674070992 125.14391715141412 151.78273946664686
106.75673280875544 106.94858577840101 161.99074047611487 156.10253040870285 85.44003745317531 100.29456615390487
112.28535078094559 122.3396910246221 159.56816725149162 165.50226584551643 94.84197383015602 120.87183294713455
139.31618714277246 137.8042089342702 180.34688796871433 170.61652909375456 116.82465493208187 139.33771922921662
113.3666617661471 123.33288288206029 165.69248625088585 166.3400132259223 94.41927769264072 121.51543111885009
136.3048054912225 138.01449199268893 176.36042640002887 170.33496411482875 106.27323275406654 132.29890400150714
190.03946958461023 184.65643774317752 229.26185901715095 225.24209198105046 189.65758619153624 176.21293936598414
158.63480072165754 149.45233353815524 171.5488268686207 186.56902208030144 133.2066064427737 153.70426148939399
136.31947769852994 147.83774890061062 170.46700560519037 170.5813588877753 119.5156893466293 141.89785058273435
133.91415160467545 133.06389442670013 175.88916964952674 176.97457444503152 105.13800454640558 127.07084638106413
107.14009520249644 122.31925441237777 163.20845566330195 161.1831256676703 88.35157044444654 103.14552825983296
131.84839779079607 139.0719238379911 177.42040468897596 173.5194513592064 109.38464243210744 124.29802894656054
118.69709347747316 131.38493064274914 171.583798768998 171.1198410471445 96.90201236300514 118.36807001890332
116.49463506960309 128.9340916902896 168.4369318172235 171.40595088852663 102.09799214480175 121.81543416168577
111.26994203287786 107.97221864905805 159.03144343179434 157.53729717117784 0.0 106.52229813517918
147.54321400864222 145.29969029560937 185.25387985140824 180.08886695184685 119.78313737751236 140.92196422133776
115.29093633065871 123.47874310989727 161.01552720157147 163.31258371601376 94.12226091632095 116.58473313431737
118.55378526221759 119.5156893466293 162.37918585828666 170.13524032369074 89.58794561770016 110.07724560507498
116.62761251093156 117.5457357797381 166.2828914831589 167.57386431063765 91.31812525451889 124.79583326377528
145.58846108122717 149.06039044628858 178.88543819998318 174.45629825259965 122.41323457861898 142.78655398881227
129.59166639873106 128.75169901791588 175.27121840165316 164.44147895224003 103.13583276436954 122.93900926882402
121.23530838827442 137.5099996363901 174.1952927033334 158.58436240689053 103.58088626768937 124.2095004417939
115.26925001924842 130.73637596323374 167.42460989950072 160.20611723651504 106.28264204469139 119.80400661079746
125.5866234915168 130.49521064008442 174.53939383417142 173.24260445975753 105.51303237041384 127.03542812932147
125.89678312014172 137.3062270984095 180.3385704723202 169.64963896218583 96.57639463140049 124.76377679438852
172.6528308484978 171.1724276862369 207.35717976477207 207.86534102634812 168.43990026119107 168.55562879951532
195.48913013259843 188.41178307101708 230.547175215833 228.15564862610788 193.8169239256469 179.404570733301
187.62196033513774 188.30560267819968 225.06443521800597 225.25319087640023 192.88079220077876 180.49376720540795
195.86985475054604 190.69347130932405 228.84711053452259 231.43465600467013 198.39858870465787 185.85209172887994
118.31314381758267 133.96641370134532 167.02095676890372 170.4200692406854 109.67679791095289 115.42096863222038
137.34991809244008 128.98837156891315 170.2909275328548 173.5857136978732 114.39405578962571 133.22537295875736
132.23463993976767 127.18883598806933 173.71816255072468 169.06507622806078 99.3529063490344 127.42841127472319
117.37546592026803 131.90147838443661 170.46113926640288 158.2087228947886 98.63062404750362 127.83192089615176
121.23943252918994 138.7515765676196 166.3159643570033 160.75447116643443 109.79981785048643 133.77219442021575
113.69256791892775 120.56118778446071 170.8215443086732 165.54455593585675 88.72992730753249 112.25862995778988
120.61509026651682 135.85654198455074 171.75564037317667 163.8749523264614 106.88779163215975 129.24395537122808
133.3641631023867 135.9006990416164 176.2895345730994 171.65372119473554 117.72425408555367 139.71399357258383
118.94116192470965 115.38630767989761 162.1018198540658 168.77203559831824 76.39371701913711 106.99065379742288
123.76994788719918 126.25371281669304 164.02134007500365 165.3420696616563 99.77975746613137 127.29886095327012
127.00393694685216 137.83686009192172 170.5813588877753 175.76404638036757 116.86316785026837 132.36313686219438
118.05507189443408 119.44036168732913 169.11830178901394 167.2602762164406 91.0494371207203 118.27510304370908
131.14877048604 117.65627905046122 167.6007159889241 171.040930773894 99.24212815130478 124.93998559308385
124.39051410778879 136.6235704408284 173.7498201437918 171.73234989366446 108.34205093129813 128.35497652993436
187.40330840195966 182.29371903606554 225.45509530724738 219.87041638201353 183.99728258862956 176.11927776367924
118.47784603038663 126.28539107909513 163.61234672236688 166.8112706024386 103.76897416858277 121.03305333668155
182.55957931590441 172.9595328393321 137.44817205041323 203.3396173892338 157.21005056929408 179.60512242138307
174.83992679019286 179.05864960956228 123.78610584391126 204.82187383187372 154.4927182750048 175.05142101679724
157.4357011608231 165.28460303367643 112.5699782357623 196.49173010587495 144.24631711069785 160.4119696282045
181.69479904499192 185.41305239923105 135.1406674543233 207.66318884193223 166.61332479726823 184.00271737123884
163.59095329510126 172.25272131377199 121.47427711248172 194.69720080165507 159.1257364476281 169.19810873647495
212.69226596188213 209.01435357410264 176.47096078392048 240.09789670049173 209.24387685186872 208.26425521437903
171.1461363864227 172.81782315490494 122.266103233889 205.12922756155447 154.6156525064652 172.1772342674838
158.69152466341737 164.69365500832143 109.4120651482276 197.2815247305231 152.78743403827423 168.24684246665672
215.2347555577398 203.05910469614506 181.81859090863068 248.49748489672888 211.14213222377006 200.63399512545226
159.75293424535275 172.74837191707482 128.15225319907566 200.723690679501 161.00310556011024 168.1398227666486
183.5538068251378 181.84333916863713 134.81839637082174 207.74744282421383 157.37534749763066 184.8621107744905
157.93353032209467 169.88819853068077 110.09541316512691 195.18196638009363 150.4460036026215 162.35455029040608
172.6528308484978 181.10770276274835 131.12208052040663 198.5900299612244 160.70469812671936 179.34603424664846
113.00442469213318 121.88108959145384 166.54729058138412 155.79152736910953 89.22443611477743 120.07497657713701
118.70130580579136 130.98473193468007 173.01445026355458 164.03962935827428 97.46281342132495 126.18240764861004
125.25973016097392 124.86392593539577 168.48145298518767 161.13658802394943 99.66443698732262 129.0968628588627
126.1269202034205 121.4701609449827 173.86776584519626 161.50232196473215 103.64844427197158 128.7555824032496
190.61741788199734 184.30409653613236 221.09500220493453 220.93890558251618 186.74581655287489 179.54108164985527
188.22858443923974 177.20891625423366 223.76326776305356 224.19857269840057 191.48629193756926 174.97999885701222
125.29964086141668 129.71121771072848 174.68256925062673 169.11830178901394 91.2414379544733 128.8875478857442
115.61574287267284 123.64465212858985 161.84251604569178 163.08893279434997 110.27239001672177 123.97983707038819
193.08806281072893 187.47799870918186 228.02412153103452 223.333830845217 195.8315602756614 183.6218941194105
131.43439428094916 133.19909909605244 169.33694221876098 172.86410847830732 117.6265276202609 132.5707358356285
128.80993750483694 132.23085872821065 172.60938560808333 152.41719063150325 105.3138167573467 132.21195104830727
122.00409829181969 124.1772926102031 166.22575011110644 165.03332996701 107.62899237658968 125.1678872554778
158.91192529196795 164.06705946045355 110.88282103193443 193.59752064528098 151.16877984557524 167.53805537847214
174.51647486698783 170.2909275328548 132.0378733545796 197.6891499298836 161.61373703989398 172.55723688098394
159.8155186457185 163.43806166251483 118.25819210524064 193.70596273734063 149.17104276634927 162.42844578459773
165.96083875420732 166.06023003717658 120.85942247090212 195.7396229688818 146.23269128344728 165.83425460380616
163.01226947687098 161.6477652180815 114.9130105775669 200.13495446822876 153.29709716755892 160.9751533622503
174.1952927033334 181.50757559947738 135.52121605121465 199.85744919817225 166.5142636532979 182.19769482625185
164.38978070427615 163.1533021424942 117.2006825918689 194.4813615748306 153.51547153300217 165.02121075789015
156.7992346920099 167.83027140536953 118.16090724093142 195.30232973520822 152.12166183683374 159.77484157401003
168.44880527923016 170.2879913558205 121.99590157050359 199.28371734790576 147.0510115572144 172.6238685697896
165.91865476793137 164.08534364774937 115.93532679903913 197.17504913147607 153.59687496821022 167.39474304768356
222.19135896789507 215.73594971631408 192.95854477063202 251.41996738524966 224.2275629801118 210.22606879262145
177.87073958355265 173.67498380595865 124.93998559308385 203.83081219482006 163.887156299693 174.73408368146153
223.57325421436258 215.29050141610986 193.9922678871506 255.48776878747051 226.54359403876333 211.6719159454083
185.35911091715994 181.40286657051482 137.87675656179326 203.32486321156102 159.28904544883179 185.15939079614623
171.57797061394567 174.85422499899738 128.87590930814028 204.5678371592172 162.4992307674101 174.95999542752622
165.97288935244816 168.5289292673516 121.8400590938793 196.1224107541002 147.898613921835 169.25424662323837
162.40381768911715 170.78056095469412 120.6358155772986 198.99246216879675 156.92673449734434 171.89240820932145
139.6782015920881 135.33292282367952 171.0730837975396 174.0373523126573 127.17311036535986 111.57956802210698
121.60592090848209 127.47941010218082 163.95121225535357 166.21371784542936 117.79218989389746 100.66777041337511
144.06248644251562 141.38246001537814 174.8999714122332 179.52437160452615 130.034610777285 128.28873683998918
141.96830632222108 131.98484761517133 171.40886791528612 176.77103835187484 126.16655658295505 116.58902178164118
139.95713629536723 145.59189537882938 176.96327302578916 173.38108316653233 126.28935030318273 125.02799686470227
147.8817094843037 134.14171610651178 180.13605968822566 178.53851125177448 114.39405578962571 119.80400661079746
133.6600164596728 135.88230201170424 173.3060876022536 165.9698767849154 124.11285187280163 119.74556359214316
187.83237207680682 184.02717190675946 220.7781692106355 224.01785643113362 186.44570255170808 171.89822570346675
155.42522317822161 140.78352176302454 186.76991192373572 182.86060264584057 126.34080892569906 133.06765196696003
148.13169816079204 143.9791651594077 183.07102446864715 184.3529224069963 140.12137595670404 129.1394595001853
124.03628501370073 123.57184145265458 162.67452166826862 165.3602128687551 102.86884854026509 100.68266980965493
139.11146609823362 138.2497739600322 175.0028571195339 179.65244223221683 118.97478724502936 120.9297316626478
125.21182052825525 122.60097878891506 173.6721048412784 178.72045210327775 121.14041439585718 106.29205050237765
134.8703080740902 132.0870924806811 179.9944443587079 179.96944185055418 124.39855304624729 119.52405615607262
189.76564494133282 183.83688422076784 222.8833775767049 228.17098851519228 184.37461864367341 175.6843760839307
145.94176920950355 152.1380951635717 183.3875677356565 180.40509970618902 146.0205464994567 140.53825102085196
141.58742882049947 115.88787684654508 163.94206293688023 181.4993112934592 122.95527642195759 109.68591523071684
119.03360869939212 119.27279656317278 165.5868352255094 161.36294494090023 123.80630032433729 97.72921773962995
179.95277158187923 174.99142836150574 218.52459815773602 221.61678636782008 178.62810529141265 161.0372627685903
136.57232516143233 120.98346994527806 176.50495743746123 179.59120245713598 119.80400661079746 107.33126291998991
126.53062870309307 124.74373731775074 167.1944975171133 170.89470442351336 120.56948204251356 104.0096149401583
137.62993860348845 132.4273385672309 174.4935528894979 173.62315513778685 125.83719640869309 120.70625501605126
148.16882263148344 127.22814154109145 180.69864415650716 179.26237753639217 119.35241933031773 119.63277142990545
119.14277149705725 125.09196616889511 162.08948146008734 167.56491279501208 118.4145261359433 101.79882121124979
129.6225289060509 128.00390619039717 174.63103962354458 172.46158992656888 115.58979193683152 101.1632344283238
149.09057649630307 132.79683731173722 179.82213434391218 179.2567990342347 126.16259350536514 114.05261943506602
152.9411651583706 134.892549831338 172.61228229763952 181.02486017119307 134.23859355639868 128.3393937962931
117.95338062132852 119.46547618454463 163.12265323982442 165.71662559924397 113.34901852243803 94.68368391650169
121.85647295076286 115.74973002128341 162.29294500994183 169.03845716285983 117.88977903109328 95.93226777263216
116.87600266949585 112.4144118874444 161.31335964513292 164.6298879304727 113.1238259607586 91.49863386958299
133.69367973094316 126.07537428062626 175.8806413452032 168.65645555388622 123.09752231462663 111.61541112229978
148.93287078412206 141.088624630053 186.27130750601393 180.7484439767048 135.99264686004167 117.75822688882505
136.23509092741122 134.68110483657313 177.8482499211055 164.76346682441468 126.13088440187835 111.97321108193691
128.04686642007292 116.45170672858342 161.62301816263673 169.1360399205326 113.93419153177855 101.06433594498111
144.58215657542254 132.04923324275686 175.15136311202377 177.33865906789754 116.21101496846157 114.63856244737195
111.89727431890377 111.28342194594845 164.01524319403975 165.07574019219177 110.9684639886486 84.3741666625514
178.9525076661403 174.07182425654074 210.99289087549846 214.15648484227603 173.45028106059672 169.66437457521835
132.15142829345433 124.5672509129105 170.2762461413805 174.5078794782631 113.84638773364749 103.69185117452577
145.8320952328396 143.77760604489143 183.1584013907088 172.99132926248066 130.22288585344742 120.49481316637659
130.77843858985318 111.20251795710384 165.78600664712326 166.7932852365466 104.90948479522717 106.28734637763802
131.0228987620103 128.03124618623377 167.4305826305338 178.15162081777422 120.87183294713455 107.37318100903968
131.60547101089682 112.61882613488741 168.67720652180603 175.29118631579854 106.5598423422257 100.59821071967433
129.1239714383042 107.89810007595129 165.731710906513 169.88819853068077 109.09628774619236 89.01123524589467
139.52777501271925 122.38872497088937 174.5737666432159 171.36218952849546 131.18307817702708 112.38327277669039
139.34489585198304 125.00399993600205 176.2526595544022 178.2806775845324 121.49074038789952 113.30048543585328
132.85330255586422 121.58536096093148 170.63997187060247 172.71074083565273 119.91246807567593 103.6532681587995
132.94359706281458 115.02608399836969 170.85666507338834 178.1544273937642 119.39430472179149 97.19053451854249
131.44580632336658 124.06046912695437 171.6624594953713 178.32834883999794 115.60709320798617 105.22357150372724
142.74102423620198 131.14114533585558 168.98816526609193 181.9560386467017 130.87398519186308 111.6288493177279
128.07810117268292 126.55828696691498 174.37889780589853 176.02556632489498 113.07961796893373 107.50813922675809
180.96961070853857 175.6160584912439 218.84240905272452 218.99086738948728 182.81411324074517 161.4806489954756
121.92620719107111 125.19185277005849 168.48145298518767 164.67847461037522 112.57441982972864 109.83624174196785
176.30938715791623 167.38578195294843 211.70025980144663 215.79620015190258 173.2512626216617 157.08278072405008
117.02991070662235 108.77040038539897 156.31378697990783 165.6109899734918 110.40380428228005 81.64557550780079
184.1032319107951 183.73622397339074 218.3849811685776 216.30302818037475 179.60790628477355 171.27755252805312
130.08458786497346 116.60617479361889 169.162643630324 167.56192885020153 114.49454135459908 104.0096149401583
114.63856244737195 104.01442207694085 158.8143570336133 165.74981146293953 111.14405067298924 78.35815209663893
121.25180411028943 110.4943437466371 160.43690348545124 167.8541033159452 119.61187232043481 89.33084573650918
134.29445260322558 119.3984924527944 161.39702599490488 178.3647947325929 122.31925441237777 104.9809506529637
129.42565433483426 135.36617007214173 178.91059219621403 173.45316370709415 127.7654100294755 115.32996141506335
115.987068244697 107.92590050585633 164.0944849774056 166.85322891691368 125.04399225872469 90.74690077352504
100.88607436113271 98.01530492734285 154.05843047363555 158.4013888827999 103.33924714260309 65.83312236253116
144.69968901141425 144.5925309274307 182.18671740826773 179.95277158187923 137.67715859938423 127.53038853543887
109.27030703718188 101.58247880417174 162.5792114632126 169.76748805351394 115.02608399836969 71.21797525905943
105.33755265810954 95.58765610684259 161.2637591029057 162.69910878674168 106.52229813517918 0.0
182.4910956731862 185.55861607589122 222.9058097044579 217.00230413523263 186.24177834202507 177.867928531256
134.6996659238619 121.33836985883731 172.46448909848078 179.70253197993623 133.4353776177817 106.07544484940895
178.39562774911272 171.95929750961417 215.5203006679417 214.57399656062708 179.56614380222123 154.34053258946594
132.05680595864797 131.9772707703868 178.4908961263851 166.45119404798513 133.40164916521834 104.76163419878482
133.51029922818688 141.54151334502538 178.1544273937642 173.52233285660955 140.32818676231798 113.6001760562016
149.85326155943352 139.4668419374297 182.9207478663916 181.18222870910932 139.41664176130482 117.88977903109328
185.77136485475904 177.69074258384987 222.3713110992513 220.39963702329456 185.12698344649814 165.45392107774296
101.42484902626181 106.94858577840101 154.36644713149292 157.25775020646836 108.86689120205463 79.47955712005447
95.70788891204319 116.25403218813531 161.31335964513292 163.99085340347492 118.93275410920239 89.87769467448528
172.73100474437123 164.42931612093994 212.33935103979195 212.72282435131402 175.2683656567836 149.06374475371265
178.78199014442143 168.87273314540747 216.42319653863353 216.89167803306793 180.78716768620498 156.16977940690063
110.85125168440814 112.16505694733989 167.24831837719626 167.20944949374123 114.90430801323335 98.16312953446422
111.33732527773424 106.86907878334125 167.2662548154887 167.10774967068403 120.7683733433551 100.61808982484213
125.40334923757021 127.43233498606232 169.60542444155493 175.968747225182 126.763559432512 120.55704044144414