17
17
16
17
17
18
18
20
21
19
17
17
17
21
21
21
21 22
21
20
20
17
18
18
17
16
17
16
20 16
20 16
20
18
17
20
20
16
16
17
17
17
20
20 20 16
16
20 16
18
18
20
16
16
20
16
16
18
17 16
17
20 17
17
18
18
17
17
18
17
20 16
16
20 16
16
21
16
16 17
20
18
20 18
17
17
17
20
18
18
18
18
20
17
17
20 20
20 20
18
20 18
20
20
20
19
19
20
16
18
17 16
20
20
20 20
20
18
18
20 16
20 19 16
20 19 16
20
20
20 20
21
21
20 16
20 16
20 16
20
17
20 17
18
20 18
16
20 20
18
18
20
20
20
20 20
20
20 20
20 20
20 20
18
17
18 18
18
18
18
20
20 20
20
20
20 20
20
18
18
17
17
17
16
17
18
18
18
20
20
20
21
21 21
20
17
17
21
21
21
21
21
20 20
20
20
17
18
17
17
16
18
17
16
20 16 16
20 16
20 16
20
20
20
20
20
19 16 16
16 16
19 16 16
16 16
18
17
17
20
20
20 20
20 20
20 20 24 24 24
20 20 24 25 24 24 25
20 20
20 20
20
20 18 18
18 18 18
17 17 17
17 17 17
24 24 24
24 25 22
20 25 24
20 25 24
20
20
20
22
22
20 20
20 20
20 20
20 20
16
16
20
16
16
16
16
16
16
16
20
20
20
16
16
16
16
20
20
20
20
20
17
20
20
20
20
20
22 17
20
19
17
17
17 20 17
20
20
17 20 17
17
17
17
19
19
19
19
19 17
19
19 17
19 17
17
17
20 17
17
17
17
17
17
17
19 17
19 17
17 19
19 17
19 17
17 19
19 17
17
17 17
17 17
17 17
19 17
18 17 17
16
18 18 18
20
18
17 17
20 18 18
17 17
20 20 18
18 18 18
20
20 20 16
17 17 17
16 16 16
16
20
18 18 20
17 17 17
18 18
18 18 20
18 18 20 18
19 16 16
16 16
17 17 17
16 16
16
16 16
20
20
20 20 16 17 17
17 17
17 17
17 17
18 20 18
20 18
18
17
16 16 20
20 16 16
17
17
17
16 16
17 17
16 16 16
17
17
17 17
17 17
17
17
16
16
16
16
16
16
17
16
16
16
16
17
16
16
17
16
17
16
16
16
17
17
17
17 17
17
17
17
17
17
17
17
17
17
17
17
17
17
17
17
17
17
16
16
16
16
17
17
17
17
17
17
17
17
17
17
17
17 17 17
17 17 17
17 17 17
16 16
18 18 18
18 18 18
18 18 18
18 18 18
20
20
20
20
20
20
20
16
17 17 17
17 17 17
17 17 17
17 17 17
17 17 17
17 17 17
17 17 17
17 17 17
17 17 17
17 17 17
17 17 17
17 17 17
17 17 17
17 17 17
17 17 17
17 17 17
17 17 17
17 17 17
17 17 17
17 17 17
17 17 17
17 17 17
17 17 17
17 17 17
17 17 17
17 17 17
17 17 17
17 17 17
17 17 17
17 17
17 17
17 17
17 17
17 17
17 17
17 17
17 17
17 17
17 17
17 17
17 17
17 17
18
17 17
17 17
21 16 16
21
21
21
21 16 16
21 16 16 16
21
21
21 16 16
21
21 16 16
21 16 16
21
21
21
20
20
20
20
20
20
20
20
20
17 17
17 17
20
20
19
19
20
