0 
1 17 
2 17 
3 16 
4 17 
5 17 
6 18 
7 18 
8 20 
9 
10 21 
11 19 
12 17 
13 17 
14 17 
15 21 
16 21 
17 21 
18 21 22 
19 21 
20 20 
21 20 
22 
23 17 
24 
25 
26 
27 18 
28 18 
29 
30 
31 17 
32 16 
33 17 
34 16 
35 20 16 
36 20 16 
37 20 
38 
39 18 
40 17 
41 20 
42 
43 20 
44 
45 
46 
47 16 
48 16 
49 17 
50 17 
51 17 
52 20 
53 20 20 16 
54 16 
55 20 16 
56 18 
57 18 
58 
59 
60 20 
61 16 
62 16 
63 
64 20 
65 16 
66 16 
67 18 
68 17 16 
69 17 
70 20 17 
71 17 
72 
73 
74 
75 18 
76 18 
77 17 
78 17 
79 18 
80 17 
81 20 16 
82 16 
83 20 16 
84 16 
85 
86 
87 
88 
89 21 
90 
91 16 
92 16 17 
93 
94 
95 
96 20 
97 18 
98 
99 20 18 
100 17 
101 17 
102 17 
103 20 
104 18 
105 18 
106 
107 
108 18 
109 18 
110 
111 
112 
113 
114 
115 
116 
117 
118 20 
119 17 
120 17 
121 
122 20 20 
123 
124 20 20 
125 18 
126 20 18 
127 20 
128 20 
129 20 
130 19 
131 19 
132 20 
133 
134 16 
135 18 
136 17 16 
137 20 
138 20 
139 20 20 
140 20 
141 18 
142 18 
143 20 16 
144 20 19 16 
145 20 19 16 
146 20 
147 
148 20 
149 20 20 
150 21 
151 21 
152 20 16 
153 
154 
155 20 16 
156 20 16 
157 20 
158 17 
159 20 17 
160 
161 18 
162 20 18 
163 16 
164 
165 20 20 
166 18 
167 18 
168 20 
169 20 
170 20 
171 
172 20 20 
173 20 
174 20 20 
175 20 20 
176 20 20 
177 18 
178 17 
179 
180 18 18 
181 18 
182 18 
183 18 
184 20 
185 
186 
187 
188 
189 20 20 
190 20 
191 20 
192 20 20 
193 
194 
195 
196 20 
197 
198 18 
199 18 
200 
201 17 
202 17 
203 17 
204 16 
205 17 
206 18 
207 18 
208 18 
209 20 
210 20 
211 20 
212 21 
213 21 21 
214 20 
215 17 
216 17 
217 21 
218 21 
219 21 
220 21 
221 21 
222 20 20 
223 20 
224 20 
225 17 
226 18 
227 17 
228 17 
229 16 
230 18 
231 17 
232 16 
233 20 16 16 
234 20 16 
235 20 16 
236 
237 20 
238 20 
239 20 
240 20 
241 
242 20 
243 
244 19 16 16 
245 16 16 
246 19 16 16 
247 16 16 
248 18 
249 17 
250 17 
251 
252 
253 
254 
255 
256 
257 
258 
259 
260 
261 
262 
263 
264 
265 20 
266 
267 
268 20 
269 
270 
271 
272 
273 
274 20 20 
275 20 20 
276 20 20 24 24 24 
277 20 20 24 25 24 24 25 
278 20 20 
279 20 20 
280 
281 
282 20 
283 20 18 18 
284 18 18 18 
285 17 17 17 
286 17 17 17 
287 
288 
289 24 24 24 
290 24 25 22 
291 20 25 24 
292 20 25 24 
293 
294 20 
295 20 
296 20 
297 
298 
299 
300 
301 
302 
303 
304 
305 
306 
307 
308 
309 
310 
311 
312 
313 
314 
315 
316 
317 
318 22 
319 22 
320 20 20 
321 20 20 
322 20 20 
323 20 20 
324 
325 
326 
327 
328 16 
329 
330 
331 16 
332 20 
333 
334 16 
335 16 
336 16 
337 16 
338 
339 
340 
341 16 
342 
343 
344 
345 
346 
347 
348 16 
349 16 
350 20 
351 20 
352 20 
353 16 
354 
355 
356 
357 
358 
359 16 
360 16 
361 16 
362 
363 
364 
365 
366 
367 
368 
369 
370 
371 
372 
373 
374 
375 
376 
377 
378 
379 
380 
381 20 
382 20 
383 
384 20 
385 20 
386 20 
387 
388 
389 17 
390 20 
391 20 
392 20 
393 
394 
395 
396 
397 
398 20 
399 20 
400 
401 
402 
403 
404 
405 
406 
407 
408 
409 
410 22 17 
411 20 
412 19 
413 17 
414 17 
415 17 20 17 
416 20 
417 20 
418 17 20 17 
419 17 
420 17 
421 17 
422 19 
423 19 
424 19 
425 19 
426 19 17 
427 19 
428 19 17 
429 19 17 
430 17 
431 17 
432 20 17 
433 17 
434 17 
435 17 
436 17 
437 17 
438 17 
439 
440 
441 
442 19 17 
443 19 17 
444 17 19 
445 19 17 
446 19 17 
447 17 19 
448 19 17 
449 17 
450 
451 
452 
453 17 17 
454 17 17 
455 17 17 
456 19 17 
457 
458 
459 
460 18 17 17 
461 16 
462 18 18 18 
463 20 
464 18 
465 17 17 
466 20 18 18 
467 
468 17 17 
469 
470 
471 20 20 18 
472 18 18 18 
473 20 
474 
475 20 20 16 
476 17 17 17 
477 16 16 16 
478 16 
479 20 
480 
481 18 18 20 
482 17 17 17 
483 18 18 
484 
485 
486 
487 18 18 20 
488 18 18 20 18 
489 19 16 16 
490 16 16 
491 
492 17 17 17 
493 
494 16 16 
495 16 
496 
497 16 16 
498 20 
499 20 
500 20 20 16 17 17 
501 17 17 
502 17 17 
503 17 17 
504 
505 
506 
507 18 20 18 
508 20 18 
509 
510 18 
511 17 
512 
513 16 16 20 
514 20 16 16 
515 17 
516 17 
517 17 
518 16 16 
519 17 17 
520 
521 
522 
523 
524 
525 16 16 16 
526 
527 17 
528 17 
529 17 17 
530 17 17 
531 17 
532 
533 
534 
535 
536 
537 17 
538 
539 
540 
541 
542 
543 
544 
545 
546 
547 
548 
549 
550 
551 
552 
553 
554 
555 
556 
557 
558 
559 
560 
561 
562 
563 
564 
565 
566 
567 
568 16 
569 16 
570 16 
571 
572 
573 16 
574 16 
575 
576 
577 
578 
579 
580 
581 
582 
583 
584 16 
585 17 
586 
587 16 
588 
589 16 
590 
591 
592 
593 
594 
595 
596 
597 
598 
599 
600 
601 
602 
603 
604 
605 
606 
607 
608 
609 
610 
611 
612 
613 
614 16 
615 
616 
617 
618 
619 
620 
621 
622 16 
623 17 
624 
625 
626 
627 
628 
629 16 
630 
631 
632 
633 
634 16 
635 
636 
637 
638 
639 
640 
641 
642 17 
643 
644 16 
645 
646 
647 17 
648 16 
649 
650 
651 16 
652 
653 
654 
655 
656 
657 
658 
659 16 
660 
661 
662 
663 
664 
665 
666 
667 
668 
669 17 
670 17 
671 17 
672 17 17 
673 
674 17 
675 17 
676 
677 17 
678 
679 
680 
681 
682 
683 
684 
685 
686 
687 
688 
689 
690 
691 
692 
693 
694 
695 
696 
697 
698 
699 
700 
701 17 
702 17 
703 17 
704 17 
705 17 
706 17 
707 17 
708 17 
709 17 
710 17 
711 17 
712 17 
713 17 
714 17 
715 
716 
717 
718 16 
719 16 
720 16 
721 
722 
723 
724 
725 
726 
727 
728 16 
729 
730 
731 17 
732 17 
733 17 
734 17 
735 17 
736 17 
737 17 
738 17 
739 
740 17 
741 17 
742 17 
743 17 17 17 
744 17 17 17 
745 17 17 17 
746 16 16 
747 18 18 18 
748 18 18 18 
749 18 18 18 
750 18 18 18 
751 
752 20 
753 20 
754 20 
755 20 
756 20 
757 20 
758 20 
759 
760 16 
761 17 17 17 
762 
763 
764 
765 
766 
767 
768 
769 
770 
771 
772 17 17 17 
773 
774 17 17 17 
775 
776 17 17 17 
777 17 17 17 
778 17 17 17 
779 17 17 17 
780 17 17 17 
781 17 17 17 
782 17 17 17 
783 17 17 17 
784 17 17 17 
785 17 17 17 
786 17 17 17 
787 17 17 17 
788 17 17 17 
789 17 17 17 
790 17 17 17 
791 17 17 17 
792 17 17 17 
793 17 17 17 
794 17 17 17 
795 17 17 17 
796 
797 
798 17 17 17 
799 17 17 17 
800 17 17 17 
801 17 17 17 
802 17 17 17 
803 17 17 17 
804 
805 17 17 
806 17 17 
807 17 17 
808 17 17 
809 17 17 
810 17 17 
811 
812 17 17 
813 17 17 
814 17 17 
815 17 17 
816 17 17 
817 17 17 
818 17 17 
819 18 
820 17 17 
821 17 17 
822 21 16 16 
823 21 
824 21 
825 21 
826 21 16 16 
827 21 16 16 16 
828 21 
829 21 
830 21 16 16 
831 21 
832 21 16 16 
833 21 16 16 
834 21 
835 21 
836 21 
837 20 
838 20 
839 20 
840 20 
841 20 
842 20 
843 20 
844 20 
845 20 
846 17 17 
847 17 17 
848 20 
849 20 
850 
851 
852 
853 
854 19 
855 19 
856 
857 
858 
859 
860 
861 
862 
863 
864 20 
865 
866 
867 
868 
869 
870 
871 
872 
