100 31.356201 4.524029 0.780005
200 63.648408 8.736056 0.468003
300 92.04059 12.948083 0.312002
400 123.552792 17.16011 0.468003
500 152.88098 21.528138 0.468003
600 183.457176 25.896166 0.468003
700 215.749383 30.420195 0.468003
800 247.729588 34.788223 0.312002
900 278.617786 39.00025 0.624004
1000 307.165969 43.212277 0.468003
1500 460.670953 65.208418 0.624004
2000 618.231963 86.580555 0.624004
2500 775.792973 108.108693 0.624004
3000 928.829954 130.728838 0.624004
3500 1086.858967 151.476971 0.624004
4000 1236.931929 173.005109 0.780005
4500 1450.8093 194.065244 1.092007
5000 1553.457958 216.373387 0.936006
