10 25.116161 4.524029 0.936006
20 48.516311 7.176046 0.468003
30 72.696466 10.140065 0.312002
40 97.968628 13.260085 0.312002
50 121.524779 16.224104 0.468003
60 147.108943 19.344124 0.624004
70 169.261085 23.556151 0.468003
80 193.753242 26.832172 0.468003
90 219.805409 30.576196 0.468003
100 245.701575 34.632222 0.468003
120 294.217886 43.68028 0.624004
140 341.64219 54.288348 0.624004
160 392.498516 67.08043 0.624004
180 435.24279 82.68053 0.936006
200 494.367169 96.252617 0.936006
250 614.955942 124.956801 1.248008
300 734.452708 151.476971 1.092007
350 861.281521 175.657126 1.248008
400 985.92632 201.397291 1.56001
450 1110.259117 228.229463 1.404009
500 1232.563901 257.869653 1.56001
550 1355.804691 283.453817 1.716011
