10 153.504984 2.184014 0.624004
20 153.660985 4.368028 0.468003
30 152.88098 6.708043 0.468003
40 153.348983 8.892057 0.312002
50 152.568978 11.232072 0.312002
60 152.412977 13.260085 0.312002
70 152.568978 15.6001 0.468003
80 155.064994 17.940115 0.312002
90 153.972987 20.124129 0.312002
100 153.504984 22.464144 0.468003
120 154.128988 26.988173 0.312002
140 154.752992 30.888198 0.468003
160 154.128988 35.88023 0.468003
180 153.192982 39.468253 0.624004
200 153.972987 43.992282 0.624004
250 153.816986 53.352342 0.780005
300 152.88098 68.484439 0.936006
350 152.256976 73.164469 1.092007
400 155.064994 82.524529 1.092007
450 152.100975 89.388573 1.248008
500 152.100975 98.28063 1.56001
600 151.944974 120.588773 1.56001
700 155.064994 133.224854 1.872012
800 154.908993 154.752992 2.028013
900 151.944974 175.033122 2.184014
1000 154.908993 189.697216 2.808018
