10 0.624004 0.936006 0.780005
20 0.624004 1.248008 0.624004
30 0.936006 1.716011 0.312002
40 0.936006 2.340015 0.468003
50 1.248008 2.964019 0.468003
100 2.340015 5.928038 0.468003
150 3.900025 8.580055 0.468003
200 4.992032 10.452067 0.312002
250 5.772037 12.012077 0.468003
300 7.020045 13.104084 0.468003
350 8.268053 14.196091 0.312002
400 9.36006 15.132097 0.312002
450 10.452067 15.756101 0.468003
500 11.700075 16.380105 0.312002
600 13.884089 17.628113 0.624004
700 16.692107 18.564119 0.468003
800 18.096116 19.032122 0.468003
900 21.060135 19.500125 0.468003
1000 23.868153 19.968128 0.468003
1500 34.164219 21.372137 0.312002
2000 45.396291 22.308143 0.468003
2500 56.472362 22.932147 0.312002
3000 67.860435 23.244149 0.312002
3500 78.780505 23.40015 0.312002
4000 90.48058 23.556151 0.468003
4500 101.556651 23.712152 0.468003
5000 112.476721 23.868153 0.468003
6000 134.940865 24.024154 0.468003
7000 157.249008 24.180155 0.468003
8000 181.741165 24.180155 0.312002
9000 203.893307 24.336156 0.468003
10000 229.789473 24.492157 0.468003
15000 340.08218 24.648158 0.468003
20000 452.714902 24.648158 0.624004
25000 564.411618 24.648158 0.624004
30000 677.980346 24.648158 0.468003
35000 789.521061 24.804159 0.468003
40000 902.933788 24.804159 0.468003
45000 1014.474503 25.116161 0.468003
50000 1132.099257 24.804159 0.468003
55000 1239.739947 24.804159 0.312002
60000 1351.592664 24.804159 0.468003
65000 1463.601382 24.804159 0.468003
70000 1577.638113 24.804159 0.468003
75000 1689.958833 24.96016 0.468003
