0
2
515
3
4
5
518
6
8
520
9
11
524
13
526
15
527
21
22
23
25
26
27
29
31
33
34
41
43
44
45
47
49
53
60
61
63
64
65
67
68
69
70
72
73
75
79
81
83
84
87
95
97
99
100
102
107
108
109
110
111
112
114
115
116
118
119
121
122
126
127
130
132
133
134
135
138
139
140
141
142
146
149
152
153
154
156
157
163
164
165
166
169
176
179
181
183
186
187
188
189
192
193
194
196
198
199
200
202
204
205
210
212
216
217
218
220
224
225
226
228
230
231
232
233
234
236
239
242
243
244
250
251
252
263
264
265
267
269
271
273
275
276
277
278
279
281
284
289
290
291
292
293
294
295
296
297
298
300
301
303
315
316
318
324
327
330
331
336
337
338
339
341
345
346
348
349
350
352
353
354
357
359
361
363
364
365
366
367
369
370
371
372
373
375
377
379
382
385
386
387
389
391
392
394
398
403
404
408
410
411
412
414
415
416
417
419
420
422
425
429
430
431
432
436
437
439
440
441
443
444
446
447
449
452
453
454
455
456
457
458
460
462
463
464
465
466
468
470
474
475
477
478
483
484
489
491
496
497
500
502
505
506
509
510