21.97726097583591 29.206163733020468 33.61547262794322 37.16180835212409 37.44329045369811
20.688160865577203 27.422618401604176 32.69556544854363 36.742346141747674 38.06573262134856
29.103264421710495 32.01562118716424 34.87119154832539 35.397740040855716 37.841775856849004
27.54995462791182 34.044089061098404 39.44616584663204 41.53311931459037 42.988370520409354
28.844410203711913 36.52396473549935 39.81205847478876 42.28474902373195 43.8520238985614
25.238858928247925 34.713109915419565 36.90528417449187 40.18706259482024 41.060930335295616
30.430248109405877 38.28837943815329 41.048751503547585 41.617304093369626 43.9203825119955
25.514701644346147 34.828149534535996 39.08964057138413 40.85339643163099 42.190046219457976
29.154759474226502 35.86084215408221 39.02563260217571 41.617304093369626 41.96427051671457
18.867962264113206 28.91366458960192 35.25620512760839 37.97367509209505 39.28103868280471
21.400934559032695 30.62678566222711 34.97141690009142 36.16628264005025 38.353617821530214
19.313207915827967 31.670175244226233 35.86084215408221 37.66961640367472 38.72983346207417
23.83275057562597 30.364452901377952 35.199431813596085 36.60601043544625 38.48376280978771
0.0 29.5296461204668 34.39476704383968 36.932370625238775 37.881393849751625
27.03701166919155 32.54228019054596 36.90528417449187 37.107950630558946 39.52214569073901
19.570385790780925 30.903074280724887 34.17601498127012 38.40572873934304 38.93584466786357
20.396078054371138 30.757112998459398 35.25620512760839 35.888716889852724 39.153543900903784
17.578395831246947 30.4138126514911 34.87119154832539 37.8549864614954 38.18376618407357
24.06241883103193 33.0 35.09985754956849 37.960505792204614 38.88444419044716
22.60530911091463 33.63034344160047 37.52332607858744 39.66106403010388 40.620192023179804
23.40939982143925 34.26368339802363 36.59234892706397 39.52214569073901 40.70626487409524
24.63736998950984 32.848135411313685 37.389838191679836 40.50925820105819 41.47288270665544
18.81488772222678 30.659419433511783 33.0 37.17526059088221 37.907782842049734
19.519221295943137 30.347981810987037 34.72751070837067 36.864617182333525 38.600518131237564
22.181073012818835 33.49626844888845 34.539832078341085 38.91015291668744 38.691084244306204
23.83275057562597 35.04283093587046 37.589892258425 40.69397989875161 40.97560249709576
27.331300737432898 36.345563690772494 37.68288736283355 42.15447781671598 41.83300132670378
21.236760581595302 33.27160951922825 36.796738985948195 39.98749804626441 40.34848200366403
26.1725046566048 35.369478367654786 37.76241517699841 39.56008088970496 39.97499218261337
22.538855339169288 36.08323710533743 36.9729630946723 40.3732584763727 40.38564101261734
20.074859899884732 32.41913015489465 34.20526275297414 37.134889255254286 38.13135192987524
26.019223662515376 36.565010597564445 38.80721582386451 41.60528812542944 42.33202097703345
22.20360331117452 32.357379374726875 35.21363372331802 38.3275357934736 38.28837943815329
20.71231517720798 32.41913015489465 33.19638534539566 37.429934544425805 37.12142238654117
22.715633383201094 32.55764119219941 36.59234892706397 38.62641583165593 40.681691213615984
29.916550603303182 40.50925820105819 41.641325627314025 45.39823785126467 44.721359549995796
28.071337695236398 37.68288736283355 39.88734135035826 43.3358973600409 42.906875905849866
29.93325909419153 40.0 40.38564101261734 44.24929377967517 43.278170016764804
22.15851980616034 34.10278580995987 37.92097045171708 39.88734135035826 41.49698784249286
29.29163703175362 38.8329756778952 40.95119045888654 44.27188724235731 44.07947368106838
20.591260281974 32.89376840679705 34.828149534535996 38.49675310984031 38.22302970723278
21.77154105707724 33.34666400106613 34.42382895611701 38.1051177665153 37.82856063875548
22.60530911091463 33.63034344160047 35.7211421989835 39.8622628559895 39.64845520319802
19.87460691435179 31.32091952673165 33.97057550292606 38.01315561749642 38.31448812133603
30.93541659651604 21.563858652847824 28.495613697550013 29.410882339705484 33.94112549695428
31.827660925679098 21.563858652847824 25.88435821108957 30.116440692751194 32.28002478313795
31.85906464414798 21.142374511865974 30.199337741083 31.575306807693888 34.20526275297414
32.55764119219941 20.09975124224178 30.116440692751194 32.71085446759225 35.79106033634656
31.336879231984796 19.235384061671343 27.184554438136374 28.844410203711913 32.2335229225724
32.264531609803356 21.047565179849187 24.08318915758459 28.19574435974337 31.432467291003423
32.2490309931942 21.6794833886788 24.55605831561735 29.631064780058107 30.675723300355934
30.298514815086232 18.0 28.478061731796284 32.0624390837628 34.07345007480164
31.304951684997057 20.396078054371138 28.231188426986208 31.496031496047245 33.18132004607411
29.5296461204668 0.0 27.331300737432898 30.95157508108432 32.96968304366907
31.480152477394387 22.64950330581225 26.5329983228432 29.647934160747187 30.95157508108432
31.496031496047245 22.090722034374522 26.589471600616662 32.61901286060018 32.14031735997639
29.748949561287034 20.71231517720798 27.92848008753788 31.22498999199199 32.09361307176243
28.35489375751565 16.55294535724685 28.407745422683583 32.43454948045371 33.71943060017473
30.528675044947494 20.92844953645635 25.39685019840059 30.23243291566195 30.708305065568176
30.56141357987225 18.973665961010276 29.9833287011299 32.4037034920393 34.51086785347479
31.32091952673165 20.024984394500787 29.223278392404914 33.06055050963308 33.166247903554
28.337254630609507 17.46424919657298 30.0 32.29551052391029 35.04283093587046
30.773365106858236 20.760539492026695 27.92848008753788 30.04995840263344 32.4037034920393
27.16615541441225 21.587033144922902 26.888659319497503 31.68595903550972 31.575306807693888
32.14031735997639 25.709920264364882 30.166206257996713 32.57299494980466 34.698703145794944
28.30194339616981 23.558437978779494 28.460498941515414 32.72613634390714 33.2264954516723
30.56141357987225 22.045407685048602 27.03701166919155 32.55764119219941 31.85906464414798
28.844410203711913 18.49324200890693 30.315012782448235 33.555923471125034 35.11409973215888
32.77193921634788 24.535688292770594 31.192947920964443 34.38022687534217 35.679125549822544
26.851443164195103 18.193405398660254 29.257477676655586 32.48076353782343 34.322004603461025
30.24896692450835 22.06807649071391 29.223278392404914 32.202484376209235 33.166247903554
28.21347195933177 20.0 30.14962686336267 32.64965543462902 34.828149534535996
27.54995462791182 21.095023109728988 30.033314835362415 32.848135411313685 34.292856398964496
28.35489375751565 21.400934559032695 31.480152477394387 34.698703145794944 36.318039594669756
29.546573405388315 23.345235059857504 30.23243291566195 32.60368077380221 34.292856398964496
29.93325909419153 21.494185260204677 31.192947920964443 33.76388603226827 35.0
29.171904291629644 21.047565179849187 28.0 33.0 32.95451410656816
29.0516780926679 19.8997487421324 28.548204847240395 32.49615361854384 33.301651610693426
30.01666203960727 21.79449471770337 28.178005607210743 31.096623610932426 32.03123475609393
32.01562118716424 23.558437978779494 31.368774282716245 33.51119216023208 35.63705936241092
30.430248109405877 23.2379000772445 26.627053911388696 30.822070014844883 30.83828789021855
28.687976575562104 21.93171219946131 30.331501776206203 33.331666624997915 33.436506994600975
34.92849839314596 25.84569596664017 27.073972741361768 25.612496949731394 26.888659319497503
31.080540535840107 29.732137494637012 30.28200785945344 35.04283093587046 34.48187929913333
32.109188716004645 20.808652046684813 26.5329983228432 31.921779399024736 32.0
31.11269837220809 26.94438717061496 28.30194339616981 33.166247903554 33.36165463522455
31.22498999199199 24.392621835300936 27.422618401604176 29.68164415931166 31.654383582688826
29.0516780926679 25.019992006393608 27.40437921208944 33.015148038438355 32.54228019054596
32.95451410656816 26.49528259898354 25.709920264364882 30.528675044947494 29.478805945967352
31.11269837220809 24.08318915758459 27.65863337187866 34.02939905434711 32.54228019054596
31.71750305430741 22.494443758403985 31.25699921617557 34.49637662132068 34.27827300200522
29.9833287011299 24.310491562286437 27.27636339397171 32.93933818400121 31.432467291003423
37.881393849751625 30.577769702841312 26.645825188948457 26.70205984563738 27.459060435491963
36.945906403822335 29.13760456866693 24.331050121192877 26.70205984563738 26.49528259898354
38.768543949960254 35.05709628591621 27.49545416973504 28.548204847240395 26.832815729997478
38.62641583165593 31.144823004794873 24.474476501040833 29.46183972531247 26.589471600616662
38.7556447501522 33.34666400106613 23.93741840717165 26.570660511172846 26.476404589747453
35.08560958569767 32.046840717924134 25.65151067676132 27.874719729532707 26.457513110645905
35.566838487557476 29.816103031751148 23.790754506740637 27.367864366808018 27.16615541441225
35.70714214271425 30.805843601498726 23.790754506740637 26.476404589747453 25.84569596664017
36.38681079732051 30.199337741083 27.367864366808018 28.460498941515414 27.982137159266443
34.597687784012386 31.096623610932426 22.271057451320086 27.0 25.298221281347036
35.298725189445584 29.32575659723036 17.86057109949175 25.80697580112788 24.515301344262525
34.583232931581165 26.570660511172846 22.737634001804146 26.267851073127396 27.83882181415011
33.85262175962151 27.349588662354687 25.748786379167466 29.0516780926679 27.294688127912362
34.39476704383968 27.331300737432898 0.0 24.228082879171435 22.715633383201094
36.193922141707716 30.463092423455635 25.826343140289914 27.459060435491963 27.2213151776324
36.90528417449187 30.199337741083 19.313207915827967 25.96150997149434 25.357444666211933
36.27671429443411 32.31098884280702 27.258026340878022 28.35489375751565 25.787593916455254
36.29049462324811 29.88310559496787 23.280893453645632 25.942243542145693 24.979991993593593
37.26929030716845 34.044089061098404 26.570660511172846 27.2213151776324 24.61706725018234
36.6742416417845 30.479501308256342 22.181073012818835 26.019223662515376 26.5329983228432
34.56877203488721 31.0 20.83266665599966 25.632011235952593 26.115129714401192
33.406586176980134 27.129319932501073 21.095023109728988 26.758176320519304 27.586228448267445
34.51086785347479 28.75760768909681 17.4928556845359 24.919871588754223 24.73863375370596
32.87856444554719 31.54362059117501 24.124676163629637 27.94637722496424 27.640549922170507
34.23448553724738 34.20526275297414 27.184554438136374 27.386127875258307 27.110883423451916
32.72613634390714 27.94637722496424 25.37715508089904 28.160255680657446 27.018512172212592
35.24202037341219 30.56141357987225 24.474476501040833 30.757112998459398 29.748949561287034
33.03028912982749 30.01666203960727 22.67156809750927 28.30194339616981 27.459060435491963
35.651086939951774 31.12876483254676 27.202941017470888 28.0178514522438 25.019992006393608
32.18695387886216 28.42534080710379 21.97726097583591 28.42534080710379 27.65863337187866
34.20526275297414 29.32575659723036 24.392621835300936 25.729360660537214 24.63736998950984
37.72267222772003 34.07345007480164 28.319604517012593 27.586228448267445 26.832815729997478
36.42801120017397 29.512709126747414 21.540659228538015 27.367864366808018 24.819347291981714
34.39476704383968 28.792360097775937 22.93468988235943 26.627053911388696 26.30589287593181
33.97057550292606 33.075670817082454 25.278449319529077 25.84569596664017 25.03996805109783
34.11744421846396 29.93325909419153 21.79449471770337 26.49528259898354 25.238858928247925
35.0 30.577769702841312 20.248456731316587 27.94637722496424 23.53720459187964
35.156791662493895 30.199337741083 19.82422760159901 27.129319932501073 24.677925358506133
36.98648401781386 34.66987164671943 28.124722220850465 28.42534080710379 24.269322199023193
36.013886210738214 31.22498999199199 28.635642126552707 28.965496715920477 26.94438717061496
35.59494346111537 33.24154027718932 23.57965224510319 28.792360097775937 25.41653005427767
37.027017163147235 31.416556144810016 23.53720459187964 28.861739379323623 25.768197453450252
37.05401462729781 33.689761055846034 24.124676163629637 28.513154858766505 25.612496949731394
33.04542328371661 29.5296461204668 24.71841418861655 30.59411708155671 28.965496715920477
37.3496987939662 32.202484376209235 26.30589287593181 28.930952282978865 26.229754097208
37.82856063875548 31.480152477394387 25.41653005427767 31.85906464414798 29.79932885150268
36.742346141747674 31.843366656181317 24.06241883103193 30.166206257996713 26.962937525425527
35.07135583350036 31.74901573277509 30.14962686336267 30.166206257996713 27.258026340878022
38.50973902793941 30.512292604784715 30.397368307141328 22.24859546128699 30.56141357987225
40.149719799769464 32.984845004941285 29.13760456866693 19.697715603592208 29.274562336608895
42.07136793592526 36.41428291206625 35.397740040855716 27.09243436828813 34.56877203488721
42.485291572496 37.296112397943034 30.331501776206203 22.24859546128699 30.298514815086232
44.0 38.72983346207417 34.539832078341085 29.223278392404914 34.249087579087416
41.14608122288197 34.336569426778794 28.844410203711913 20.12461179749811 29.017236257093817
42.81354925721529 36.78314831549904 34.9857113690718 28.478061731796284 34.49637662132068
40.28647415696737 33.21144381083123 27.85677655436824 19.924858845171276 28.0
43.0 37.48332962798263 32.83291031876401 27.331300737432898 34.292856398964496
42.24926034855522 36.235341863986875 29.732137494637012 22.338307903688676 29.832867780352597
43.89760813529594 38.561638969317684 33.52610922848042 25.709920264364882 33.075670817082454
41.41255848169731 36.0416425818802 28.495613697550013 19.672315572906 28.844410203711913
43.162483709814474 37.72267222772003 31.400636936215164 23.727621035409346 31.272991542223778
41.0 34.741905532080416 27.820855486487112 21.97726097583591 28.705400188814647
45.155287619502545 38.535697735995385 35.156791662493895 29.816103031751148 33.61547262794322
40.95119045888654 35.199431813596085 27.748873851023216 20.71231517720798 28.0
45.0 39.102429592034305 37.17526059088221 33.301651610693426 37.30951621235526
39.56008088970496 33.421549934136806 27.892651361962706 20.174241001832016 28.460498941515414
39.1279950930277 32.109188716004645 30.265491900843113 24.474476501040833 29.29163703175362
43.289721643826724 37.36308338453881 32.72613634390714 28.071337695236398 33.331666624997915
39.01281840626232 32.64965543462902 31.480152477394387 22.67156809750927 30.24896692450835
38.144462245521304 30.83828789021855 26.343879744638983 18.083141320025124 26.68332812825267
42.035699113967404 36.207733980463345 29.154759474226502 20.952326839756964 28.42534080710379
37.94733192202055 29.866369046136157 25.553864678361276 15.620499351813308 26.019223662515376
38.61346915261564 32.90896534380867 25.179356624028344 14.035668847618199 24.979991993593593
36.6742416417845 27.440845468024488 28.39013913315678 21.18962010041709 28.495613697550013
35.76310948449533 31.76476034853718 29.93325909419153 19.364916731037084 29.597297173897484
36.318039594669756 29.206163733020468 27.49545416973504 21.0 27.676705006196094
39.59797974644666 33.46640106136302 27.874719729532707 18.110770276274835 25.903667693977237
37.027017163147235 30.610455730027933 27.92848008753788 20.024984394500787 27.92848008753788
38.353617821530214 32.046840717924134 25.96150997149434 18.138357147217054 25.65151067676132
39.433488306260706 31.0322412983658 26.38181191654584 19.77371993328519 27.23967694375247
36.932370625238775 30.95157508108432 24.228082879171435 0.0 24.06241883103193
40.80441152620633 34.19064199455752 28.142494558940577 23.043437243605826 28.705400188814647
38.06573262134856 31.192947920964443 24.124676163629637 22.9128784747792 25.25866188063018
37.8021163428716 31.192947920964443 21.77154105707724 22.11334438749598 23.45207879911715
38.24918299781056 31.73326330524486 26.720778431774775 21.0 26.870057685088806
40.82891132518721 34.741905532080416 26.645825188948457 22.869193252058544 26.94438717061496
35.41186241925155 27.568097504180443 26.589471600616662 20.54263858417414 28.053520278211074
39.344631145812 34.058772731852805 25.15949125081825 22.090722034374522 23.769728648009426
38.704004960727254 32.89376840679705 31.22498999199199 22.627416997969522 30.215889859476256
42.81354925721529 36.29049462324811 30.983866769659336 25.39685019840059 30.822070014844883
38.24918299781056 31.984371183438952 25.729360660537214 15.0 25.45584412271571
43.634848458542855 37.36308338453881 31.89043743820395 28.21347195933177 31.0322412983658
37.322915213043046 31.73326330524486 26.153393661244042 19.974984355438178 26.229754097208
38.01315561749642 31.85906464414798 26.0 25.553864678361276 26.5329983228432
38.7556447501522 32.46536616149585 27.622454633866266 20.8806130178211 27.294688127912362
40.792156108742276 34.23448553724738 28.478061731796284 22.360679774997898 29.13760456866693
38.7556447501522 31.04834939252005 25.11971337416094 20.73644135332772 25.357444666211933
42.17819341792628 35.11409973215888 33.436506994600975 33.301651610693426 32.55764119219941
38.948684188300895 33.77869150810907 26.60826939130014 25.079872407968907 24.939927826679853
40.22437072223753 32.77193921634788 25.11971337416094 26.795522013948524 26.1725046566048
37.77565353504821 31.796226191169293 23.108440016582687 23.430749027719962 22.0
37.094473981982816 31.176914536239792 22.64950330581225 23.280893453645632 25.15949125081825
38.28837943815329 32.7414110874898 21.840329667841555 24.49489742783178 23.979157616563597
40.44749683231337 34.55430508634199 25.39685019840059 25.298221281347036 26.019223662515376
38.71692136521188 32.93933818400121 22.44994432064365 22.516660498395403 21.863211109075447
38.948684188300895 32.14031735997639 22.93468988235943 24.392621835300936 24.61706725018234
38.58756276314948 32.449961479175904 22.891046284519195 24.020824298928627 21.307275752662516
39.382737335030434 32.66496594212215 24.041630560342615 25.357444666211933 24.413111231467404
39.96248240537617 36.15245496505044 27.85677655436824 29.34280150224242 23.706539182259394
38.157568056677825 33.67491648096547 23.388031127053 26.30589287593181 20.46948949045872
38.23610858861032 32.7414110874898 22.20360331117452 25.099800796022265 20.273134932713294
38.92300091205713 33.63034344160047 25.534290669607408 23.979157616563597 23.916521486202797
37.5099986670221 31.352830813181765 22.494443758403985 23.430749027719962 19.026297590440446
38.118237105091836 30.83828789021855 22.494443758403985 24.020824298928627 21.863211109075447
37.881393849751625 32.96968304366907 22.715633383201094 24.06241883103193 0.0
39.179076048319466 32.72613634390714 22.759613353482084 24.186773244895647 20.54263858417414
36.959437225152655 30.659419433511783 25.15949125081825 22.978250586152114 25.826343140289914
38.65229618017538 32.95451410656816 22.24859546128699 24.289915602982237 18.788294228055936
37.94733192202055 33.49626844888845 25.199206336708304 24.899799195977465 24.1039415863879
37.8021163428716 32.38826948140329 23.83275057562597 23.93741840717165 23.065125189341593
36.45545226711637 31.416556144810016 23.748684174075834 23.043437243605826 23.366642891095847
36.53765181289022 29.816103031751148 20.784609690826528 20.46948949045872 22.627416997969522
36.41428291206625 30.983866769659336 21.047565179849187 21.95449840010015 19.364916731037084
38.7556447501522 33.67491648096547 25.748786379167466 28.284271247461902 21.702534414210707
39.0 33.18132004607411 21.6794833886788 25.903667693977237 20.784609690826528
40.66939881532551 36.742346141747674 29.546573405388315 30.166206257996713 26.210684844162312
39.92492955535426 35.21363372331802 26.324893162176366 25.768197453450252 21.840329667841555
40.54626986542659 35.07135583350036 28.26658805020514 29.698484809834994 24.55605831561735
40.06245124802026 35.34119409414458 28.319604517012593 29.30870177950569 24.454038521274967
38.43175770115127 36.069377593742864 28.142494558940577 27.294688127912362 25.179356624028344
38.92300091205713 34.79942528261063 26.981475126464083 27.2213151776324 23.280893453645632
37.61648574760805 35.566838487557476 28.35489375751565 30.512292604784715 24.859605789312106
38.144462245521304 33.926390907374746 27.018512172212592 28.053520278211074 24.166091947189145
38.47076812334269 33.97057550292606 24.43358344574123 27.784887978899608 21.047565179849187
38.57460304397182 33.94112549695428 25.436194683953808 27.60434748368452 20.37154878746336
37.960505792204614 32.17141588429082 25.099800796022265 26.664583251946766 23.62202362203543
37.907782842049734 34.044089061098404 25.019992006393608 27.477263328068172 22.40535650240808
41.43669871020132 38.24918299781056 31.04834939252005 32.87856444554719 27.16615541441225
37.70941526992961 32.12475680841802 24.677925358506133 27.568097504180443 22.02271554554524
39.14077158156185 34.813790371058424 27.367864366808018 28.21347195933177 22.781571499789035
36.59234892706397 30.577769702841312 23.15167380558045 24.392621835300936 21.908902300206645
37.48332962798263 33.83784863137726 23.366642891095847 25.787593916455254 18.601075237738275
38.39270764090493 33.2264954516723 22.693611435820433 25.37715508089904 16.522711641858304
38.45776904605882 34.56877203488721 26.419689627245813 25.98076211353316 22.271057451320086
41.65333119931706 38.71692136521188 31.368774282716245 32.93933818400121 27.748873851023216
38.03945320322047 34.51086785347479 26.38181191654584 28.089143810376278 21.72556098240043
39.71145930332956 35.81898937714463 27.055498516937366 28.722813232690143 20.639767440550294
41.255302689472536 37.33630940518894 30.967725134404045 32.92415526630866 28.160255680657446