39
110
139
116
5
93
68
137
201
53
168
230
84
59
203
192
159
80
175
160
20
15
111
49
87
190
90
161
140
52
221
22
3
91
182
78
129
69
75
227
26
149
174
27
138
92
118
135
41
100
213
4
13
172
12
2
153
171
51
44
234
25
200
82
23
48
176
117
170
121
96
70
109
210
220
206
7
10
65
130
196
231
193
40
205
123
167
61
189
103
71
224
181
195
88
106
212
156
214
154
36
133
162
147
63
32
35
187
209
225
125
211
142
215
163
43
204
158
144
199
119
197
97
155
124
72
57
33
219
202
24
208
169
86
104
136
183
173
238
143
223
179
235
31
115
164
83
145
194
229
76
98
99
128
79
188
198
112
232
17
237
34
191
108
239
73
45
28
157
56
30
50
131
11
184
14
37
165
102
47
6
94
207
21
222
120
67
178
42
218
185
95
55
152
46
134
1
89
132
77
113
18
180
236
64
126
58
74
150
177
0
216
38
54
228
66