117.92370414806346 130.18448448259878 175.8721126273293 168.5704600456438 133.70115930686615 134.27211177307072
119.95832609702421 133.47658970770868 171.54299752540177 173.76420805217626 132.4462154989715 133.33041663476493
104.4030650891055 120.797350964332 168.62680688431482 163.79865689315037 115.33429672044652 116.00431026474836
108.62320194139004 122.84543133547946 166.07227342335023 163.63068171953572 131.21356637177422 120.85528536228773
125.06398362438324 133.69741957120937 176.19875141441838 174.07182425654074 143.00699283601483 132.8457752433249
112.37882362794157 121.23943252918994 168.98520645310938 169.0 136.94889557787604 128.7400481590713
92.40129869217208 113.60457737256893 166.484233487739 161.9629587282228 115.32562594670796 115.21718621802913
99.9499874937461 122.71919165313956 166.6823325970692 165.03938923784224 119.08820260630354 120.73524754602526
115.36463929644994 128.68177804180357 172.2556240010758 173.87064157010522 138.08330818748513 126.54643416548726
116.68333214302719 127.92575972023774 169.49336270190642 175.62744660217547 132.66876045248935 125.45915670049756
111.32385189167684 122.24156412611875 172.52246230563716 159.95936984121937 120.0541544470661 118.83602147497197
92.12491519670452 106.46595700034824 163.43806166251483 155.88778014969614 111.71839597846005 101.97058399362044
108.34666584625482 122.98373876248843 174.28711943227475 163.92986305124518 120.06248373242992 119.34822998268554
102.61578825892242 117.05554237198682 171.93312653470826 165.5234122412899 109.39835464941875 113.10614483749325
92.57969539807311 111.14405067298924 168.02975926900567 167.50820875407868 111.48542505637228 104.82366145102927
83.3186653757728 109.42577392917995 154.58007633585902 152.0526224699857 104.04806581575652 106.20263650211326
93.47726996441435 122.55610959882824 164.55090397806995 155.0612782096162 121.01239605924675 117.89402020458883
91.804139340228 119.54078801814885 160.82599292402955 157.378524583248 107.95369377654477 117.40102214205803
94.30800602281866 118.51582172857766 165.13933510826547 162.81891781976688 119.858249611781 119.44454780357285
78.18567643756751 114.34596626029271 157.13051899615172 154.67061776562477 116.3915804515086 108.01851693112621
106.57391800998967 129.6919426949878 172.1772342674838 162.837342154679 134.1118935814419 132.102233137824
89.38679992034618 117.88977903109328 163.59400967028103 162.8066337714775 114.60366486286553 109.77704678119193
97.91322688993556 119.83738982471205 161.74671557716403 156.6492898164559 120.66068125118473 111.3822247937255
94.76286192385707 128.2107639786925 166.23176591734807 160.65490966665163 113.78927893259541 118.76447280226525
82.84322543213779 117.28171212938528 158.60643114325472 154.84508387417407 112.69871339105873 109.37092849564732
89.38679992034618 116.22392180614109 154.8321672004884 156.92673449734434 121.21056059601408 114.9565135170687
98.88882646689666 128.94572501638044 165.46298679765212 157.0063692975543 123.97983707038819 122.22111110606056
108.30050784737807 141.5167834569455 167.51119365582707 161.48374531202822 134.70337783441067 136.95254652615992
99.3529063490344 129.2555608088101 167.80941570722425 157.31814898478814 124.99199974398361 121.04544601099208
108.59097568398582 133.06389442670013 174.2096438203121 163.24827717314508 125.80143083447024 127.63620176109912
69.57010852370435 114.39405578962571 151.87165634179408 154.69324484281788 118.67602959317438 108.77040038539897
91.92388155425118 133.4241357476225 166.0210829985156 160.44936896105264 127.03542812932147 126.86607111438424
81.08637370113428 117.99576263578281 158.80176321439257 160.52725625263767 120.24558203942463 111.82128598795491
99.20181449953424 123.10564568694646 154.5833108715168 149.1676908717166 122.54386969571347 118.79393923933998
100.80674580602232 121.55657119218195 161.01242188104618 167.71404234589303 120.25805586321442 119.12598373151006
89.19080670113932 115.60709320798617 165.8010856418015 160.52102666006095 121.4207560510146 110.20889256316842
188.04254837669055 178.96368346678608 222.04278866921123 224.35685859808254 192.07290282598427 173.09246084101989
78.70196947980399 115.19548602267365 160.80111939908875 159.46159412222116 115.02173707608489 107.36386729249277
96.51424765287247 121.98770429842509 163.71316379570703 166.23176591734807 116.69190203266035 118.17783210061013
69.15923654870693 110.83771921146699 155.1773179301666 152.25964665662403 111.19802156513397 102.78132126023678
94.39279633531363 126.4199351368288 163.26359055221099 162.5607578722491 130.927460832325 123.8587905640936
112.9778739399888 130.3533658944026 167.97916537475712 159.81239000778382 129.1743008496659 129.1239714383042
112.80957406177899 142.80056022299073 170.4083331295744 172.9277305697383 137.5281789307195 136.68577102244404
96.29641737884126 131.8142632646407 160.61133210331082 170.74835284710656 134.32423459673984 125.57866060760483
71.5122367151245 113.50770898930169 156.2209973083004 155.4091374404993 115.41230437002807 105.8158778255891
78.11529939774923 120.68139873236471 165.90660023037057 163.19926470422593 115.74973002128341 113.21219015636082
85.246700815926 119.80400661079746 161.37533888422976 155.80436450882883 105.93866149805746 112.49888888340186
80.97530487747484 118.38496526164123 157.08596372687154 155.90060936378666 122.86984984120393 112.79184367674819
98.85848471426213 129.24782396620841 162.94170736800322 165.62306602644452 122.76400123814798 119.40686747419514
85.72047596694736 122.2620137246234 162.35455029040608 159.03458743304867 122.13107712617621 115.0
65.81793068761733 106.58330075579383 150.58884420832774 148.45874847916508 107.3126274023705 100.60318086422517
115.34730165894649 141.37538682528864 164.0365812860046 173.93964470470786 136.0183811107896 139.6352391053204
94.65727652959386 123.28828005937953 164.1554141659665 156.73544589530474 119.3901168438996 117.23054209547954
90.90104509850258 121.68401702770993 157.44840424723267 161.79925834193432 122.20883765096532 119.98333217576514
73.55949972641196 116.3915804515086 154.86768546084753 156.5790535161073 110.24971655292362 108.07404868885037
92.15204826806618 121.5236602477065 161.26685958373469 163.86579875007476 126.0317420335052 119.89578808281799
93.78699270154684 128.3822417626363 167.10774967068403 165.16658257650062 128.2497563350512 121.78259317324459
103.16976301223144 134.32795688165587 173.3176274935703 172.87567787285752 136.3011371926148 130.11149065320865
95.99479152537391 134.86660075793412 168.5645277037847 164.7513277639971 132.9699214108213 129.2749008895385
90.6311204829776 125.15590277729612 161.13038198924497 159.4678651014053 116.67904696216884 118.33427229674419
89.92218858546538 129.6225289060509 166.3159643570033 164.14018398917432 127.61661333854617 121.09913294487289
82.93370846646133 118.56643707221703 163.09812997088594 158.16447135814036 115.08257904652642 109.65856099730654
91.16468614545876 122.82914963476708 168.4755175092215 163.36768346279504 114.23221962301179 115.89650555560335
87.14929718592113 124.77579893553076 170.03529045465825 165.61702811003462 116.26263372210352 116.10340218959993
76.4198926981712 124.9879994239447 160.40261843249317 161.02794788483146 124.2014492669067 116.40017182117903
110.3675676999362 137.11673858431726 171.38261288707207 165.78600664712326 128.75169901791588 132.31779925618474
89.91106717195609 127.94530081249565 167.59176590751707 164.07315441594946 124.7477454706096 118.9243456992722
79.42291860665912 115.78428218026832 155.29649062358106 152.3679756379273 114.27160627207444 105.3897528225586
91.0494371207203 119.04620951546504 166.3159643570033 160.2934808406131 111.65124271587845 114.01315713548152
79.19595949289332 125.04399225872469 162.7298374607435 163.6276260293475 118.490505948789 111.63780721601441
96.93812459502195 124.28596059088895 162.5730604989646 162.93863875704866 116.71760792613941 110.74294559925703
89.00561780022652 126.84636376341263 169.51991033504 167.1645895517349 127.18490476467717 123.45444503945575
91.53687781435414 126.67675398430448 169.4284509756257 162.2682963489788 121.52777460317456 115.68923891183657
97.82126558167197 127.38524247337287 163.30339861742007 162.08331191088118 128.81381913443914 120.86355943790502
86.38865666278183 128.23026163897507 164.19500601419034 162.77284785860326 122.89426349508751 120.48236385463227
0.0 107.68472500777443 152.9803909002719 153.2710018235674 104.22091920531118 96.01562372864116
100.70253224224304 135.2442235365341 173.49351572897473 162.66222671536252 127.94139283281233 125.42726976220123
89.21883209278185 134.92219980418344 172.02616080119907 166.87720036002523 125.52290627610564 125.27170470621049
77.30459236035075 123.39367893048654 162.70525498581785 160.13744096868788 121.92620719107111 112.34322409473569
95.97916440561461 137.17871555019022 169.73803345155144 167.14065932620943 131.293564198707 125.07197927593535
89.67719888578144 116.72189169131899 160.52725625263767 151.63113136819894 107.19141756689292 109.13752791776072
95.79144011862438 133.2816566523691 163.42888361608544 158.66946776238962 125.92060990957755 126.36850873536493
100.82162466455298 141.18427674496903 171.25419702886117 175.2740711000917 138.68309197591464 131.78011989674314
68.10286337592568 121.35897165022452 160.37144384210052 161.93208452928653 119.20570456148481 111.23398761170077
71.83313998427188 123.8305293536291 160.844645543456 160.5801980320114 114.46396812971321 113.25634640054393
95.69221493935649 128.2380598730346 161.05899540230592 163.19007322750977 129.24782396620841 124.18534535121283
93.7923237797209 135.38463723776047 164.28024835627684 169.1005617968196 129.6803763103732 125.5706972187381
107.09341716464182 140.09639538546307 168.31518053936787 166.52627420320195 133.5926644692739 132.664991614216
62.93647591023825 112.46777316191515 156.74182594317318 155.52170266557656 111.29690022637648 101.31140113531151
73.55270219373317 116.3958762156117 160.09684569035082 161.57970169547906 121.98360545581525 113.57376457615553
99.77975746613137 137.94926603646718 165.65928890345992 167.00898179439332 133.30416347586447 129.3715579252256
102.00980345045274 139.29106216839614 169.42549985170473 173.25703448922354 137.30986854556377 132.80436739806413
64.13267497929586 113.1238259607586 151.53877391611692 153.9253065613319 111.26994203287786 105.33755265810954
86.70640114778148 126.7911668847637 163.7345412550449 163.2115192013113 124.1370210694618 124.55922286205868
86.95976080923866 129.81525334104617 163.97865714781298 162.62226169869857 127.16131487209465 122.24974437601087
188.3454273402994 191.76548177396265 226.17471123005774 221.13344387495982 189.27757394894937 174.57663073848116
180.9834246554087 178.21616088334974 220.55838229366844 217.60744472558838 179.66914036639682 168.7187008010671
181.22913673027304 178.28628662911794 219.3467574412715 219.28976264294693 185.97849338028308 166.10538823289266
192.23423212320952 187.20576914187234 229.0960497258737 226.4199637841151 197.0989599160787 181.73332110540434
164.91209779758427 164.2985088185526 195.99744896299032 202.82504776284412 167.68422704595682 167.05388352265265
144.50951525764663 134.4953530795767 175.3909917869216 184.39360075664231 148.8321201891581 138.06520198804623
186.884991371699 182.90981384277882 223.04932189988833 223.39203208709122 186.05375567292373 168.46661390317072
192.3408432964772 189.26964891392387 226.50386310171402 228.2476724963477 191.85150507619167 176.0454486773231
115.66330446602328 115.62006746235707 166.50825805346713 158.18343781824947 125.13193037750197 120.55289295574785
180.70141117323905 174.22112386275091 217.02073633641555 220.76458049243317 177.09037240911772 166.84723551800312
185.15939079614623 183.07375562870828 223.56878136269384 223.51733713517615 184.19554826325202 168.5852899869974
188.30825791770258 176.11359970201053 216.8340379184043 219.8590457543196 186.11286898008962 175.30259553126987
180.7788704467422 182.7867610085588 222.62973745661202 215.8587501121972 186.57170203436533 166.75730868540666
191.6402880398587 187.64860777527767 224.7954625876599 227.76303475322769 186.9598887462228 174.38749955200345
110.06361796706484 114.37657102746174 154.042202009709 156.95859326586742 126.07934009979589 113.04423912787418
192.9196724027905 187.7338541659442 221.32555207205516 222.1891086439657 194.11336893681485 189.48614725092702
126.81482563170601 96.91233151668574 164.54482671904336 162.81277591147446 125.22779244241272 122.91053657030385
178.51890656174209 171.77601695230913 215.93054438869922 217.22108553268947 179.36833611315015 162.77591959500643
183.2593790232849 181.18498834064593 214.10978492352936 212.85206130080113 184.4776409216033 183.49114420047633
107.68472500777443 0.0 150.2165104108067 158.61904047118682 107.97221864905805 95.58765610684259
142.07040508142433 129.22847983320085 177.23712929293342 185.65559512171993 152.78743403827423 137.648102057384
126.70832648251653 105.68348972285122 167.40967713964446 164.74525789836866 127.06297651164952 122.0245876862528
132.7365812427004 118.3934119788766 166.5232716469383 165.13933510826547 127.92575972023774 135.2701001699932
109.60383204979651 89.77193325310535 151.1158495989087 150.8011936292283 113.82881884654694 102.18610473053565
179.43522508136468 166.1535434470177 211.02606474082768 215.12089624208988 177.97471730557686 164.7604321431575
190.97643833729856 182.62529945218432 223.77444000600246 226.42879675518307 194.0257714840995 177.25405496066938
134.8591858198766 137.6117727521886 193.70080020485202 185.15669040032012 150.35624363490862 145.89722409970656
154.0811474515945 158.85528005074303 207.09901013766338 192.3772335802758 166.5562967888035 164.56609614376833
186.97058592195725 180.21653642216077 222.29484924307175 224.45489524623872 193.41147845978531 177.96909844127435
183.74166647769363 181.94229854544545 216.0509199239846 215.35319825811735 185.92202666709505 174.32727841620198
102.36210236215355 102.77159140540736 159.8718236588299 162.30834852218786 119.27279656317278 109.7679370308106
142.9930068220121 154.48300877442801 201.41002954172862 181.38632804045625 159.90309565483716 156.46085772486356
185.63674205285977 181.4359391079948 218.4078753158869 213.6188193956703 185.878992895916 189.1877374461675
107.75435026020992 96.55568341635825 151.77615095923338 157.6356558650358 112.97344820797495 111.6422858956229
185.1404871982355 177.70481141488546 222.12158832495322 224.8399430706208 186.7270735592458 169.85876486069242
172.87567787285752 168.4280261714184 207.91584836178313 208.7773934122179 176.38594048279472 170.4083331295744
137.09850473291092 133.19909909605244 180.44666802132977 172.78888853164142 147.02380759591284 142.44648117801998
102.66937225872184 116.59759860305871 166.89517668285083 173.5540261705271 130.12686117785213 123.18279100588686
99.51381813597547 86.91950298983537 146.3830591291219 148.6707772226943 107.10275439968852 102.60604270704528
106.92988356862641 91.19210492142398 157.01273833673497 159.46159412222116 119.18053532351665 111.00900864344298
127.89448776237387 106.09901036296239 163.1441080762649 165.6834330885258 124.84790747145104 121.82774724995944
177.52464617624224 169.54940282997165 211.0213259365034 217.25330837526963 181.3918410513549 167.40370366273262
121.50720143267229 101.91172650877817 157.97151641989134 156.00641012471252 126.76750372236569 118.59595271340417
126.85424707119584 114.93476410555685 156.23379916010492 160.3558542741736 128.2107639786925 130.47221926525202
177.2004514666935 179.8999722067794 212.31815749012142 210.75578283881086 181.64801127455263 180.8120571200936
109.01834707974616 84.36231386110744 149.1174034108695 154.79341071247185 109.05503197927182 105.1284928076114
180.43281298034458 177.87636155487328 215.6687274502263 217.2832253074314 181.8130908378162 175.45654732725137
133.0338302838793 125.90472588429714 167.75875536018978 175.76689108020315 144.81712605904042 136.84662947986698
128.47957036042735 111.87939935484101 166.55329477377504 169.86759549719895 136.53204751998703 128.41339493993607
179.61347388211163 170.83617883809038 215.97685061135604 216.5894734284194 183.24027941476186 165.3178756214826
176.8219443394965 176.22712617528552 208.58331668664204 209.99523804124703 176.74275091216612 178.85468962260956
182.1318203939114 169.4815624190431 216.95852138139216 219.02511271541445 183.62461708605412 169.9499926448954
124.73972903610141 115.42096863222038 162.85269417482783 166.63132958720578 135.94851966829208 126.81088281373961
180.3995565404749 168.01785619391768 216.09488656606385 217.47183725714922 180.14993755202914 167.07782617690475
173.64907140552177 167.00898179439332 212.69931828757703 214.1074496602115 180.18878988438766 160.42755374311483
187.98138205684094 174.16945771288374 218.3575050232989 221.01809880640997 187.6832437912346 174.8656627242753
122.36012422353943 101.65628362280415 168.88753654429328 167.9166459884189 134.49907062875937 126.70832648251653
101.79390944452423 95.4567965102538 153.86682553429117 159.49921629901507 123.5394673778384 113.1238259607586
108.3789647487002 84.41563836162112 153.7693077307692 155.97435686676192 117.27744881263405 111.61093136427094
184.87833837418594 179.13123680698462 221.51523649627356 223.2845717912458 194.24726510301247 175.02285565034072
179.47423213375228 170.3789893149974 216.2960933535324 219.80673329086167 186.45374761586316 165.53549468316456
120.00833304400157 91.85858696931932 150.94701056993478 161.6168308066954 122.60505699195282 109.83168941612435
119.6536668890678 107.33592129385204 160.76691201861158 160.85086260259843 124.42266674525185 123.83860464330176
103.71113729971339 77.78174593052023 148.5631178994302 151.06952042023568 103.02426898551623 98.75727821279807
118.61281549647154 94.11163583744573 159.75606404765986 160.25916510452686 119.08400396358866 109.41663493271945
92.05976319760984 89.57120072880568 152.4663897388536 154.63828762631846 104.47487736293353 94.03190947758107
120.85114811204733 98.87871358386495 159.69971822141704 167.70509831248424 127.07871576310488 112.22299229658778
114.95216396397242 95.91663046625439 165.37533068750005 163.8596960817394 116.96153213770756 114.6778095361086
186.41351882307248 173.19930715796758 215.7753461357437 218.33918567220132 179.82213434391218 177.94100145834855
110.01818031580054 83.60621986431393 150.68178390236824 155.4348738218036 109.73604694903129 107.2147377928986
181.38908456685039 170.5637710652529 219.11412551453637 217.32004049327801 190.51509126575775 168.97632970330488
180.85906114983567 179.22611416866684 126.69254121691615 207.21969018411355 174.18381095842403 187.3739576355263
165.3420696616563 167.37980762326143 108.57716150277645 197.96969465046917 174.5279347267938 172.2120785543221
233.95512390199963 231.18607224484782 202.94334184693028 256.71190077594764 232.6349070969359 222.7015940670385
218.78299751123257 215.8842282335604 187.77380008936285 249.1224598465582 220.15449121014996 206.60832509848194
224.755422626463 221.98873845310263 192.80560157837738 250.52145616693193 224.5373020235168 211.8773229961149
169.50811190028637 172.89013852733186 114.42027792310242 193.0207242759181 162.48384535085327 173.33205127730994
178.53291013143766 184.27696546231707 136.53937161126822 208.82049707823225 178.06178702910964 185.86285266292455
170.6487620816512 161.78071578528758 100.90589675534329 202.65981348062078 165.64721549123607 172.0
214.6438911313341 218.20632438130662 182.42532718896246 238.92676702286832 214.8720549536398 215.974535536021
173.92527130926086 178.51050389262812 123.35720489699821 200.65393093582793 174.20103329199858 178.67568385205638
169.3782748760891 170.3965962101356 103.53743284435828 197.6233791837393 164.86054712999106 177.7526371112395
167.14365079176653 168.48442064475873 97.49871794028884 192.29924596836048 164.60558921251732 176.05112893702216
171.3942822850284 162.03703280423275 102.9417310909429 202.98275788844725 175.54486605993353 176.28102563804194
181.3945974939717 174.53939383417142 109.80437149767764 206.95893312442448 169.8646520027048 184.06792224611002
171.36218952849546 175.09711591000007 115.20416659131735 200.81583602893474 169.26015479137433 179.42129193604643
178.68687696638497 179.10053042914194 118.1185844818672 199.90747859947612 162.61303760769 182.94808006644945
166.0 167.6663353210775 116.36580253665593 203.36666393487405 161.70343224557726 167.32304085211933
170.1323014597757 175.9119097730452 113.46365056704283 197.0812015388581 166.3640586184408 178.2806775845324
170.41126723312635 174.99714283381886 109.83168941612435 202.23748416156684 171.03216071838654 183.88311504866346
176.81063316441123 171.8778636125083 95.4829827770373 199.11303322484946 171.41761869772895 179.39620954747065
170.66927081346543 172.2149819266605 118.1482120050913 201.56884679930081 168.25575770237404 176.84739183827395
170.60187572239644 170.60187572239644 105.97169433391164 201.63581031156147 168.05058762170395 176.91806012954132
178.44887222955487 169.48746266317164 113.39753083731586 203.0369424513677 165.74679484080528 176.9887002042786
180.0444389588304 183.3684814792335 133.4053971921676 208.13457185196313 174.64821785520743 186.50737250843463
167.1496335622666 171.11107503607124 113.63978176677391 195.60930448217437 166.844238737812 174.73408368146153
215.5110205998756 211.36461387848252 179.13681921927719 244.11267890054378 214.2545215392198 203.16495760834349
220.34745290109436 217.211878128246 189.97368238785077 250.41765113505878 219.8522230954238 209.41824180333478
171.17826964892478 171.0555465338672 100.03499387714281 195.616972678753 165.64419700067975 177.98595450203368
164.33502365594498 167.6007159889241 97.2265395866787 191.78112524437853 161.22034611053283 174.10054566255673
167.68124522438399 170.80690852538723 100.08995953640904 192.26284092356485 163.37380450978057 177.85949510779568
170.49633427144408 171.64789541383837 105.98113039593416 194.44022217637996 169.86759549719895 176.38594048279472
160.15305179733542 162.9570495560103 93.40235543068493 191.18315825406796 154.40531078949326 169.13308369446824
168.79573454326385 169.4048405447731 112.60106571431729 201.34547424762246 167.48134224444226 174.0775689168481
221.18996360594664 219.97954450357423 188.98677202386415 247.49747473459198 223.92632717034414 210.14280858501917
177.6626015795108 173.5857136978732 106.44716999526104 199.33890739140716 164.08534364774937 181.95878654244757
179.4686602167632 179.61347388211163 123.68508398347798 204.68756679388224 173.60011520733505 183.03005217723125
166.14451540752106 159.7185023721422 98.84836872705588 194.91023574969068 167.86303941010956 173.44451562387323
166.28890522220658 166.25883435174205 91.1756546453054 193.86077478437974 166.87720036002523 175.08569330473577
180.25260053602557 175.21130100538608 115.56816170554933 206.1528559103657 164.13713778423212 184.42884806884197
217.05068532487982 215.87264764207623 186.14510468986285 248.43711477957555 220.0840748441377 205.94659501919423
175.63314038073793 175.35392781457733 98.95453501482385 192.63177308014377 159.06916734552928 182.46095472730596
167.17655337995217 163.6765102267274 82.48030067840442 191.6768113257313 167.6186147180557 171.64206943520577
166.84723551800312 166.38509548634457 95.98437372822724 193.98453546610358 164.78470802838473 173.59435474692143
159.66527487215245 162.9202258775748 91.0494371207203 193.9974226632921 162.34839081432253 166.5292767053289
168.70981002893697 171.62459031269384 102.03920815059278 201.4025819099646 168.70388258721255 178.7568180517879
175.89485495602196 178.3900221424954 116.73045875006231 202.3536508195491 168.78092309262917 184.43427013437605
166.93711390820198 168.25575770237404 101.24722218411723 198.82152800941853 166.6913315082701 176.16185739256952
175.37673733993344 170.78348866327798 111.01351269102334 196.63926362758787 167.9613050675661 179.6941846582688
161.18932967166282 163.48700254148645 82.17663901620703 187.20042734993956 164.2985088185526 170.30267173476756
164.96363235574077 171.4497010787712 103.3537614216338 187.61396536505484 169.25424662323837 173.65483005087995
174.1034175425629 168.90825912311098 104.88565202161828 195.69363811836092 162.191245139804 178.46848461283017
171.67410987099947 176.0454486773231 109.45775440780794 197.41327209688816 167.5768480429203 180.43004184447778
166.652332716947 170.18519324547597 97.9081201943945 196.11986130935335 167.77067681809 176.61257033405067
172.26433176952216 175.8379936191266 107.71258050942797 201.4820091224028 170.8010538609174 179.404570733301
172.33397807745285 166.73631877908304 101.58740079360236 198.8039235025305 160.61444517850816 176.71445894436596
163.55121522018723 162.15116404145854 88.9606654651369 191.1203809121361 163.84443841644426 172.18013822738092
173.66058850527946 172.74258305351347 113.32696060514462 203.70076092150467 178.02247049178933 177.9578601804371
174.4591642763429 174.92855684535903 101.18794394590691 200.8332641770282 172.9624236647949 182.9289479552102
168.30032679706835 165.24224641416615 92.81163720137685 193.49676999888138 163.75286257039906 172.26723426119082
159.25765287734214 160.53348560347152 78.01281945936834 195.73195957737715 166.75431028911967 167.89282295559866
161.67250848551834 160.1749044014074 86.00581375697809 194.4530791733574 165.26342608090877 167.8541033159452
172.72521529875132 170.17050273181894 96.42095207992918 198.81146848207726 170.33496411482875 175.43374817862156
172.99132926248066 170.19400694501556 107.2147377928986 193.6646586241279 173.216627377397 181.8213408816468
214.8348202689685 214.83016547961788 184.00271737123884 246.7184630302321 220.3043349550798 205.65748223684935
157.7529714458653 153.63593329686907 65.10760324263211 190.5203401214684 159.03458743304867 158.97484077677197
163.49617732534298 161.13658802394943 92.41212041718337 188.10901094843916 167.59176590751707 167.36188335460378
170.1616878148545 168.55562879951532 107.15409464878138 195.77282753232126 162.42844578459773 176.67484257811014
160.90369790654285 164.98484778912274 94.5568612000208 188.50994668717087 159.81239000778382 170.89470442351336
167.91366829415645 166.00903589865223 99.72963451251589 196.85781671043696 167.49626861515452 177.9213309302738
168.79573454326385 167.2064592053788 102.51341375644458 192.36423784061319 155.55706348475468 173.58283325260018
158.30034744118535 158.97484077677197 83.36666000266533 192.92226413765727 169.01183390520322 168.53486286225768
152.9803909002719 150.2165104108067 0.0 185.75521526998912 157.3944090493687 158.67577004697347
161.25445730273628 158.93080255255745 78.07688518377255 189.7814532561072 161.32885668720274 166.29491874377882
163.11345744603662 159.68719422671313 80.86408349817613 193.37011144434913 157.08596372687154 165.54455593585675
166.3640586184408 160.25292509030842 92.2062904578641 187.128298234126 157.02547564010115 168.6238417306402
163.3370747870795 157.534123287623 65.16133823057964 191.70028690641024 160.3527361787132 166.70932787339765
163.3217682980441 158.64425612041552 74.23610981186985 190.91883092036784 161.09624452481813 165.46600859391032
159.63082409108839 153.19921670818033 77.86526825228306 192.067696398952 160.7109205996904 161.74362429474616
165.37835408541227 162.62226169869857 82.39538822045807 193.41147845978531 167.14065932620943 171.71196813268432
161.74362429474616 153.64569632762255 86.1974477580398 188.5603351715307 153.39817469578966 163.43194302216443
168.6297719858507 165.94577427581578 97.81104232140663 194.14942698859556 173.18198520631412 175.19988584471167
174.58522274236157 166.8891847903872 100.41414243023739 194.86918689213027 171.5925406304132 177.49647883831386
217.67406827640264 216.48094604375694 188.0026595556563 244.24987205728482 221.92341021172146 209.5304273846641
155.9230579484638 150.69173832695674 76.77890335241837 185.79558659989746 154.5639026422405 155.92626462530293
163.5328713133846 162.24364394329905 90.39911503991618 188.2949813457597 164.49620056402517 169.42254867637897
162.97852619286996 163.63984844774208 89.2468486838611 196.1835874888621 166.02409463689298 170.98830369355676
169.07394831847986 165.08785539826968 86.50433515148244 194.42736432920137 167.46940019000485 174.6682569902156
164.66936569987752 160.0 76.909037180295 190.50984226543258 159.6120296218302 166.7063286141231
161.36604351597643 158.24980252752292 79.66178506661774 193.55361014457984 156.02243428430413 165.62608490210712
167.85708206685828 168.23198269056928 98.70663604844408 197.8029322330688 173.84475833340503 177.41758650145144
163.67956500430955 161.67560112769027 75.53806987208503 188.8570888264457 155.9967948388684 168.01190434013895
159.6339562875017 156.03525242713584 88.03408430829505 191.90362164378243 157.9145338466349 167.17655337995217
160.0562401157793 161.07762104029226 92.67685795278129 190.16834647227702 155.9166443969341 167.84814565552995
167.69019053003666 166.68533228811705 89.89438247187641 194.28329830430613 163.49923547221866 175.98011251274957
153.12413265060476 153.74329253661767 83.23460818673925 188.63456735179795 160.14056325615942 159.76858264377262
157.8923684032892 160.822883943797 86.52745229116596 190.23669467271554 162.75748830699004 167.81239525136397
169.22470268846686 164.67240205936147 98.74208829065749 180.33579788827288 158.60327865463563 175.03713891628828
158.08541994757138 160.0718588634492 82.21921916437786 188.09837851507388 161.68797110484132 167.5708805252273
158.4013888827999 157.8955350857015 74.32361670424818 190.43896660085088 161.49612998459128 166.80527569594435
163.45029825607537 158.99685531481433 87.22958213817145 190.89263998384013 153.7400403278209 165.65325230734229
160.27164440411784 158.26875876179733 84.8528137423857 192.19521325985204 159.03773137214955 159.76232346833217
179.0921550487346 170.45233937966356 105.01904589168576 200.11496695649728 171.23667831396403 178.51330482627898
158.67892109539943 158.21820375671064 78.62569554541314 187.52866447559424 156.82155464093577 167.0269439342048
171.90986010115884 168.89345754054537 101.8037327409953 198.5623327824288 169.34875257881293 179.11448852619378
163.19313711060278 161.5116094898444 83.12039460926542 191.57766049307523 156.07690412101337 169.49631264425784
155.60526983364028 152.46966911487675 74.81978348003956 190.43896660085088 159.03144343179434 161.2637591029057
171.49344010777787 160.32467059064865 100.12492197250393 197.038067388005 169.66437457521835 173.44451562387323
170.70442290696514 166.6553329479738 97.3909646733207 201.4298885468589 169.95881854143374 175.10282693320517
161.27616066858735 160.13119621110684 93.53608929178085 196.10201426808445 160.099968769516 168.02083204174417
167.10475756243446 170.5051318875769 95.96353474106714 193.57169214531345 161.00931650062986 173.10979175078455
168.1755035669583 168.55562879951532 108.29589096544707 195.03589413233658 167.07184083501323 178.98603297464302
227.050655141094 219.57231155134292 253.56853117056934 198.15650380444242 231.80163933846544 215.96990531090205
157.21005056929408 164.12495239907915 191.10729970359583 82.56512580987206 161.8486947738535 169.43435306926398
160.69536396548594 166.26785618392992 195.72940504686565 93.92017887546851 163.5328713133846 168.5704600456438
157.29272074701996 161.75598906995685 191.8436863699194 78.24960063795854 160.57708429287163 161.96913286178943
206.5768622087188 209.15066339842195 239.49739038244238 170.28211884986632 211.43793415562877 210.71070214870434
166.64933243190626 172.2556240010758 193.34683860875512 99.38812806366765 165.7829906836042 173.5540261705271
151.46286673637206 156.03525242713584 185.77943912069495 71.01408311032397 149.51588544365444 160.08122938058665
159.00314462299164 163.57872722331592 192.70962612178977 81.53526844255803 157.96835126062436 168.24684246665672
216.5548429382266 212.2828302053654 248.93573467865156 189.15073354338332 222.84075031286355 206.85985594116613
147.648230602334 156.93310676845724 191.637678967368 74.89993324429602 153.1208672911697 156.36815532582074
160.51479682571323 164.65418306256296 191.14915641979695 79.41662294507366 157.9145338466349 167.61264868738277
169.413694841946 174.6052691072065 203.17972339778396 98.39207285142437 168.01488029338353 179.89441347635005
165.37533068750005 175.53062410872926 197.63096923306327 94.64142856064674 160.73269735806713 176.52195330892982
171.24543789543708 174.06607940664372 198.98241128300762 95.11571899533746 175.05142101679724 177.80326206231425
215.82863572751415 211.2581359380036 250.53742235442593 189.86310858089308 221.37750563234738 205.17553460390934
166.14150595200465 163.20232841476252 194.18032856085088 104.79980916013159 161.95369708654385 173.33205127730994
173.0231198424072 173.69225659193907 197.50443033005615 111.06304515904469 166.1896507006378 180.41618552668714
161.32575739788115 168.04761230080004 196.49681931267997 100.40916292848975 164.06096427852665 168.62680688431482
152.17095649301808 154.29193109168088 189.87627550591992 91.6515138991168 156.57586020839867 165.32694880145826
171.11691909334974 169.8087159129354 195.00256408570633 109.4486180817282 164.76346682441468 179.3376703316958
206.45096270058903 211.4095551293744 235.82832739092223 167.99404751359495 209.51372270092477 208.78457797452378
223.24650053248314 214.75800334329801 246.57656011875906 191.49151417229956 227.91006998375477 216.51789764358972
159.23567439490435 162.09873534361705 190.64364662899206 76.02631123499285 158.8332458901473 166.9820349618485
167.16758058906038 168.6979549372191 196.94161571389628 99.3529063490344 164.44147895224003 175.69860557215586
153.06534552275377 159.80926130859876 190.57282072740594 80.56674251823763 155.43165700718757 162.02468947663502
162.81277591147446 161.9382598399773 193.68789327162398 102.53779790886871 159.29846201391902 168.65645555388622
158.3445610054226 161.75598906995685 189.69449122207 86.53900854527974 159.339260698674 167.48134224444226
218.89266776207924 213.5790251873999 249.92999019725505 189.73665961010275 224.33011389467978 208.16099538578308
157.4833324514058 163.9176622576103 191.5567800940494 81.46778504415104 161.99074047611487 166.8891847903872
214.9581354589772 211.2747026976964 247.8467268293047 185.98118184375537 220.24304756336804 203.37158110217857
163.07053688511607 166.25883435174205 192.6369642617948 86.47543003651384 161.21414330014596 169.96764397967044
153.42750731208534 164.17064292984907 190.12890364171355 77.13624310270757 151.88153278130952 164.59343850834395
154.42797673996768 161.44968256394932 193.48643363295525 82.12186067059123 153.7140201803336 162.895672134038
154.40207252495026 159.34867429633672 188.54442447338505 70.24243731534378 157.53729717117784 162.69910878674168
155.66309774638304 158.6663165262243 186.9063936841113 83.99404740813482 156.7322557739791 163.0950643030009
155.283611498445 155.23852614605693 190.3417978269618 77.87810988975015 157.27364687066935 160.83531950414374
153.2710018235674 158.61904047118682 185.75521526998912 0.0 156.06408939919524 162.5084613181726
155.3447778330511 160.94719630984568 188.96295933330427 62.433965115151864 159.63082409108839 166.24379687675568
160.46183346827368 161.21414330014596 194.2601348707449 96.98453484963466 156.28819533157326 170.67220043111882
156.48322593811773 163.03067196083074 187.74450724322136 77.6595132614157 161.36604351597643 166.68533228811705
157.51507864328417 155.2900511945308 191.47845831842287 81.94510357550352 156.80242345065972 164.37153038163268
157.00955384943936 162.19741058352318 192.82893973675218 88.4420714366189 156.81198933755033 163.17781711985242
161.42180769648195 159.94686617749034 189.16130682568252 75.38567503179898 151.7003625572464 166.7932852365466
154.92901600410428 158.64740779476983 190.57282072740594 77.9807668595276 156.36176003102548 162.1480804696744
165.6381598545456 169.65848048358797 199.155717969633 103.09219175087898 166.42115250171776 174.98285630312475
166.2468044805674 164.60862674841803 198.04797398610268 104.96666137398103 161.92590898309015 173.69801380557004
159.18542646863122 168.3330033000065 195.06665527454967 88.31760866327846 163.0521389004143 171.63624325881756
220.2203442009843 212.26163101229577 250.29982021567653 188.56563843924482 225.50166296504335 210.5611550120297
155.97435686676192 155.64061166674975 186.33035179486996 85.89528508596965 151.65091493294725 160.71403174583108
150.79787796915446 150.56560032092324 186.78061997969704 79.17070165155795 152.03946855997623 159.54623154433952
158.58436240689053 164.3745722427894 190.24195120950583 100.88111815399351 160.7886811936711 164.20109622045769
166.0752841334315 156.50239614779065 197.45379206285202 100.07497189607399 159.91560274094581 169.162643630324
152.0526224699857 150.1798921294059 186.056443048877 80.91971329657564 158.826949854236 158.64740779476983
152.7186956466038 150.52906696050434 184.35834670553976 78.87331614684399 150.26310259009028 160.61755819336813
163.86579875007476 157.7022510936353 193.0932417253385 101.4889156509222 160.63000964950479 166.67633305301626
158.905632373431 157.02547564010115 194.36563482261982 98.16822296446034 155.87494987970325 165.8613879117138
155.19987113396712 154.631820787314 187.3018953454556 84.02975663418287 153.1502530197061 162.08022704821215
154.98709623707387 156.0416611036937 186.70297265978385 81.82297965730655 155.81078268207241 164.96666329898292
155.58598908642128 155.91985120567554 187.42465152695362 88.82004278314665 154.2822089548889 162.80049139974977
210.39486685753528 211.60340261914504 239.35956216537497 172.07556479639985 214.2755235672054 211.4686738030009
214.26385602802915 208.95214763193988 250.18792936510746 182.73204426153615 218.71213958077408 202.64747716169575
162.88953311984167 162.58228685807074 190.46784505527435 92.81702430050211 158.11072069913538 170.75713747893528
161.37224048763778 167.0 185.76329023787235 97.47307320486001 166.7782959500426 169.96470221784287
149.55266630856167 158.37929157563497 189.51253256711018 74.9933330370107 158.12653161313568 163.09199857749
163.28808897160872 170.23219436992522 200.28479722634967 94.91575211733824 164.59951397255097 175.69860557215586
163.60317845323178 163.2237727783548 199.0 106.10372283760829 163.74980916019413 175.60466964178372
219.64516839666655 210.69409104196538 244.31741648928755 182.00549442255857 211.7215152033444 209.50656314301946
162.81277591147446 165.57777628655361 202.7732724004818 104.4030650891055 164.27416108445053 173.61739544181626
155.11930892058538 159.88120589988054 197.15729760777307 96.35351576356723 163.06440445419105 166.3640586184408
171.3330090788112 175.88916964952674 205.56264252047356 110.7925990308017 174.65108072955059 182.65267586323503
221.13570494155846 217.2855264392914 246.7225161998799 187.30456481356774 215.571333901333 216.06943328476612
216.18741869035765 206.78249442348837 246.23159829721286 184.21454882826166 220.94116863997982 209.3083849252103
159.20741188776356 164.21632074796952 195.51981996718388 94.45104552094699 163.52675622050356 171.22499817491604
152.5712948100002 158.63164879682742 194.994871727438 95.13148795220224 159.78735869899094 166.5022522370193
155.3351215919954 162.6437825433238 195.69874807979738 90.85703054799887 155.88778014969614 168.15469068687915
158.31929762350515 163.24521432495348 201.6382900145704 105.68348972285122 164.18587028121513 170.75128110793196
169.1655993398185 176.40011337864837 208.69595108674247 114.20595431062253 177.31610191970722 182.59791893666258
154.23034720832342 157.54047099079017 197.038067388005 97.51410154434076 163.28196471135445 164.39586369492392
156.58543993615754 161.92282112166896 198.17668884104407 96.64884893261792 161.06209982488122 166.97305171793442
163.92681293796937 166.85322891691368 202.19544999826283 104.08650248711405 167.58878244083044 171.21623754772793
107.67079455451233 123.46254492760143 158.74507866387543 152.9607792867178 104.76163419878482 113.23427043081966
139.37001112147476 144.58907289280197 176.9773996870787 171.42928571279762 109.5171219490359 145.00689638772357
194.39135783259502 188.4940317357555 224.71537553091466 229.43844490407443 190.45734430575263 182.20043907740728
114.69088891450794 130.5526713629407 165.53851515583918 166.0963575759565 108.75660899458019 111.48542505637228
125.21980673998823 135.09256086106296 162.00308639035245 173.29743217947575 111.88386836358492 126.65306944563167
130.80519867344722 133.88054376943649 168.08628736455572 158.94653189044422 113.28724553099524 128.79052760199409
136.54303350958628 134.6476884316994 182.35405123001792 171.00292395160966 109.45318634009702 136.10657588816198
151.83214415926557 147.52965803525743 187.0294094520966 184.7241186201737 125.14391715141412 151.78273946664686
97.57048734120374 106.94858577840101 163.94206293688023 154.67385040788247 85.44003745317531 100.29456615390487
111.30588483993108 122.3396910246221 160.9409829720199 160.87572843657927 94.84197383015602 120.87183294713455
131.94695904036593 137.8042089342702 180.83970802896138 168.3330033000065 116.82465493208187 139.33771922921662
114.31972708154967 123.33288288206029 157.30225681788548 159.4835414705856 94.41927769264072 121.51543111885009
129.89226304903613 138.01449199268893 173.70377082838473 171.51093259614677 106.27323275406654 132.29890400150714
190.541334098405 184.65643774317752 226.67377439836307 224.59296516142263 189.65758619153624 176.21293936598414
151.95394038984313 149.45233353815524 168.9644933114647 186.392059916725 133.2066064427737 153.70426148939399
137.72436240549456 147.83774890061062 165.62306602644452 170.64583206161234 119.5156893466293 141.89785058273435
129.13558765886341 133.06389442670013 175.15992692394 175.43659823423388 105.13800454640558 127.07084638106413
104.69957019969088 122.31925441237777 158.17395487247578 158.5812094795597 88.35157044444654 103.14552825983296
123.95563722558164 139.0719238379911 178.61130983227238 171.85749910900017 109.38464243210744 124.29802894656054
120.7393887677091 131.38493064274914 166.53828388691892 169.59952830123083 96.90201236300514 118.36807001890332
120.44915939930839 128.9340916902896 163.99695119117305 172.64414267504125 102.09799214480175 121.81543416168577
104.22091920531118 107.97221864905805 157.3944090493687 156.06408939919524 0.0 106.52229813517918
141.92251407017844 145.29969029560937 187.87495841649573 175.86358349584486 119.78313737751236 140.92196422133776
107.74506949276147 123.47874310989727 162.39458119038332 161.11796920269322 94.12226091632095 116.58473313431737
112.49888888340186 119.5156893466293 166.8921807635097 168.8786546606764 89.58794561770016 110.07724560507498
119.77896309452674 117.5457357797381 161.62301816263673 166.41213898030395 91.31812525451889 124.79583326377528
142.55174499107332 149.06039044628858 177.43731287415284 177.6879286839711 122.41323457861898 142.78655398881227
123.84264209067892 128.75169901791588 175.22556891047608 163.68567438844488 103.13583276436954 122.93900926882402
117.3839852790831 137.5099996363901 176.80497730550462 156.323382767902 103.58088626768937 124.2095004417939
109.39835464941875 130.73637596323374 166.8921807635097 158.56859714331839 106.28264204469139 119.80400661079746
122.73141407154078 130.49521064008442 172.77152543170996 172.45579143653018 105.51303237041384 127.03542812932147
129.3792873685738 137.3062270984095 174.8427865254955 168.40130640823426 96.57639463140049 124.76377679438852
173.4301011935356 171.1724276862369 204.60938394902615 207.5090359478353 168.43990026119107 168.55562879951532
196.1300588895032 188.41178307101708 228.45130772223652 228.40096322038573 193.8169239256469 179.404570733301
189.14280319377738 188.30560267819968 223.49049196777923 225.67454442182884 192.88079220077876 180.49376720540795
195.65275362232958 190.69347130932405 226.74434943345335 230.07824755939012 198.39858870465787 185.85209172887994
110.57576588023255 133.96641370134532 169.46976131451888 164.18587028121513 109.67679791095289 115.42096863222038
129.24395537122808 128.98837156891315 172.8554309242264 175.41379649275024 114.39405578962571 133.22537295875736
127.27529218194708 127.18883598806933 176.10224302944013 171.0643153904402 99.3529063490344 127.42841127472319
115.35163631262454 131.90147838443661 166.03915200939807 155.89098755219945 98.63062404750362 127.83192089615176
115.29093633065871 138.7515765676196 165.67739737212196 160.63623501564024 109.79981785048643 133.77219442021575
104.9047186736612 120.56118778446071 173.3666634621547 161.5085137074823 88.72992730753249 112.25862995778988
111.42261888862602 135.85654198455074 169.24538398432023 157.74346262206873 106.88779163215975 129.24395537122808
127.08658465786229 135.9006990416164 176.85587352417787 168.41318238190263 117.72425408555367 139.71399357258383
110.8873302050329 115.38630767989761 163.2574653729501 166.55929874972458 76.39371701913711 106.99065379742288
115.80155439371269 126.25371281669304 161.66941578418596 161.22034611053283 99.77975746613137 127.29886095327012
123.37341690980274 137.83686009192172 173.50504315437058 172.40939649566667 116.86316785026837 132.36313686219438
113.33137253205751 119.44036168732913 164.54482671904336 165.5294535724685 91.0494371207203 118.27510304370908
122.51938622112013 117.65627905046122 168.45177351396453 172.1772342674838 99.24212815130478 124.93998559308385
118.46518475906751 136.6235704408284 174.55371666051687 170.1293625450939 108.34205093129813 128.35497652993436
187.77912557044246 182.29371903606554 222.8542124349459 218.50171624039936 183.99728258862956 176.11927776367924
109.96363035113019 126.28539107909513 167.79451719290472 167.76769653303344 103.76897416858277 121.03305333668155
181.14910985152537 172.9595328393321 130.8892661756494 203.83081219482006 157.21005056929408 179.60512242138307
172.66151858477326 179.05864960956228 121.28891128211185 202.15835377248203 154.4927182750048 175.05142101679724
154.30813329180026 165.28460303367643 113.11940593903418 191.4601786273062 144.24631711069785 160.4119696282045
178.08424972467387 185.41305239923105 137.63357148602952 205.99029103333973 166.61332479726823 184.00271737123884
163.61845861637983 172.25272131377199 111.09455432198286 189.80779752159816 159.1257364476281 169.19810873647495
213.0797972591489 209.01435357410264 172.02906731131225 236.7762657024559 209.24387685186872 208.26425521437903
169.71741218861428 172.81782315490494 118.23282116231516 202.45987256738061 154.6156525064652 172.1772342674838
160.10621474508727 164.69365500832143 108.42047777057617 193.6388390793541 152.78743403827423 168.24684246665672
214.67882988315358 203.05910469614506 178.39843048636948 245.50152749015635 211.14213222377006 200.63399512545226
161.67869371070512 172.74837191707482 122.76400123814798 196.98223270132766 161.00310556011024 168.1398227666486
179.07819521091898 181.84333916863713 129.60709857102736 206.65672019075498 157.37534749763066 184.8621107744905
153.87007506334686 169.88819853068077 107.89346597454362 191.11776474205635 150.4460036026215 162.35455029040608
171.07892915259904 181.10770276274835 125.3036312322991 192.35903929891103 160.70469812671936 179.34603424664846
111.17103939425951 121.88108959145384 161.62301816263673 151.7201370945861 89.22443611477743 120.07497657713701
117.69027147559818 130.98473193468007 168.24387061643583 161.7683529000651 97.46281342132495 126.18240764861004
121.85647295076286 124.86392593539577 163.1686244349691 164.56305782282973 99.66443698732262 129.0968628588627
124.74373731775074 121.4701609449827 172.10461934532728 166.9520889357183 103.64844427197158 128.7555824032496
188.02127539190877 184.30409653613236 219.64289198605996 221.54006409676782 186.74581655287489 179.54108164985527
187.0320828093405 177.20891625423366 223.63810051062407 223.68951696492172 191.48629193756926 174.97999885701222
128.2692480682724 129.71121771072848 166.64933243190626 167.06585527868944 91.2414379544733 128.8875478857442
118.05083650698965 123.64465212858985 160.25292509030842 160.0187489014959 110.27239001672177 123.97983707038819
193.32873557751316 187.47799870918186 227.51043932092435 222.84972515127768 195.8315602756614 183.6218941194105
129.4295174989075 133.19909909605244 169.83815825661793 171.0204666114556 117.6265276202609 132.5707358356285
123.89915253947461 132.23085872821065 171.30090484291085 151.73990905493517 105.3138167573467 132.21195104830727
119.58260743101398 124.1772926102031 160.72647572817615 165.51737068960466 107.62899237658968 125.1678872554778
157.23231220076872 164.06705946045355 104.05287117614775 191.57766049307523 151.16877984557524 167.53805537847214
170.5608395851756 170.2909275328548 133.10146505579868 197.3854097951518 161.61373703989398 172.55723688098394
156.81198933755033 163.43806166251483 111.61989070053778 191.80719485983835 149.17104276634927 162.42844578459773
162.39458119038332 166.06023003717658 109.21996154549771 191.79155351578964 146.23269128344728 165.83425460380616
161.6601373251922 161.6477652180815 102.96115772464877 195.91324610653564 153.29709716755892 160.9751533622503
175.946014447614 181.50757559947738 129.55307792561317 194.6561070195333 166.5142636532979 182.19769482625185
160.4400199451496 163.1533021424942 115.42096863222038 191.1988493689227 153.51547153300217 165.02121075789015
156.3809451307927 167.83027140536953 111.89280584559492 191.74722944543424 152.12166183683374 159.77484157401003
167.49328344742662 170.2879913558205 109.78615577567146 195.79581200832666 147.0510115572144 172.6238685697896
164.8939052845799 164.08534364774937 105.89145385724005 195.14609911550883 153.59687496821022 167.39474304768356
222.216111027081 215.73594971631408 192.4759725264429 249.34714756740252 224.2275629801118 210.22606879262145
173.04045769703686 173.67498380595865 128.59237924542808 202.03712530126734 163.887156299693 174.73408368146153
222.75547131327662 215.29050141610986 192.3720353897624 253.39692184397188 226.54359403876333 211.6719159454083
184.13310403075272 181.40286657051482 134.98148021117564 201.41747689810833 159.28904544883179 185.15939079614623
167.94046564184583 174.85422499899738 126.5029643921438 199.60961900670017 162.4992307674101 174.95999542752622
162.62226169869857 168.5289292673516 114.55566332573872 192.50454540088137 147.898613921835 169.25424662323837
161.9629587282228 170.78056095469412 111.70944454252738 194.44279364378613 156.92673449734434 171.89240820932145
132.93231360357797 135.33292282367952 171.55174146594956 167.28120037828518 127.17311036535986 111.57956802210698
115.89219128138012 127.47941010218082 166.86521506892922 164.24067705656842 117.79218989389746 100.66777041337511
141.3470905254155 141.38246001537814 174.95713760804387 178.51890656174209 130.034610777285 128.28873683998918
133.13151392514095 131.98484761517133 172.94796905427944 174.1952927033334 126.16655658295505 116.58902178164118
133.58517881860996 145.59189537882938 178.19090885900997 171.10523077919038 126.28935030318273 125.02799686470227
141.47084505296488 134.14171610651178 178.00842676682473 173.44739836619055 114.39405578962571 119.80400661079746
132.08330704521293 135.88230201170424 168.40130640823426 163.86579875007476 124.11285187280163 119.74556359214316
186.46715528478467 184.02717190675946 219.79763420018878 222.59829289552064 186.44570255170808 171.89822570346675
149.85326155943352 140.78352176302454 186.7377840716763 179.7498261473429 126.34080892569906 133.06765196696003
144.512975196001 143.9791651594077 178.88264309317435 179.23727290940352 140.12137595670404 129.1394595001853
116.88455843266894 123.57184145265458 162.1018198540658 163.5481580452681 102.86884854026509 100.68266980965493
134.95554823718808 138.2497739600322 176.1249556422939 173.38108316653233 118.97478724502936 120.9297316626478
121.0495766204905 122.60097878891506 172.52825855493933 176.84739183827395 121.14041439585718 106.29205050237765
132.23085872821065 132.0870924806811 178.96368346678608 178.0477464052831 124.39855304624729 119.52405615607262
189.05025786811294 183.83688422076784 223.31368072735714 228.40315234251912 184.37461864367341 175.6843760839307
146.424041741785 152.1380951635717 179.63017563872725 179.45472966740107 146.0205464994567 140.53825102085196
133.22912594474226 115.88787684654508 165.19987893458034 177.49929577325088 122.95527642195759 109.68591523071684
118.05083650698965 119.27279656317278 156.5790535161073 163.53592877407704 123.80630032433729 97.72921773962995
180.21098745637016 174.99142836150574 216.16428937268986 222.1981098029414 178.62810529141265 161.0372627685903
133.77219442021575 120.98346994527806 170.08821240756222 175.336818723279 119.80400661079746 107.33126291998991
125.82130185306461 124.74373731775074 160.4306703844374 170.00294115102832 120.56948204251356 104.0096149401583
132.15521177766695 132.4273385672309 176.43695757975425 172.33978066598553 125.83719640869309 120.70625501605126
145.48883118645224 127.22814154109145 175.7782694191748 175.3938425373023 119.35241933031773 119.63277142990545
122.69474316367429 125.09196616889511 156.93629280698585 166.74531477675768 118.4145261359433 101.79882121124979
129.05425215776503 128.00390619039717 170.6223900899293 169.24242966821294 115.58979193683152 101.1632344283238
143.93401265857906 132.79683731173722 178.06740296865118 178.3900221424954 126.16259350536514 114.05261943506602
148.03377992877165 134.892549831338 173.07512819582138 177.22302333500576 134.23859355639868 128.3393937962931
112.68540278137182 119.46547618454463 161.36604351597643 162.04320411544572 113.34901852243803 94.68368391650169
115.74973002128341 115.74973002128341 161.31026005806325 162.5976629598347 117.88977903109328 95.93226777263216
117.57976016304848 112.4144118874444 153.51221449773956 163.6917835445628 113.1238259607586 91.49863386958299
134.07833531186162 126.07537428062626 167.0628624201082 166.38209038234854 123.09752231462663 111.61541112229978
143.9096939055879 141.088624630053 186.39474241512286 180.74291134094304 135.99264686004167 117.75822688882505
132.95487956445976 134.68110483657313 176.00568172647155 160.3901493234544 126.13088440187835 111.97321108193691
118.68866837234295 116.45170672858342 161.77762515255316 167.80047675736802 113.93419153177855 101.06433594498111
136.61991070118586 132.04923324275686 172.9566419655516 177.4006764361399 116.21101496846157 114.63856244737195
113.27841806805037 111.28342194594845 158.07276805319756 161.76526203112954 110.9684639886486 84.3741666625514
174.1866814656046 174.07182425654074 210.92178645175562 213.86678096422548 173.45028106059672 169.66437457521835
126.09123680890754 124.5672509129105 166.79928057398809 171.97383521919838 113.84638773364749 103.69185117452577
141.124058898545 143.77760604489143 184.33393610510248 171.69740825067802 130.22288585344742 120.49481316637659
123.11782974045636 111.20251795710384 164.5326715275723 167.5708805252273 104.90948479522717 106.28734637763802
124.32216214336043 128.03124618623377 163.20232841476252 175.55056251689996 120.87183294713455 107.37318100903968
125.86897949852458 112.61882613488741 166.4752233817393 173.5770722186545 106.5598423422257 100.59821071967433
122.53162856993292 107.89810007595129 163.52675622050356 167.37980762326143 109.09628774619236 89.01123524589467
134.94813818648998 122.38872497088937 174.72263734273244 169.18333251239616 131.18307817702708 112.38327277669039
134.41726079637243 125.00399993600205 174.80560631741764 174.74552927042225 121.49074038789952 113.30048543585328
127.25957724273643 121.58536096093148 165.56569693025182 171.0876968107292 119.91246807567593 103.6532681587995
125.40733630852702 115.02608399836969 167.13467623446667 175.45084781784328 119.39430472179149 97.19053451854249
126.0833057942248 124.06046912695437 168.40427548016706 178.1488141975691 115.60709320798617 105.22357150372724
134.27583550289307 131.14114533585558 166.94010902116963 179.69974958246326 130.87398519186308 111.6288493177279
127.70669520428442 126.55828696691498 164.82718222429213 172.64703878143987 113.07961796893373 107.50813922675809
177.11295830627412 175.6160584912439 219.93635443009416 219.22819161777528 182.81411324074517 161.4806489954756
124.16521251944927 125.19185277005849 160.26852467031696 164.02134007500365 112.57441982972864 109.83624174196785
172.01744097619869 167.38578195294843 213.38931557132847 216.4948036327893 173.2512626216617 157.08278072405008
106.90650120549265 108.77040038539897 152.62372030585547 164.58736281987143 110.40380428228005 81.64557550780079
182.44177153272767 183.73622397339074 219.1255347968374 215.75680754034158 179.60790628477355 171.27755252805312
120.90078577081292 116.60617479361889 165.02121075789015 167.39474304768356 114.49454135459908 104.0096149401583
104.273678366115 104.01442207694085 156.11534197509224 165.7015389186232 111.14405067298924 78.35815209663893
115.27792503337315 110.4943437466371 154.68678030135607 170.74835284710656 119.61187232043481 89.33084573650918
124.73972903610141 119.3984924527944 156.31698564135633 176.8841428732378 122.31925441237777 104.9809506529637
133.22912594474226 135.36617007214173 170.28505512815855 173.96551382386107 127.7654100294755 115.32996141506335
112.44554237496477 107.92590050585633 156.50878569588355 165.13025161974412 125.04399225872469 90.74690077352504
98.8382517044894 98.01530492734285 148.87578715157142 158.13601740274098 103.33924714260309 65.83312236253116
140.97872179871683 144.5925309274307 175.8180878066873 177.81732199085667 137.67715859938423 127.53038853543887
104.4940189675945 101.58247880417174 157.78466338652817 170.63118120671848 115.02608399836969 71.21797525905943
96.01562372864116 95.58765610684259 158.67577004697347 162.5084613181726 106.52229813517918 0.0
182.14280112043957 185.55861607589122 219.99772726098786 216.95160750729642 186.24177834202507 177.867928531256
135.84181977579658 121.33836985883731 162.62226169869857 178.64769799804307 133.4353776177817 106.07544484940895
174.59095051004218 171.95929750961417 215.88654427731248 215.1697004691878 179.56614380222123 154.34053258946594
132.09087780766694 131.9772707703868 172.20046457544765 166.75730868540666 133.40164916521834 104.76163419878482
132.33291351738615 141.54151334502538 168.47254969282088 173.1069033863179 140.32818676231798 113.6001760562016
143.7045580348793 139.4668419374297 181.13530854032848 178.3732042656632 139.41664176130482 117.88977903109328
183.00819653775073 177.69074258384987 223.07622015804375 220.85742007005334 185.12698344649814 165.45392107774296
91.00549433962765 106.94858577840101 154.82570845954493 157.64517119150844 108.86689120205463 79.47955712005447
95.0 116.25403218813531 156.56947339759432 163.0429391295434 118.93275410920239 89.87769467448528
168.2765580822237 164.42931612093994 212.3534788978038 213.83404780343096 175.2683656567836 149.06374475371265
174.83134730362286 168.87273314540747 217.2855264392914 218.5909421728174 180.78716768620498 156.16977940690063
102.55242561733974 112.16505694733989 163.425824152733 164.83628241379384 114.90430801323335 98.16312953446422
107.57787876696584 106.86907878334125 167.95237420173612 167.59773268156107 120.7683733433551 100.61808982484213
125.1678872554778 127.43233498606232 162.8803241647069 175.7811138888362 126.763559432512 120.55704044144414