0 0 1 0 1 3 0 1 1 1 1 2 1 1 1 1 1 1 0 1 0 1 0 1 1 1 0 0 1 0 0 1 1 1 1 1 3 0 0 0 0 1 2 0 0 1 1 0 1 0 1 0 1 0 1 0 1 1 1 1 1 1 0 0 4 0 1 0 0 0 0 0 1 1 0
0 0 1 0 1 1 0 1 1 1 1 1 1 1 1 1 2 1 0 2 0 1 0 0 0 1 0 0 1 0 0 0 0 1 1 0 2 0 0 0 0 1 1 0 0 1 1 0 1 1 1 0 2 0 1 0 1 1 0 0 3 1 0 0 1 0 1 1 0 0 1 0 1 0 1
0 0 1 0 1 3 0 1 1 1 1 3 1 1 1 2 2 1 0 2 0 1 0 1 1 1 0 0 2 0 0 1 1 1 2 1 3 0 0 0 0 1 1 1 0 1 2 0 1 0 1 1 2 1 1 0 1 0 1 1 2 1 0 0 2 0 1 1 0 0 0 1 1 1 0
0 0 1 0 1 1 0 1 1 1 1 1 1 1 1 1 2 1 0 1 0 0 0 1 1 0 0 0 1 0 0 0 0 1 1 1 2 0 0 0 0 1 0 1 0 1 1 0 1 0 1 0 1 0 1 0 1 1 0 0 3 0 0 0 1 0 1 1 0 0 0 0 1 0 1
0 0 1 0 1 0 0 1 1 1 1 0 1 1 1 0 3 1 0 2 0 0 0 1 1 0 0 0 0 0 0 1 1 1 0 1 0 0 0 0 0 1 2 0 0 1 0 0 1 0 1 0 0 2 1 0 1 1 0 0 2 0 0 0 2 0 1 2 0 0 0 0 1 0 0
0 0 1 0 1 1 1 1 1 1 1 1 1 1 1 1 3 1 0 3 0 1 0 1 1 1 0 1 1 0 0 1 1 1 1 0 1 0 0 0 0 1 2 0 0 1 1 0 1 0 2 0 1 1 1 0 1 1 1 1 3 1 0 0 3 0 1 1 0 0 0 0 2 1 0
0 0 1 0 1 2 0 1 1 1 1 2 1 1 1 1 1 1 0 1 0 1 0 1 1 1 0 0 1 0 0 1 1 1 1 1 2 0 0 0 0 1 2 0 0 1 1 0 1 0 2 0 1 1 1 0 1 0 1 1 1 1 0 0 3 0 1 0 0 0 0 0 1 1 0
0 0 1 0 1 0 0 1 1 1 1 0 1 1 1 0 1 1 0 1 0 1 0 1 1 1 0 0 0 0 0 0 0 1 0 1 1 0 0 0 0 1 0 0 0 1 0 0 1 0 0 0 0 1 1 0 1 1 0 0 1 1 0 0 0 0 1 1 0 0 0 0 1 0 0
0 0 1 0 1 3 0 1 1 1 1 3 1 1 1 3 0 1 0 0 0 1 0 0 0 1 0 0 3 0 0 0 0 1 3 0 3 0 0 0 0 1 0 0 0 1 3 0 1 0 0 0 4 0 1 0 1 1 0 0 0 1 0 0 1 0 1 0 0 0 0 0 1 0 0
0 0 1 0 1 2 0 1 1 1 1 2 1 1 1 2 2 1 0 0 0 1 0 1 1 1 0 0 2 0 0 1 1 1 2 1 3 0 0 0 0 1 0 0 0 1 2 0 1 0 0 1 2 1 1 0 1 1 0 0 2 1 0 0 4 0 2 1 0 0 0 0 1 0 0
0 0 1 0 1 2 0 1 1 1 1 1 1 1 1 1 0 1 0 0 0 1 0 1 1 1 0 0 1 0 1 1 1 1 1 1 1 0 0 0 0 1 0 0 0 1 1 0 1 0 0 0 1 0 1 0 1 1 1 1 0 1 0 0 1 0 1 0 0 0 0 1 1 1 0
0 0 1 0 1 3 1 1 1 1 1 3 1 1 1 2 0 1 0 0 0 1 0 1 1 1 0 1 2 1 1 1 1 1 2 1 3 0 0 0 0 1 0 0 0 1 2 0 1 0 0 0 2 0 1 0 1 0 1 1 0 1 0 0 3 0 1 0 0 0 0 1 2 1 0
0 0 1 0 1 1 0 1 1 1 1 1 1 1 1 1 0 1 0 0 0 1 0 1 1 1 0 0 1 0 0 1 1 1 1 1 1 0 0 0 0 1 1 1 0 1 1 0 1 0 0 1 1 1 1 0 1 1 0 0 0 1 0 0 2 0 1 0 0 0 0 1 1 0 0
0 0 1 0 1 2 0 1 1 1 1 2 1 1 1 1 0 1 0 0 0 1 0 1 1 1 0 0 1 0 0 1 1 1 1 1 2 0 0 0 0 1 1 0 0 1 1 0 1 0 1 0 1 1 1 0 1 0 1 1 0 1 0 0 4 0 1 0 0 0 0 0 1 1 0
0 0 1 0 1 2 0 1 1 1 1 2 1 1 1 1 1 1 0 1 0 1 0 1 1 1 0 0 1 0 0 1 1 1 1 1 2 0 0 0 0 1 1 0 0 1 1 0 1 0 1 0 2 0 1 0 1 0 1 1 1 1 0 0 3 0 1 0 0 0 1 0 1 1 1
0 0 1 0 1 2 0 1 1 1 1 2 1 1 1 1 1 1 0 1 0 1 0 1 1 1 0 0 1 0 0 1 1 1 1 1 2 0 0 0 0 1 2 0 0 1 1 0 1 0 2 0 2 0 1 0 1 0 1 1 1 1 0 0 2 0 1 0 0 0 0 0 1 1 0
0 0 1 0 1 0 0 1 1 1 1 0 1 1 0 0 0 1 0 0 0 1 0 1 1 1 0 0 0 0 0 1 1 0 0 1 1 0 0 0 0 1 0 0 0 1 0 0 1 0 0 0 0 1 1 0 1 1 1 1 0 1 0 0 0 0 1 1 0 0 0 0 1 1 0
0 0 1 0 1 1 0 1 1 1 1 0 1 1 1 0 0 1 0 1 0 1 0 2 1 0 0 0 0 0 0 1 1 1 0 1 1 0 0 0 0 1 2 0 0 1 0 0 1 0 0 0 0 1 1 0 1 0 1 1 1 0 0 0 3 0 1 0 0 0 1 0 1 1 0
0 0 1 0 1 1 0 1 1 1 1 0 1 1 1 0 1 1 0 3 0 0 0 1 1 0 0 0 0 0 0 1 1 1 0 1 1 0 0 0 0 1 2 0 0 1 0 0 1 0 1 0 0 0 1 0 1 0 1 1 3 0 0 0 1 0 1 0 0 0 1 0 1 1 1
0 0 1 0 1 1 0 1 1 1 1 1 1 1 1 0 0 1 0 0 0 1 0 1 1 1 0 0 0 0 0 1 1 1 0 1 1 0 0 0 0 1 2 1 0 1 0 0 1 0 2 1 1 2 1 0 1 0 1 1 0 1 0 0 1 0 1 1 0 0 0 1 1 1 0
0 0 1 0 1 3 0 1 1 1 1 3 1 1 1 1 2 1 0 2 0 1 1 1 1 1 0 0 1 0 0 1 1 1 1 1 2 0 0 0 0 1 3 1 0 1 1 0 1 0 3 1 2 0 1 0 1 0 1 1 1 1 0 0 3 0 2 0 0 0 0 1 1 1 0
0 0 1 0 1 2 0 1 1 1 1 0 1 1 1 1 1 1 0 1 0 0 0 1 1 1 0 0 0 0 0 1 1 1 0 1 2 0 0 0 0 1 0 0 0 1 1 0 1 1 0 0 1 0 1 0 1 0 1 1 1 0 0 0 1 0 1 0 0 0 0 0 1 1 1
0 0 1 0 1 1 0 1 1 1 1 0 1 1 0 1 0 1 1 0 0 0 0 1 1 1 0 1 1 0 0 1 1 0 0 1 2 0 0 0 0 1 1 1 0 1 1 0 1 0 0 1 1 1 1 0 1 1 0 0 1 0 0 0 1 0 1 0 0 0 0 1 2 0 0
0 0 1 0 1 1 0 1 1 1 1 1 1 1 1 0 0 1 0 0 0 1 0 1 1 1 0 0 0 0 0 1 1 1 0 1 1 0 0 0 0 1 0 0 1 0 0 0 1 0 0 0 0 0 1 0 1 0 1 1 0 1 0 0 3 0 1 0 0 0 1 0 1 1 1
0 0 1 0 1 1 0 1 1 1 1 1 1 1 1 0 1 1 0 1 0 1 0 1 1 1 0 0 0 0 1 1 1 1 0 1 0 0 0 0 0 1 0 0 0 1 0 0 1 0 0 1 0 1 1 0 1 0 1 1 1 1 0 0 2 0 1 1 0 0 0 1 1 1 0
0 0 1 0 1 1 0 1 1 1 1 0 1 1 1 0 1 1 0 2 0 0 1 1 1 0 0 0 0 0 0 1 1 1 0 1 1 0 0 0 0 0 3 0 0 1 0 0 1 0 2 0 1 0 1 0 1 0 1 1 2 0 0 0 2 0 1 0 0 0 0 0 1 1 0
0 0 1 0 1 1 0 1 1 1 1 0 1 1 0 0 1 1 0 1 0 1 0 1 1 1 0 0 0 0 0 1 1 0 0 1 1 0 0 0 0 1 2 0 0 1 0 0 1 0 1 0 0 1 1 0 1 1 1 1 1 1 0 0 3 0 1 0 0 0 0 0 1 1 0
0 0 1 0 1 0 0 1 1 1 1 0 1 1 1 0 2 1 1 1 0 0 0 1 1 1 0 0 0 0 0 1 1 1 0 1 0 0 0 0 0 0 1 0 0 1 0 0 1 0 1 0 0 1 1 0 1 1 0 0 1 0 0 0 0 0 1 0 0 0 0 1 1 0 0
0 0 1 0 1 1 0 1 1 1 1 0 1 1 1 0 0 1 0 1 0 1 0 1 1 1 0 0 0 0 0 1 1 1 0 1 0 0 0 0 0 1 2 1 0 1 0 0 1 0 1 1 0 1 1 0 1 1 1 1 1 1 0 0 2 0 1 0 0 0 0 1 1 1 0
0 0 1 0 1 1 0 1 1 1 1 2 1 1 1 1 1 1 0 0 0 1 0 1 1 1 0 0 1 0 0 1 1 1 0 1 1 0 0 0 0 1 1 0 0 1 1 0 1 0 1 1 0 1 1 0 1 0 0 0 1 1 0 0 1 0 1 0 0 0 0 0 1 0 0
0 0 1 0 1 0 0 1 1 1 1 1 1 1 1 0 1 1 0 1 0 1 0 1 1 1 0 0 0 0 0 1 1 1 0 1 0 0 0 0 0 1 0 0 0 1 0 0 1 0 1 1 1 1 1 0 1 0 1 1 1 1 0 0 0 0 1 1 0 0 0 0 1 1 0
0 0 1 0 1 1 0 1 1 1 1 1 1 1 1 0 0 1 0 0 0 1 0 1 1 1 0 0 0 0 0 1 1 1 0 1 0 0 0 0 0 1 1 0 0 1 0 0 1 0 1 1 0 1 1 0 1 0 1 1 0 1 0 0 3 0 1 0 0 0 0 0 1 1 0
0 0 1 0 1 2 0 1 1 1 1 2 1 1 1 1 1 1 0 1 0 1 0 1 1 1 0 0 1 0 0 1 1 1 1 1 2 0 0 0 0 1 1 1 1 0 1 0 1 1 1 0 2 0 1 0 1 0 1 1 1 1 0 0 2 0 1 0 0 0 1 0 1 1 1
0 0 1 0 1 0 0 1 1 1 1 1 1 1 1 0 1 1 0 1 0 1 0 1 1 1 0 0 0 0 0 1 1 1 0 1 1 0 0 0 0 1 0 1 0 1 0 0 1 0 1 1 0 1 1 0 1 1 1 1 1 1 0 0 0 0 1 2 0 0 0 1 1 1 0
0 0 1 0 1 3 0 1 1 1 1 2 1 1 2 2 1 1 0 1 0 0 0 1 1 0 0 0 1 0 0 1 1 1 2 1 3 0 0 0 0 1 1 0 0 1 2 0 1 0 0 0 3 1 1 0 1 0 1 1 1 0 0 0 1 0 1 0 0 0 0 0 1 1 0
0 0 1 0 1 1 0 1 1 1 1 1 1 1 1 0 2 1 0 2 0 1 0 1 1 1 0 0 0 0 0 1 1 1 0 1 1 0 0 0 0 1 1 0 0 1 0 0 1 0 1 0 0 1 1 0 1 0 1 1 2 1 0 0 2 0 2 0 0 0 1 0 1 1 1
0 0 1 0 1 4 0 2 1 1 1 2 1 1 2 2 3 2 1 3 0 1 0 3 1 0 0 0 2 0 0 1 1 1 3 2 4 0 0 0 0 1 2 1 1 2 3 0 2 2 0 1 3 2 2 0 1 0 1 1 2 0 0 0 5 0 2 1 0 0 0 1 4 1 0
0 0 1 0 1 1 0 1 1 1 1 1 1 1 1 0 0 1 0 0 0 1 0 1 1 1 0 0 0 0 0 1 1 1 0 1 1 0 0 0 0 1 2 1 0 1 0 0 1 0 2 0 1 1 1 0 1 0 1 1 0 1 0 0 1 0 1 0 0 0 0 1 1 1 0
0 0 1 0 1 2 0 1 1 1 1 1 1 1 1 1 0 1 1 0 0 1 0 2 1 1 0 0 1 0 0 1 1 1 1 1 2 0 0 0 0 1 1 0 0 1 1 0 1 0 0 0 1 1 1 0 1 0 1 1 0 0 0 0 3 0 2 0 0 0 0 0 1 1 0
0 0 1 0 1 1 0 1 1 1 1 1 1 1 1 0 1 1 0 1 0 1 0 1 1 1 0 0 0 0 0 1 1 1 0 1 1 0 0 0 0 1 1 1 0 1 0 0 1 0 1 0 1 0 1 0 1 0 1 1 1 1 0 0 1 0 1 0 0 0 1 1 1 1 1
0 0 1 0 1 1 0 1 1 1 1 1 1 1 0 1 0 1 0 1 0 1 0 1 1 1 0 0 1 0 0 1 1 0 0 0 2 0 0 0 0 1 0 0 0 1 1 0 1 0 0 1 1 1 1 0 1 1 1 1 1 1 0 0 1 0 1 1 0 0 0 0 1 1 0
0 0 1 0 1 1 0 1 1 1 1 0 1 1 1 0 2 1 0 3 0 1 1 2 1 0 0 0 0 0 0 1 1 1 0 1 1 0 0 0 0 1 2 0 0 1 0 0 1 0 1 0 0 1 1 0 1 0 1 1 2 0 0 0 4 0 2 1 0 0 0 0 1 1 0
0 0 1 0 1 1 0 1 1 1 1 0 1 1 1 1 1 1 0 1 0 1 0 2 1 0 0 0 0 0 0 0 0 1 0 1 2 0 0 0 0 1 0 0 0 1 1 0 1 0 0 0 1 1 1 0 1 0 0 0 1 0 0 0 0 0 2 1 0 0 0 0 1 0 0
0 0 1 0 1 0 0 1 1 1 1 1 1 1 1 0 1 1 0 0 0 1 0 1 1 1 0 0 0 0 0 1 1 1 0 1 1 0 0 0 0 1 0 0 0 1 0 0 1 0 2 0 1 1 1 0 1 0 0 0 1 1 0 0 0 0 1 1 0 0 0 0 1 0 0
0 0 1 0 1 1 0 1 1 1 1 1 1 1 1 0 1 1 0 1 0 1 0 1 1 1 0 0 0 0 0 1 1 1 0 1 1 0 0 0 0 1 2 1 0 1 0 0 1 0 2 0 1 1 1 0 1 0 1 1 1 1 0 0 1 0 1 0 0 0 0 1 1 1 0
0 0 1 0 1 1 0 1 1 1 1 1 1 1 1 0 0 1 0 0 0 1 0 1 1 1 0 0 0 0 0 1 1 1 0 1 1 0 0 0 0 1 1 0 0 1 0 0 1 0 1 0 0 1 1 0 1 0 1 1 0 1 0 0 1 0 1 0 0 0 0 0 1 1 0
0 0 1 0 1 2 1 1 1 1 1 2 1 1 1 0 1 1 0 1 0 1 0 1 1 1 0 0 0 1 0 1 1 1 0 1 2 0 0 0 0 1 1 0 0 1 0 0 1 0 1 0 1 1 1 0 1 0 1 1 1 1 0 0 2 0 1 0 0 0 0 0 1 1 0
0 0 1 0 1 1 0 1 1 1 1 1 1 1 1 0 0 1 0 0 0 1 0 1 1 1 0 0 0 0 0 1 1 1 0 1 1 0 0 0 0 1 1 0 0 1 0 0 1 0 1 0 1 1 1 0 1 0 1 1 0 1 0 0 2 0 1 0 0 0 0 0 1 1 0
0 0 1 0 1 2 0 1 1 1 1 2 1 1 1 2 1 1 0 1 0 1 0 2 1 0 0 0 2 0 0 1 1 1 2 1 3 0 0 0 0 1 0 0 0 1 2 0 1 0 0 0 2 1 1 0 1 0 1 1 1 0 0 0 1 0 2 1 0 0 0 0 1 1 0
0 0 1 0 1 0 0 1 1 1 1 1 1 1 1 0 1 1 0 1 0 1 0 1 1 1 0 0 0 0 0 1 1 1 0 1 1 0 0 0 0 1 0 0 0 1 0 0 1 0 1 0 1 1 1 0 1 0 1 1 1 1 0 0 2 0 1 1 0 0 0 0 1 1 0
0 0 1 0 1 1 0 1 1 1 1 1 1 1 1 0 0 1 0 0 0 1 0 1 1 1 0 0 0 0 0 1 1 1 0 1 1 0 0 0 0 1 1 0 0 1 0 0 1 0 1 0 1 1 1 0 1 0 1 1 0 1 0 0 1 0 1 0 0 0 0 0 1 1 0
0 0 1 0 1 2 0 1 1 1 1 2 1 1 2 2 1 1 0 2 0 0 1 1 1 0 0 0 1 0 0 1 1 1 2 1 3 0 0 0 0 1 1 0 0 1 2 0 1 0 1 0 2 0 1 0 1 0 1 1 2 0 0 0 0 0 1 1 0 0 0 0 1 1 0
0 0 1 0 1 1 0 1 1 1 1 1 1 1 1 0 2 1 0 2 0 1 0 1 1 1 0 0 0 0 0 1 1 1 0 1 1 0 0 0 0 1 1 0 0 1 0 0 1 0 1 0 0 1 1 0 1 0 1 1 2 1 0 0 2 0 1 0 0 0 0 0 1 1 0
0 0 1 0 1 1 0 1 1 1 1 0 1 1 1 0 0 1 0 1 0 1 1 2 1 0 0 0 0 0 0 1 1 1 0 1 1 0 0 0 0 0 2 0 0 1 0 0 1 0 1 0 1 0 1 0 1 0 1 1 1 0 0 0 2 0 1 0 0 0 0 0 1 1 0
0 0 1 0 1 1 0 1 1 1 1 1 1 1 1 0 1 1 0 1 0 1 0 1 1 1 0 0 0 0 0 1 1 1 0 1 1 0 0 0 0 1 2 1 0 1 0 0 1 0 2 0 1 1 1 0 1 0 1 1 1 1 0 0 2 0 1 0 0 0 0 1 1 1 0
0 0 1 0 1 0 0 1 1 1 1 0 1 1 1 0 0 1 1 1 0 1 0 2 1 1 0 0 0 0 0 1 1 1 0 1 1 0 0 0 0 1 1 0 0 1 0 0 1 0 1 0 1 0 1 0 1 0 1 1 1 0 0 0 1 0 1 1 0 0 0 0 1 1 0
0 0 1 0 1 1 0 1 1 1 1 0 1 1 1 0 1 1 0 1 0 0 0 1 1 0 0 0 0 0 0 1 1 1 0 1 1 0 0 0 0 1 1 0 0 1 0 0 1 0 0 0 0 1 1 0 1 0 1 1 1 0 0 0 2 0 1 0 0 0 0 0 1 1 0
0 0 1 0 0 2 0 1 1 1 1 1 1 1 1 1 0 1 1 0 0 0 0 2 1 1 0 0 1 0 0 1 1 1 1 1 2 0 0 0 0 1 1 0 0 1 1 0 1 0 0 0 1 1 1 0 1 0 1 1 0 0 0 0 3 0 2 0 0 0 0 0 1 1 0
0 0 1 0 1 1 0 1 1 1 1 1 1 1 1 0 1 1 0 1 0 1 0 0 0 1 0 0 0 0 0 0 0 1 0 1 1 0 0 0 0 1 1 0 0 1 0 0 1 0 1 0 0 1 1 0 0 0 1 1 1 1 0 0 2 0 0 0 0 0 0 0 1 1 0
0 0 1 0 1 1 0 1 1 1 1 1 1 1 1 0 1 1 0 1 0 1 0 1 1 1 0 0 0 0 1 1 1 1 0 1 1 0 0 0 0 1 1 0 0 1 0 0 1 0 1 1 0 1 1 0 1 0 1 1 1 1 0 0 2 0 1 0 0 0 0 1 1 1 0
0 0 1 0 1 1 0 1 1 1 1 1 1 1 1 0 1 1 0 1 0 1 0 1 1 1 0 0 0 0 0 1 1 1 0 1 1 0 0 0 0 1 1 0 0 1 0 0 1 0 1 0 1 1 1 0 1 0 1 1 1 1 0 0 2 0 1 0 0 0 0 0 1 1 0
0 0 1 0 1 2 1 1 1 1 1 2 1 1 1 1 0 1 0 0 0 1 0 1 1 1 0 1 1 1 0 1 1 1 1 1 2 0 0 0 0 1 1 0 0 1 1 0 1 0 1 0 2 1 1 0 1 0 1 1 0 1 0 0 1 0 1 0 0 0 0 0 2 1 0
0 0 1 0 1 2 0 1 1 1 1 1 1 1 1 1 0 1 0 0 0 0 0 1 1 0 0 0 0 0 0 1 1 1 1 1 2 0 0 0 0 1 1 0 0 1 1 0 1 0 0 0 1 1 1 0 1 0 1 1 0 0 0 0 3 0 1 0 0 0 0 0 1 1 0
0 0 1 0 1 1 0 1 1 1 1 1 1 1 1 0 1 1 0 1 0 1 0 1 1 1 0 0 0 0 0 1 1 1 0 1 1 0 0 0 0 1 1 0 0 1 0 0 1 0 1 0 0 1 1 0 1 0 1 1 1 1 0 0 2 0 1 0 0 0 0 0 1 1 0
0 0 1 0 1 1 0 1 1 1 1 1 1 1 1 0 1 1 0 1 0 1 0 1 1 1 0 0 0 0 0 1 1 1 0 1 1 0 0 0 0 1 1 0 0 1 0 0 1 0 1 0 1 1 1 0 1 0 1 1 1 1 0 0 1 0 1 0 0 0 0 0 1 1 0
0 0 1 0 1 2 0 1 1 1 1 0 1 1 1 1 2 1 0 2 0 0 0 1 1 0 0 0 0 0 0 1 1 1 1 1 1 0 0 0 0 1 1 0 0 1 1 0 1 0 0 1 1 1 1 0 1 0 1 1 2 0 0 0 1 0 1 0 0 0 0 0 1 1 0
0 0 1 0 0 1 0 1 1 1 1 0 1 1 1 0 1 1 1 1 0 0 0 2 1 1 0 0 0 0 0 1 1 1 0 1 1 0 0 0 0 1 1 0 0 1 0 0 1 0 0 0 0 1 1 0 1 0 1 1 1 0 0 0 1 0 2 0 0 0 0 0 1 1 0
0 0 1 0 1 1 0 1 1 1 1 1 1 1 1 0 1 1 0 1 0 1 0 0 0 1 0 0 0 0 0 0 0 1 0 1 1 0 0 0 0 1 1 0 0 1 0 0 1 0 1 0 1 1 1 0 0 0 1 1 1 1 0 0 1 0 0 0 0 0 0 0 1 1 0
0 0 1 0 1 3 0 1 1 1 1 3 1 1 1 2 0 1 0 0 0 1 0 1 1 1 0 0 2 0 0 1 1 1 2 1 3 0 0 0 0 1 1 0 0 1 2 0 1 0 1 0 2 1 1 0 1 0 1 1 0 1 0 0 3 0 1 0 0 0 0 0 1 1 0
0 0 1 0 1 1 0 1 1 1 1 1 1 1 1 0 0 1 0 0 0 1 0 1 1 1 0 0 0 0 0 1 1 1 0 1 1 0 0 0 0 1 1 0 0 1 0 0 1 0 1 0 1 1 1 0 1 0 1 1 0 1 0 0 1 0 1 0 0 0 0 0 1 1 0
0 0 1 0 1 3 0 1 1 1 1 2 1 1 2 2 0 1 0 0 0 0 0 1 1 0 0 0 1 0 0 1 1 1 2 1 3 0 0 0 0 1 1 0 0 1 2 0 1 0 0 0 2 1 1 0 1 0 1 1 0 0 0 0 1 0 1 0 0 0 0 0 1 1 0
0 0 1 0 1 2 1 1 1 1 1 2 1 1 1 1 0 1 1 0 0 0 0 1 1 1 0 0 1 1 0 1 1 1 1 1 3 0 0 0 0 1 0 0 0 1 1 0 1 0 0 0 2 1 1 0 1 0 1 1 0 0 0 0 1 0 1 1 0 0 0 0 1 1 0
0 0 0 0 1 1 0 1 1 1 1 1 1 1 1 0 1 1 0 1 0 1 0 1 1 0 0 0 0 0 0 1 1 1 0 1 1 0 0 0 0 1 2 1 0 1 0 0 1 0 2 1 1 1 1 0 1 0 1 1 1 1 0 0 3 0 1 0 0 0 0 1 1 1 0
0 0 1 0 1 2 0 1 1 1 1 1 1 1 2 1 1 1 1 1 0 1 0 2 1 1 0 0 0 0 0 1 1 2 1 1 2 0 0 0 0 1 1 0 0 1 1 0 1 0 0 0 1 1 1 0 1 0 1 1 1 0 0 0 3 0 2 0 0 0 0 0 1 1 0
0 0 1 0 1 1 0 1 1 1 1 0 1 1 1 0 0 1 1 0 0 0 0 1 1 1 0 0 0 0 0 1 1 1 0 1 1 0 0 0 0 0 1 0 0 1 0 0 1 0 0 0 0 1 1 0 1 0 1 1 0 0 0 0 1 0 1 0 0 0 0 0 1 1 0
0 0 1 0 1 1 0 1 1 1 1 1 1 1 1 0 1 1 0 1 0 1 0 1 1 1 0 0 0 0 0 1 1 1 0 1 1 0 0 0 0 1 2 1 0 1 0 0 1 0 2 0 1 1 1 0 1 0 1 1 1 1 0 0 1 0 1 0 0 0 0 1 1 1 0
0 0 1 0 1 2 0 1 1 1 1 2 1 1 1 1 0 1 0 0 0 1 0 1 1 1 0 0 1 0 0 1 1 1 0 1 1 0 0 0 0 1 1 0 0 1 1 0 1 0 1 1 1 1 1 0 1 0 1 1 0 1 0 0 2 0 2 0 0 0 0 0 1 1 0
0 0 1 0 1 1 0 1 1 1 1 1 1 1 1 0 0 1 0 0 0 1 0 1 1 1 0 0 0 0 0 1 1 1 0 1 1 0 0 0 0 1 1 0 0 1 0 0 1 0 1 0 0 1 1 0 1 0 1 1 0 1 0 0 2 0 1 0 0 0 0 0 1 1 0
0 0 1 0 1 1 0 1 1 1 1 1 1 1 1 0 1 1 0 1 0 1 0 1 1 1 0 0 0 0 0 1 1 1 0 1 1 0 0 0 0 1 1 0 0 1 0 0 1 0 1 0 1 1 1 0 1 0 1 1 1 1 0 0 3 0 1 0 0 0 0 0 1 1 0
0 0 1 0 1 1 0 1 1 1 1 0 1 1 1 0 2 1 0 2 0 1 0 2 1 0 0 0 0 0 0 1 1 1 0 1 0 0 0 0 0 1 1 0 0 1 0 0 1 0 0 1 0 1 1 0 1 0 1 1 2 0 0 0 3 0 2 0 0 0 0 0 1 1 0
0 0 1 0 1 1 0 1 1 1 1 1 1 1 1 0 1 1 0 1 0 1 0 1 1 1 0 0 0 0 0 1 1 1 0 1 1 0 0 0 0 1 2 1 0 1 0 0 1 0 2 0 0 1 1 0 1 0 1 1 1 1 0 0 1 0 1 0 0 0 0 1 1 1 0
0 0 1 0 0 1 0 1 1 1 1 0 1 1 1 0 1 1 1 1 0 0 0 2 1 1 0 0 0 0 0 1 1 1 0 1 1 0 0 0 0 0 2 1 0 1 0 0 1 0 1 0 0 1 1 0 1 0 1 1 1 0 0 0 1 0 2 0 0 0 0 1 1 1 0
0 0 1 0 0 2 0 1 1 1 0 0 1 1 2 2 0 1 1 0 0 0 0 1 0 1 0 0 0 0 0 0 0 2 2 1 2 0 0 0 0 0 1 0 0 1 2 0 1 1 0 0 1 1 1 0 0 0 1 1 0 0 0 0 2 0 1 0 0 0 0 0 1 1 0
0 0 1 0 1 1 0 1 1 1 1 1 1 1 1 0 1 1 0 1 0 1 0 0 0 1 0 0 0 0 0 0 0 1 0 1 1 0 0 0 0 1 1 0 0 1 0 0 1 0 1 0 1 1 1 0 0 0 1 1 1 1 0 0 2 0 0 0 0 0 0 0 1 1 0
0 0 1 0 1 1 0 1 1 1 1 1 1 1 1 0 1 1 0 1 0 1 0 1 1 1 0 0 0 0 0 1 1 1 0 1 1 0 0 0 0 1 1 0 0 1 0 0 1 0 1 0 0 1 1 0 1 0 1 1 1 1 0 0 1 0 1 0 0 0 0 0 1 1 0
0 0 1 0 0 1 0 1 1 1 1 0 1 1 1 0 1 1 1 2 0 0 0 2 1 1 0 0 0 0 0 1 1 1 0 1 1 0 0 0 0 0 2 0 0 1 0 0 1 0 1 0 1 1 1 0 1 0 1 1 2 0 0 0 2 0 1 0 0 0 0 0 1 1 0
0 0 1 0 1 1 0 1 1 1 1 0 1 1 1 0 1 1 1 1 0 1 0 2 1 1 0 0 0 0 0 1 1 1 0 1 1 0 0 0 0 0 1 0 0 1 0 0 1 0 0 0 1 1 1 0 1 0 1 1 1 0 0 0 3 0 1 0 0 0 0 0 1 1 0
0 0 1 0 1 1 0 1 1 1 1 0 1 1 1 0 2 1 1 2 0 0 0 1 1 1 0 0 0 0 0 1 1 1 0 1 1 0 0 0 0 0 1 0 0 1 0 0 1 0 0 0 0 1 1 0 1 0 1 1 2 0 0 0 2 0 1 0 0 0 0 0 1 1 0
0 0 1 0 1 1 0 1 1 1 1 1 1 1 1 0 2 1 0 2 0 1 0 1 1 1 0 0 0 0 0 1 1 1 0 1 1 0 0 0 0 1 1 0 0 1 0 0 1 0 1 0 1 1 1 0 1 0 1 1 2 1 0 0 2 0 1 0 0 0 0 0 1 1 0
0 0 1 0 1 2 0 1 1 1 1 2 1 1 1 1 0 1 0 0 0 1 0 1 1 1 0 0 1 0 0 1 1 1 1 1 2 0 0 0 0 1 1 0 0 1 1 0 1 0 1 0 2 1 1 0 1 0 1 1 0 1 0 0 2 0 1 0 0 0 0 0 1 1 0
0 0 1 0 1 1 0 1 1 1 1 0 1 1 1 0 1 1 0 1 0 0 0 1 1 0 0 0 0 0 0 1 1 1 0 1 0 0 0 0 0 0 2 1 0 1 0 0 1 0 1 1 0 1 1 0 1 0 1 1 1 0 0 0 1 0 1 0 0 0 0 1 1 1 0
0 0 1 0 1 2 0 1 1 1 1 1 1 1 1 0 0 1 1 0 0 1 0 2 1 1 0 0 0 0 0 1 1 1 0 1 2 0 0 0 0 0 1 0 0 1 0 0 1 0 0 0 0 1 1 0 1 0 1 1 0 0 0 0 1 0 2 0 0 0 0 0 1 1 0
0 0 1 0 1 1 0 1 1 1 1 1 1 1 1 0 1 1 0 1 0 1 0 1 1 1 0 0 0 0 0 1 1 1 0 1 1 0 0 0 0 1 1 0 0 1 0 0 1 0 1 0 1 1 1 0 1 0 1 1 1 1 0 0 1 0 1 0 0 0 0 0 1 1 0
0 0 1 0 1 2 0 1 1 1 1 2 1 1 1 1 0 1 0 0 0 1 0 1 1 1 0 0 1 0 0 1 1 1 1 1 2 0 0 0 0 1 1 0 0 1 1 0 1 0 1 0 1 1 1 0 1 0 1 1 0 1 0 0 1 0 1 0 0 0 0 0 1 1 0
0 0 1 0 1 1 0 1 1 1 1 1 1 1 1 0 0 1 0 0 0 1 0 1 1 1 0 0 0 0 0 1 1 1 0 1 0 0 0 0 0 1 1 0 0 1 0 0 1 0 1 1 1 1 1 0 1 0 1 1 0 1 0 0 3 0 1 0 0 0 0 0 1 1 0
0 0 1 0 1 4 2 1 1 1 1 4 1 1 1 3 3 2 0 3 0 1 0 1 1 1 0 2 4 2 2 1 1 1 3 1 3 0 0 0 0 1 0 0 2 2 4 0 1 4 0 1 3 1 2 0 1 1 1 1 3 1 0 0 3 0 1 1 0 0 1 2 7 1 0
0 0 1 0 1 7 2 1 1 1 1 6 1 1 1 5 1 2 0 1 0 1 0 1 1 1 0 2 6 2 1 1 1 1 6 2 6 0 0 0 0 1 0 1 1 2 6 0 2 3 0 1 6 0 1 0 1 1 1 1 1 1 0 0 2 0 1 1 0 0 0 2 8 1 1
1 1 1 1 1 6 2 1 1 1 1 6 1 1 1 6 6 2 1 6 0 1 1 0 0 1 0 3 6 2 0 0 0 1 6 2 7 0 0 0 0 1 5 2 3 2 6 0 2 11 5 1 6 0 1 1 0 1 1 1 6 1 1 1 2 0 0 1 1 1 1 2 8 1 1
1 1 1 1 1 4 2 1 1 1 1 4 1 1 1 2 3 1 1 3 0 1 0 0 0 1 0 2 3 2 0 0 0 0 3 1 2 1 0 0 0 1 3 2 4 2 3 0 0 8 3 2 2 0 1 1 0 1 1 1 3 1 1 1 5 0 1 1 1 1 1 2 6 1 1
1 1 1 1 1 3 1 0 0 1 1 3 0 0 2 3 7 0 1 7 1 1 1 1 1 1 0 1 2 1 0 1 1 2 3 0 3 1 0 1 0 1 4 1 1 1 2 0 0 4 4 1 4 0 1 1 1 1 0 0 7 1 1 1 3 1 1 0 1 1 1 0 2 2 1
1 0 1 0 1 2 1 1 1 1 1 2 1 1 1 2 2 1 1 2 0 1 0 0 0 1 0 0 2 1 0 0 0 1 2 1 2 0 0 0 0 1 2 1 1 1 2 0 0 3 2 1 3 1 1 1 0 1 0 0 2 1 0 0 0 0 0 1 1 1 1 1 1 0 1
1 1 1 1 1 3 2 1 1 1 1 3 2 1 1 3 3 2 1 3 0 1 1 0 0 1 0 2 4 2 0 0 0 1 2 2 4 0 0 0 0 1 1 2 3 2 4 0 2 7 1 2 2 0 1 1 0 2 1 1 3 1 1 1 0 0 1 2 1 1 1 2 7 1 1
1 1 1 1 1 4 2 2 1 1 1 2 2 1 1 3 4 1 2 5 1 1 1 1 0 1 0 2 2 2 0 0 0 1 1 2 5 1 0 0 0 1 2 2 4 2 3 0 1 9 2 1 3 0 1 1 0 2 1 1 5 1 1 1 2 0 1 2 1 1 1 2 6 1 1
0 0 1 0 1 2 1 1 1 1 1 2 1 1 1 1 0 1 0 0 0 1 0 1 1 1 0 1 1 1 1 1 1 1 1 1 1 0 0 0 0 1 0 0 0 1 1 0 1 0 0 1 0 1 1 0 1 0 1 1 0 1 0 0 0 0 1 1 0 0 0 1 2 1 0
0 0 1 0 1 6 2 1 1 1 1 7 1 1 1 6 3 2 0 3 0 1 0 1 1 1 0 3 6 2 1 1 1 1 6 2 7 0 0 0 0 1 2 1 1 2 6 0 2 6 3 0 6 2 2 0 1 0 1 1 3 1 0 0 1 0 1 1 0 0 1 2 7 1 1
0 0 1 0 1 4 3 1 1 1 1 4 1 1 1 3 3 2 0 3 0 1 0 1 1 1 0 1 3 3 1 1 1 1 3 2 5 0 0 0 0 1 1 1 1 2 3 0 2 2 1 1 4 2 2 0 1 1 1 1 3 1 0 0 2 0 1 2 0 0 0 2 5 1 0
0 0 1 0 1 7 3 1 1 1 1 6 2 1 1 6 2 1 0 2 1 1 0 1 1 1 0 4 6 3 0 1 1 1 4 1 7 1 0 0 0 1 1 2 1 2 6 0 1 5 1 1 5 0 2 0 1 2 1 1 2 1 0 0 2 0 2 1 0 0 0 1 8 1 0
0 0 1 0 1 5 2 1 1 1 1 6 1 1 1 5 5 2 0 5 0 1 0 1 1 1 0 4 6 2 1 1 1 1 5 2 6 0 0 0 0 1 2 1 3 1 6 0 2 6 2 2 6 2 2 0 1 1 1 1 5 1 0 0 0 0 2 2 0 0 0 2 10 1 0
0 0 1 0 1 6 3 1 1 1 1 6 2 1 1 5 2 2 0 2 0 1 0 1 1 1 0 2 5 3 1 1 1 1 3 2 5 0 0 0 0 1 2 1 1 2 5 0 2 5 2 1 6 1 2 0 1 1 1 1 2 1 0 0 4 0 2 0 0 0 0 2 7 1 0
0 0 1 0 1 2 1 1 1 1 1 2 1 1 1 2 1 1 0 1 0 1 0 1 1 1 0 1 2 1 1 1 1 1 2 1 2 0 0 0 0 1 0 0 0 1 2 0 1 0 0 1 3 1 0 0 1 1 1 1 1 1 0 0 1 0 1 1 0 0 0 1 2 1 0
0 0 1 0 1 7 3 1 1 1 1 7 1 1 1 8 6 2 0 6 0 1 0 1 1 1 0 5 8 3 1 1 1 1 7 2 7 1 0 0 0 1 2 1 2 2 8 0 2 11 2 2 7 1 2 0 1 2 1 1 6 1 0 0 4 0 1 2 0 0 0 2 10 1 0
1 1 1 1 1 3 1 0 0 1 1 3 0 0 1 2 2 0 1 2 1 1 1 0 0 1 0 1 2 1 0 0 0 1 2 1 3 1 0 1 0 1 1 1 1 1 2 0 0 3 1 1 2 0 1 1 0 1 0 0 2 1 1 1 2 1 0 1 1 1 1 0 2 1 1
1 1 1 1 1 7 2 1 1 1 1 7 1 1 1 6 4 1 1 4 1 1 1 0 0 1 0 3 6 2 0 0 0 1 6 1 7 1 0 0 0 1 3 2 3 2 6 0 0 11 3 1 7 0 2 1 0 1 1 1 4 1 1 1 2 0 0 1 1 1 1 2 7 1 1
1 1 1 1 1 6 2 1 1 1 1 6 3 1 1 5 5 0 1 5 3 1 1 0 0 1 0 3 6 2 1 0 0 1 4 1 6 3 0 0 0 1 3 2 9 3 6 0 0 25 3 2 3 1 3 1 0 2 1 1 5 1 1 1 5 0 2 1 1 1 0 3 10 1 0
1 1 1 1 1 3 1 1 1 1 1 3 1 1 1 2 2 0 1 2 1 1 1 0 0 1 0 1 2 1 0 0 0 1 2 1 3 1 0 0 0 1 1 1 1 1 2 0 0 3 1 1 3 0 1 1 0 1 1 1 2 1 1 1 1 0 0 1 1 1 1 1 2 1 1
1 1 1 1 1 2 1 1 1 0 1 2 1 1 1 2 1 0 1 1 2 1 0 0 0 1 0 1 2 1 1 0 0 1 2 1 3 1 0 0 0 1 0 1 1 1 2 0 0 4 0 1 3 0 1 1 0 1 1 1 1 0 1 1 2 0 0 1 1 1 1 1 2 1 1
1 1 1 1 1 1 1 0 0 1 1 1 0 0 1 1 1 0 1 1 1 1 0 0 0 1 0 1 1 1 0 0 0 1 0 1 2 1 0 1 0 1 0 1 1 1 1 0 0 2 0 1 0 0 1 1 0 1 0 0 1 1 1 1 0 1 0 1 1 1 1 0 2 1 1
1 1 1 1 1 2 1 1 1 1 1 2 1 1 1 2 4 1 1 4 0 1 0 0 0 1 0 1 2 1 0 0 0 1 2 1 2 0 0 0 0 1 3 1 1 1 2 0 0 3 3 1 1 1 1 1 0 1 1 1 4 1 1 1 0 0 0 1 1 1 1 1 2 1 1
1 1 1 1 1 3 1 1 1 1 1 3 1 1 1 2 2 0 1 2 1 1 0 0 0 1 0 1 2 1 0 0 0 1 2 1 2 1 0 0 0 1 1 1 1 1 2 0 0 3 1 1 2 0 1 1 0 1 1 1 2 1 1 1 1 0 0 1 1 1 1 1 2 1 1
1 1 1 1 1 6 2 0 0 1 1 7 0 0 1 6 4 0 1 4 2 1 1 1 1 1 0 3 6 2 0 1 1 1 6 1 7 2 0 1 0 1 2 2 3 2 6 0 0 10 3 1 6 0 2 1 1 1 0 0 4 1 1 1 2 1 1 2 1 1 1 0 8 1 1
1 1 1 1 1 5 2 1 1 0 1 4 1 1 2 5 2 0 1 3 1 0 0 0 0 0 0 4 3 2 1 0 0 1 4 1 6 2 0 0 0 2 1 1 1 1 5 0 0 14 1 1 5 0 1 1 0 2 1 1 3 0 1 1 4 0 1 2 1 1 1 1 2 1 1
1 1 1 1 1 3 1 0 0 1 1 3 0 0 1 2 2 0 1 2 1 1 1 1 1 1 0 2 2 1 0 1 1 1 2 0 3 1 0 1 0 1 1 1 1 1 2 0 0 2 1 1 3 0 1 1 1 0 0 0 2 1 1 1 1 1 1 1 1 1 1 0 3 1 1
0 0 1 0 1 5 1 0 0 1 1 5 0 0 1 3 2 0 0 2 0 1 1 1 1 1 0 2 3 1 0 1 1 1 3 0 4 1 0 1 0 1 1 1 1 1 3 0 0 4 1 2 4 0 1 0 1 0 0 0 2 1 0 0 2 0 1 1 0 0 1 0 3 1 1
1 1 1 1 1 6 2 0 0 1 1 6 0 0 1 6 4 0 1 4 2 1 2 1 1 1 0 4 6 2 0 1 1 1 6 0 7 2 0 1 0 1 2 2 4 2 5 0 0 13 2 1 6 0 1 1 1 1 0 0 4 1 1 1 4 1 1 2 1 1 1 1 9 1 1
0 0 1 0 1 6 2 1 1 1 1 6 2 1 1 6 3 1 0 3 1 1 1 1 1 1 0 2 6 2 0 1 1 1 6 2 6 1 0 0 0 1 2 2 2 2 6 0 1 8 2 1 6 0 2 0 1 1 1 1 3 1 0 0 1 0 2 1 0 0 0 2 7 1 0
0 0 1 0 1 3 1 1 1 1 0 3 1 1 1 3 1 1 0 1 0 1 0 1 1 1 0 1 3 1 0 1 1 1 3 1 3 0 0 0 0 0 0 1 0 1 3 0 1 0 0 1 3 0 1 0 1 0 1 1 1 1 0 0 1 0 1 1 0 0 1 1 2 1 1
1 1 1 1 1 2 1 0 0 1 0 2 0 0 0 3 1 0 1 1 1 1 1 1 1 1 0 2 3 1 0 1 1 0 1 0 1 1 0 1 0 0 1 1 1 1 3 0 0 3 1 2 0 0 1 1 1 0 0 0 1 1 1 1 2 1 1 1 1 1 1 0 2 0 1
1 1 1 1 1 10 3 0 0 1 1 9 2 0 0 10 4 0 1 4 2 0 2 1 1 0 0 6 10 3 0 1 1 0 8 0 10 3 0 1 0 1 4 2 10 3 10 0 0 36 3 1 7 1 3 1 1 0 0 0 4 0 1 1 5 1 3 1 1 1 1 1 15 0 1
0 0 1 0 1 4 1 1 1 1 1 4 1 1 1 3 2 1 0 2 0 1 1 1 1 1 0 1 3 1 0 1 1 1 2 1 4 0 0 0 0 1 1 1 0 1 3 0 1 0 1 1 3 0 1 0 1 0 1 1 2 1 0 0 1 0 2 1 0 0 1 1 2 1 1
0 0 0 0 1 5 1 1 1 1 1 5 1 1 1 4 4 2 0 4 0 1 1 1 1 0 0 1 4 1 0 1 1 1 4 2 5 0 0 0 0 1 2 2 2 2 4 0 1 4 2 1 4 0 2 0 1 1 1 1 4 1 0 0 2 0 1 1 0 0 1 2 6 1 1
0 0 1 0 1 10 3 0 0 1 0 9 0 0 1 10 6 0 0 6 2 1 2 1 1 1 0 5 10 3 1 1 1 1 10 1 10 3 0 1 0 0 5 2 6 3 10 0 0 19 4 1 10 1 3 0 1 1 0 0 6 1 0 0 6 0 1 1 0 0 1 2 20 1 1
1 1 1 1 1 3 1 0 0 1 1 2 0 0 0 3 0 0 1 0 1 1 0 1 1 1 0 2 3 1 0 1 1 0 3 0 3 1 0 1 0 1 1 1 1 1 3 0 0 3 1 1 1 0 1 1 1 1 0 0 0 1 1 1 2 1 2 1 1 1 0 0 2 0 0
0 0 1 0 1 1 0 1 1 1 1 0 1 1 1 0 1 1 0 1 0 1 1 1 1 1 0 0 0 0 0 1 1 1 0 1 1 0 0 0 0 1 2 1 0 1 0 0 1 0 1 0 1 0 1 0 1 1 1 1 1 1 0 0 1 0 1 0 0 0 0 1 1 1 0
1 1 1 1 1 3 1 1 1 1 1 3 1 1 1 2 1 1 1 1 0 1 1 0 0 1 0 1 2 1 0 0 0 1 2 1 3 0 0 0 0 1 1 1 1 1 2 0 0 3 1 1 3 0 1 1 0 1 1 1 1 1 1 1 2 0 0 1 1 1 1 1 2 1 1
0 0 1 0 1 3 1 1 1 1 1 3 1 1 1 2 2 1 0 2 0 1 0 1 1 1 0 1 2 1 0 1 1 1 2 1 3 0 0 0 0 1 1 1 0 1 2 0 1 0 1 1 3 1 1 0 1 0 1 1 2 1 0 0 2 0 1 1 0 0 1 1 2 1 1
1 1 1 1 1 3 1 1 1 1 1 2 1 1 1 2 3 0 1 3 1 1 1 0 0 1 0 1 2 1 0 0 0 1 2 1 3 1 0 1 0 1 1 1 1 1 2 0 0 3 1 1 3 0 1 1 0 1 1 1 3 1 1 1 2 1 0 1 1 1 1 1 2 1 1
1 1 1 1 1 5 2 1 1 1 1 4 1 1 1 5 2 1 1 3 1 0 2 0 0 0 0 3 5 2 0 0 0 1 5 2 6 1 0 0 0 1 2 2 4 2 5 0 0 12 2 1 6 0 2 1 0 2 1 1 3 0 1 1 2 0 0 2 1 1 1 2 7 1 1
1 1 1 1 1 4 1 1 1 1 1 4 1 1 1 3 2 0 1 2 1 1 1 0 0 1 0 1 3 1 0 0 0 1 3 1 4 1 0 0 0 1 1 1 1 1 3 0 0 4 1 1 3 0 1 1 0 1 1 1 2 1 1 1 2 0 0 1 1 1 1 1 2 1 1
1 1 1 1 1 4 1 1 1 1 1 3 1 1 0 3 2 0 1 2 1 1 1 0 0 1 0 1 3 1 0 0 0 0 3 1 4 1 0 1 0 1 1 1 1 1 3 0 0 4 1 1 3 0 1 1 0 1 1 1 2 1 1 1 1 1 0 1 1 1 1 1 2 1 1
1 1 1 1 1 7 3 1 1 1 1 7 2 1 1 7 4 2 1 4 1 1 2 0 0 1 0 4 8 3 0 0 0 1 8 2 7 1 0 0 0 1 3 2 6 3 8 0 1 18 2 3 8 1 3 1 0 3 1 1 4 1 1 1 3 0 1 2 1 1 1 2 15 1 1
1 1 1 1 1 4 1 0 0 1 1 4 0 0 1 3 2 1 1 2 1 1 1 0 0 1 0 1 3 1 0 0 0 1 3 1 4 0 0 1 0 1 1 1 1 1 3 0 0 4 1 1 4 0 1 1 0 1 0 0 2 1 1 1 1 1 0 1 1 1 1 0 2 1 1
1 1 1 1 1 13 4 1 1 1 1 13 1 1 1 11 9 1 1 9 3 1 4 0 0 1 0 6 12 4 0 0 0 1 12 3 12 3 0 1 0 1 7 4 10 4 12 0 1 32 7 2 13 0 4 1 0 1 1 1 9 1 1 1 8 1 0 1 1 1 1 4 28 1 1
1 1 1 1 1 4 1 1 1 0 1 4 1 1 1 2 3 0 1 3 1 1 0 0 0 1 0 1 2 1 0 0 0 1 2 1 4 1 0 0 0 1 1 2 1 1 2 0 0 4 1 1 4 0 1 1 0 1 1 1 3 0 1 1 2 0 0 1 1 1 1 2 2 1 1
1 1 1 1 1 3 1 0 0 1 1 3 0 0 1 1 3 0 1 3 1 1 0 0 0 1 0 1 1 1 0 0 0 1 0 1 3 1 0 1 0 1 1 1 1 1 1 0 0 3 1 1 2 1 1 1 0 1 0 0 3 1 1 1 1 1 0 1 1 1 1 0 2 1 1
1 1 1 1 1 7 2 1 1 1 1 7 1 1 1 5 6 0 1 6 2 1 1 0 0 1 0 3 6 2 0 0 0 1 6 1 6 2 0 0 0 1 3 1 4 2 6 0 0 15 3 2 6 0 2 1 0 1 1 1 6 1 1 1 3 0 0 1 1 1 1 1 7 1 1
1 1 1 1 1 9 3 1 0 1 1 7 0 0 2 8 5 0 2 6 3 1 3 1 0 1 0 5 7 3 0 0 0 1 8 3 9 3 0 1 0 1 5 3 9 3 8 0 0 29 3 1 9 0 1 1 0 2 0 0 6 1 1 1 5 1 0 1 1 1 1 2 15 1 1
1 1 1 1 1 6 2 0 0 1 1 6 0 0 1 5 4 0 1 4 2 1 1 1 1 1 0 3 5 2 0 1 1 1 5 1 6 2 0 1 0 1 3 2 3 2 5 0 0 9 3 1 5 1 2 1 1 0 0 0 4 1 1 1 3 1 2 1 1 1 1 1 7 1 1
1 1 1 1 1 3 1 0 0 0 1 3 0 0 1 2 2 0 1 2 2 1 0 1 1 1 0 1 2 1 0 1 1 1 2 1 3 1 0 1 0 1 1 2 1 1 2 0 0 3 1 1 3 0 1 1 1 1 0 0 2 0 1 1 2 1 1 1 1 1 1 1 2 1 1
1 1 1 1 1 6 2 0 0 1 1 6 1 0 1 5 4 0 1 4 2 1 1 0 0 1 0 3 5 2 0 0 0 1 5 2 6 2 0 1 0 1 2 2 4 2 5 0 0 12 2 1 5 0 2 1 0 1 0 0 4 1 1 1 3 1 1 1 1 1 1 0 7 1 1
1 1 1 1 1 6 2 1 1 1 1 5 1 1 1 5 2 0 1 2 2 1 1 0 0 1 0 3 5 2 0 0 0 1 5 1 6 2 0 1 0 1 1 2 3 2 5 0 0 9 1 1 6 0 2 1 0 2 1 1 2 1 1 1 4 1 0 1 1 1 0 2 7 1 1
1 1 1 1 1 6 2 0 0 1 1 5 0 0 1 5 4 0 1 4 2 1 2 1 1 1 0 3 5 2 0 1 1 1 5 0 6 2 0 1 0 1 3 2 4 2 5 0 0 12 3 1 5 0 2 1 1 1 0 0 4 1 1 1 4 1 1 1 1 1 0 1 7 1 0
1 1 1 1 1 3 1 0 0 1 1 3 0 0 1 2 3 0 1 3 1 1 1 1 1 1 0 1 2 1 0 1 1 1 2 0 3 1 0 1 0 1 2 0 1 1 2 0 0 3 2 0 3 0 1 1 1 0 0 0 3 1 1 1 2 1 1 0 1 1 1 0 2 1 1
1 1 1 1 1 3 1 0 0 1 1 3 0 0 1 2 1 0 1 1 1 1 0 1 1 1 0 1 2 1 0 1 1 1 2 0 3 1 0 1 0 1 1 1 1 1 2 0 0 3 1 1 3 1 1 1 1 0 0 0 1 1 1 1 1 1 1 1 1 1 0 0 2 1 0
1 1 1 1 1 3 1 0 0 1 1 3 0 0 1 2 1 0 1 1 1 1 1 1 1 1 0 1 2 1 0 1 1 1 2 0 3 1 0 1 0 1 2 0 1 1 2 0 0 3 2 0 3 0 1 1 1 0 0 0 1 1 1 1 2 1 1 0 1 1 0 0 2 1 0
1 1 1 1 1 5 2 1 1 0 1 5 1 1 1 4 3 0 1 3 2 1 1 0 0 1 0 3 4 2 0 0 0 1 4 1 5 2 0 0 0 1 2 2 1 1 4 0 0 8 2 1 3 0 1 1 0 1 1 1 3 0 1 1 4 0 0 1 1 1 1 2 2 1 1
1 1 1 1 1 6 2 0 0 1 1 6 0 0 1 5 5 0 1 5 1 1 2 0 0 1 0 3 5 2 0 0 0 1 5 1 6 2 0 1 0 1 3 2 4 2 5 0 0 12 3 1 6 0 2 1 0 1 0 0 5 1 1 1 3 1 0 1 1 1 1 1 7 1 1
1 1 1 1 1 3 1 1 1 1 1 2 1 1 1 2 1 0 2 2 1 0 1 0 0 1 0 1 2 1 0 0 0 1 2 1 3 1 0 0 0 1 1 1 1 1 2 0 0 3 0 1 3 0 1 1 0 1 1 1 2 0 1 1 2 0 0 1 1 1 1 1 2 1 1
1 1 1 1 1 3 0 1 1 1 1 2 1 1 1 2 2 0 1 2 1 1 1 0 0 1 0 0 2 0 0 0 0 1 2 1 2 1 0 0 0 1 1 1 1 1 2 0 0 4 1 1 3 0 1 1 0 1 1 1 2 1 1 1 2 0 0 1 1 1 1 1 1 1 1
1 1 1 1 1 3 1 1 1 1 1 3 1 1 1 2 2 0 1 2 1 1 1 0 0 1 0 1 2 1 0 0 0 1 2 1 3 1 0 0 0 1 1 1 1 1 2 0 0 3 1 1 3 0 1 1 0 1 1 1 2 1 1 1 2 0 0 1 1 1 1 1 2 1 1
1 1 1 1 1 3 1 1 1 1 1 3 2 1 1 2 2 0 1 2 1 1 1 0 0 1 0 1 2 1 0 0 0 1 2 1 3 1 0 0 0 1 1 2 2 1 2 0 0 3 1 1 2 0 1 1 0 1 1 1 2 1 1 1 2 0 0 1 1 1 1 2 5 1 1
1 1 1 1 1 2 0 1 1 1 1 2 1 1 1 1 1 0 1 1 1 1 0 0 0 1 0 0 1 0 1 0 0 1 1 1 2 1 0 0 0 1 0 0 1 1 1 0 0 2 0 1 2 1 1 1 0 1 1 1 1 1 1 1 2 0 0 1 1 1 1 1 1 1 1
1 1 1 1 1 4 1 1 1 1 1 2 1 1 1 3 1 0 1 1 1 0 0 0 0 0 0 1 2 1 0 0 0 1 3 1 4 1 0 1 0 1 0 0 1 1 3 0 0 4 0 1 4 1 1 1 0 1 1 1 1 0 1 1 1 1 0 1 1 1 1 1 2 1 1
1 1 1 1 1 1 0 0 0 1 1 1 0 0 1 0 1 0 1 1 1 1 1 1 1 1 0 0 0 0 0 1 1 1 0 0 1 1 0 1 0 1 1 1 1 1 0 0 0 1 1 1 1 0 1 1 1 0 0 0 1 1 1 1 2 1 1 1 1 1 1 0 1 1 1
1 1 1 1 1 12 4 0 0 1 1 10 0 0 1 11 9 0 1 9 3 1 1 1 1 1 0 7 11 3 1 1 1 1 10 1 12 4 0 1 0 1 7 3 13 4 11 0 0 37 6 1 11 2 4 1 1 2 0 0 9 1 1 1 8 1 2 1 1 1 1 2 29 1 1
1 1 1 1 1 3 1 0 0 1 1 3 0 0 1 2 2 0 1 2 1 1 1 1 1 1 0 1 2 1 0 1 1 1 2 1 3 1 0 1 0 1 1 1 1 1 2 0 0 3 1 1 3 0 1 1 1 1 0 0 2 1 1 1 1 1 1 1 1 1 1 0 2 1 1
1 1 1 1 1 6 2 0 0 0 1 6 0 0 1 3 3 0 1 3 3 1 2 1 1 1 0 2 4 2 0 1 1 1 4 1 5 2 0 1 0 1 2 2 3 2 4 0 0 9 2 2 6 0 2 1 1 1 0 0 3 0 1 1 3 1 1 1 1 1 1 1 6 1 1
0 0 0 0 0 0 2 0 0 0 0 0 1 1 0 2 0 1 0 0 0 0 1 0 0 0 0 1 0 2 0 0 0 0 3 1 4 0 0 0 0 0 0 1 0 1 0 0 1 0 0 1 4 0 1 0 1 0 0 0 5 0 0 0 0 0 1 0 0 0 0 1 2 0 0
0 0 0 0 0 0 2 0 0 0 0 0 1 1 0 1 0 1 0 0 0 0 1 0 0 0 0 2 0 2 0 0 0 0 2 1 1 0 0 0 0 0 0 1 0 1 0 0 1 0 0 1 3 0 1 0 1 0 0 0 3 0 0 0 0 0 1 0 0 0 0 1 3 0 0
0 0 0 0 0 0 5 0 0 0 0 0 1 1 0 4 0 2 0 0 0 0 1 0 0 0 0 3 0 5 0 0 0 0 3 2 6 0 0 0 0 0 0 2 3 2 0 0 2 12 0 2 6 0 2 1 0 0 0 0 4 0 1 1 0 0 0 0 1 1 0 2 8 0 0
0 0 0 0 0 0 3 0 0 0 0 0 1 1 0 6 0 2 0 0 0 0 0 0 0 0 0 4 0 3 0 0 0 0 6 2 6 0 0 0 0 0 0 1 3 2 0 0 2 12 0 2 7 1 2 1 0 0 0 0 4 0 1 1 0 0 0 0 1 1 0 2 10 0 0
0 0 0 0 0 0 4 0 0 0 0 0 2 1 0 7 0 2 0 0 0 0 2 0 0 0 0 4 0 4 0 0 0 0 6 2 7 0 0 0 0 0 0 2 2 2 0 0 2 12 0 2 7 0 2 0 1 0 0 0 3 0 0 0 0 0 2 0 0 0 0 2 10 0 0
0 0 0 0 0 0 3 0 0 0 0 0 1 1 0 2 0 1 0 0 0 0 0 0 0 0 0 2 0 3 0 0 0 0 1 1 3 0 0 0 0 0 0 1 0 1 0 0 1 1 0 1 2 0 1 0 1 0 0 0 0 0 0 0 0 0 1 0 0 0 0 1 3 0 0
0 0 0 0 0 0 3 0 0 0 0 0 1 1 0 5 0 1 0 0 0 0 1 0 0 0 0 3 0 3 0 0 0 0 4 1 4 0 0 0 0 0 0 1 0 1 0 0 1 0 0 0 3 0 1 0 1 0 0 0 2 0 0 0 0 0 1 0 0 0 0 1 4 0 0
0 0 0 0 0 0 2 0 0 0 0 0 1 1 0 5 0 1 0 0 0 0 1 0 0 0 0 2 0 2 0 0 0 0 5 1 6 0 0 0 0 0 0 1 0 1 0 0 1 0 0 1 6 0 1 0 1 0 0 0 2 0 0 0 0 0 1 0 0 0 0 1 3 0 0
0 0 0 0 0 0 5 0 0 0 0 0 3 1 0 10 0 3 0 0 0 0 3 0 0 0 0 5 0 3 0 0 0 0 8 3 11 0 0 0 0 0 0 3 3 3 0 0 3 11 0 1 10 0 3 0 1 0 0 0 7 0 0 0 0 0 3 0 0 0 0 3 21 0 0
0 0 0 0 0 0 2 0 0 0 0 0 1 1 0 2 0 1 0 0 0 0 0 0 0 0 0 2 0 2 1 0 0 0 3 1 2 0 0 0 0 0 0 0 1 1 0 0 1 4 0 1 3 1 1 1 0 0 0 0 1 0 1 1 0 0 0 0 1 1 0 1 3 0 0
0 0 0 0 0 0 2 0 0 0 0 0 1 1 0 4 0 1 0 0 0 0 1 0 0 0 0 3 0 2 0 0 0 0 3 1 4 0 0 0 0 0 0 1 1 1 0 0 1 6 0 1 2 0 1 1 0 0 0 0 1 0 1 1 0 0 0 0 1 1 0 1 4 0 0
0 0 0 0 0 0 2 0 0 0 0 0 1 1 0 4 0 1 0 0 0 0 1 0 0 0 0 2 0 2 0 0 0 0 3 1 3 0 0 0 0 0 0 1 0 1 0 0 1 0 0 1 2 0 1 0 1 0 0 0 1 0 0 0 0 0 2 0 0 0 0 1 3 0 0
0 0 0 0 0 0 1 0 0 0 0 0 1 1 0 4 0 1 0 0 0 0 1 0 0 0 0 1 0 1 0 0 0 0 4 1 4 0 0 0 0 0 0 1 0 1 0 0 1 0 0 1 5 0 1 0 1 0 0 0 2 0 0 0 0 0 1 0 0 0 0 1 2 0 0
0 0 0 0 0 0 2 0 0 0 0 0 1 1 0 4 0 1 0 0 0 0 1 0 0 0 0 2 0 2 0 0 0 0 4 1 3 0 0 0 0 0 0 1 0 1 0 0 1 0 0 1 4 0 1 0 1 0 0 0 2 0 0 0 0 0 1 0 0 0 0 1 3 0 0
0 0 0 0 0 0 2 0 0 0 0 0 1 1 0 4 0 1 0 0 0 0 1 0 0 0 0 2 0 2 0 0 0 0 5 1 5 0 0 0 0 0 0 1 0 1 0 0 1 0 0 1 5 0 1 0 1 0 0 0 2 0 0 0 0 0 1 0 0 0 0 1 3 0 0
0 0 0 0 0 0 1 0 0 0 0 0 1 1 0 3 0 1 0 0 0 0 1 0 0 0 0 1 0 1 0 0 0 0 2 1 4 0 0 0 0 0 0 1 0 1 0 0 1 1 0 1 3 0 1 0 1 0 0 0 2 0 0 0 0 0 1 0 0 0 0 1 2 0 0
0 0 0 0 0 0 2 0 0 0 0 0 1 1 0 6 0 1 0 0 0 0 0 0 0 0 0 2 0 2 1 0 0 0 3 1 7 0 0 0 0 0 0 0 0 1 0 0 1 0 0 0 5 0 1 0 1 0 0 0 0 0 0 0 0 0 1 0 0 0 0 1 3 0 0
0 0 0 0 0 0 2 0 0 0 0 0 1 1 0 3 0 1 0 0 0 0 0 0 0 0 0 2 0 2 0 0 0 0 2 1 2 0 0 0 0 0 0 1 0 1 0 0 1 0 0 1 2 0 1 0 1 0 0 0 1 0 0 0 0 0 1 0 0 0 0 1 3 0 0
0 0 0 0 0 0 2 0 0 0 0 0 1 1 0 4 0 1 0 0 0 0 1 0 0 0 0 2 0 2 0 0 0 0 5 1 3 0 0 0 0 0 0 1 0 1 0 0 1 1 0 1 4 0 1 0 1 0 0 0 2 0 0 0 0 0 1 0 0 0 0 1 3 0 0
0 0 0 0 0 0 2 0 0 0 0 0 1 1 0 4 0 1 0 0 0 0 1 0 0 0 0 2 0 2 0 0 0 0 3 1 3 0 0 0 0 0 0 1 0 1 0 0 1 0 0 1 3 0 1 0 1 0 0 0 1 0 0 0 0 0 1 0 0 0 0 1 3 0 0
0 0 0 0 0 0 2 0 0 0 0 0 1 1 0 3 0 1 0 0 0 0 1 0 0 0 0 2 0 2 0 0 0 0 3 1 3 0 0 0 0 0 0 1 0 1 0 0 1 0 0 1 4 0 1 0 1 0 0 0 1 0 0 0 0 0 1 0 0 0 0 1 3 0 0
0 0 0 0 0 0 4 0 0 0 0 0 1 1 0 7 0 1 0 0 0 0 1 0 0 0 0 4 0 3 0 0 0 0 7 1 8 0 0 0 0 0 0 1 0 1 0 0 1 0 0 0 8 0 1 0 1 0 0 0 3 0 0 0 0 0 1 0 0 0 0 1 5 0 0
0 0 0 0 0 0 2 0 0 0 0 0 1 1 0 2 0 1 0 0 0 0 1 0 0 0 0 2 0 2 0 0 0 0 3 1 4 0 0 0 0 0 0 1 1 1 0 0 1 4 0 1 3 0 0 1 0 0 0 0 2 0 1 1 0 0 0 0 1 1 0 1 3 0 0
0 0 0 0 0 0 2 0 0 0 0 0 1 1 0 4 0 1 0 0 0 0 0 0 0 0 0 2 0 2 0 0 0 0 2 1 5 0 0 0 0 0 0 1 0 1 0 0 1 0 0 1 3 0 1 0 1 0 0 0 1 0 0 0 0 0 1 0 0 0 0 1 3 0 0
0 0 0 0 0 0 3 0 0 0 0 0 1 1 0 4 0 1 0 0 0 0 1 0 0 0 0 3 0 3 0 0 0 0 4 1 4 0 0 0 0 0 0 1 0 1 0 0 1 0 0 1 5 0 1 0 1 0 0 0 3 0 0 0 0 0 1 0 0 0 0 1 4 0 0
0 0 0 0 0 0 4 0 0 0 0 0 1 1 0 9 0 2 0 0 0 0 2 0 0 0 0 4 0 4 0 0 0 0 9 2 8 0 0 0 0 0 0 2 1 2 0 0 2 4 0 0 7 0 1 0 1 0 0 0 4 0 0 0 0 0 1 0 0 0 0 2 11 0 0
0 0 0 0 0 0 4 0 0 0 0 0 1 1 0 8 0 2 0 0 0 0 2 0 0 0 0 4 0 4 0 0 0 0 7 2 7 0 0 0 0 0 0 2 2 2 0 0 2 8 0 1 7 0 2 0 0 0 0 0 4 0 0 0 0 0 0 0 0 0 0 2 11 0 0
0 0 0 0 0 0 1 0 0 0 0 0 1 1 0 2 0 1 0 0 0 0 1 0 0 0 0 1 0 1 0 0 0 0 3 1 1 0 0 0 0 0 0 1 0 1 0 0 1 0 0 1 1 0 1 0 1 0 0 0 2 0 0 0 0 0 1 0 0 0 0 1 2 0 0
0 0 0 0 0 0 1 0 0 0 0 0 1 1 0 2 0 1 0 0 0 0 1 0 0 0 0 1 0 1 0 0 0 0 2 1 2 0 0 0 0 0 0 1 0 1 0 0 1 0 0 1 1 0 1 0 1 0 0 0 2 0 0 0 0 0 1 0 0 0 0 1 2 0 0
0 0 0 0 0 0 1 0 0 0 0 0 1 1 0 2 0 1 0 0 0 0 1 0 0 0 0 1 0 1 0 0 0 0 2 1 2 0 0 0 0 0 0 1 0 1 0 0 1 0 0 1 1 0 1 0 1 0 0 0 1 0 0 0 0 0 1 0 0 0 0 1 2 0 0
0 0 0 0 0 0 3 0 0 0 0 0 1 1 0 3 0 1 0 0 0 0 1 0 0 0 0 3 0 3 0 0 0 0 4 1 4 0 0 0 0 0 0 1 0 1 0 0 1 0 0 1 4 0 1 0 1 0 0 0 3 0 0 0 0 0 1 0 0 0 0 1 4 0 0
0 0 0 0 0 0 2 0 0 0 0 0 1 1 0 3 0 1 0 0 0 0 1 0 0 0 0 2 0 2 0 0 0 0 2 1 3 0 0 0 0 0 0 1 0 1 0 0 1 0 0 1 2 0 1 0 1 0 0 0 2 0 0 0 0 0 1 0 0 0 0 1 3 0 0
0 0 0 0 0 0 2 0 0 0 0 0 1 1 0 5 0 1 0 0 0 0 1 0 0 0 0 2 0 2 0 0 0 0 5 1 4 0 0 0 0 0 0 1 0 1 0 0 1 1 0 1 4 0 1 0 1 0 0 0 2 0 0 0 0 0 1 0 0 0 0 1 3 0 0
0 0 0 0 0 0 3 0 0 0 0 0 1 1 0 6 0 2 0 0 0 0 2 0 0 0 0 3 0 3 0 0 0 0 5 2 5 0 0 0 0 0 0 2 2 2 0 0 2 8 0 1 4 0 2 0 1 0 0 0 3 0 0 0 0 0 1 0 0 0 0 2 8 0 0
0 0 0 0 0 0 1 0 0 0 0 0 1 1 0 3 0 1 0 0 0 0 1 0 0 0 0 1 0 1 0 0 0 0 2 1 3 0 0 0 0 0 0 1 0 1 0 0 1 1 0 1 2 0 1 0 1 0 0 0 3 0 0 0 0 0 1 0 0 0 0 1 2 0 0
0 0 0 0 0 0 2 0 0 0 0 0 1 1 0 3 0 1 0 0 0 0 0 0 0 0 0 2 0 2 0 0 0 0 2 1 4 0 0 0 0 0 0 1 0 1 0 0 1 1 0 1 3 0 1 0 1 0 0 0 2 0 0 0 0 0 2 0 0 0 0 1 3 0 0
0 0 0 0 0 0 2 0 0 0 0 0 1 1 0 4 0 1 0 0 0 0 1 0 0 0 0 2 0 2 0 0 0 0 5 1 4 0 0 0 0 0 0 1 0 1 0 0 1 0 0 1 4 0 1 0 1 0 0 0 3 0 0 0 0 0 1 0 0 0 0 1 3 0 0
0 0 0 0 0 0 2 0 0 0 0 0 1 1 0 4 0 1 0 0 0 0 1 0 0 0 0 2 0 2 0 0 0 0 4 1 5 0 0 0 0 0 0 1 0 1 0 0 1 0 0 1 5 0 1 0 1 0 0 0 1 0 0 0 0 0 1 0 0 0 0 1 3 0 0
0 0 0 0 0 0 1 0 0 0 0 0 1 1 0 2 0 1 0 0 0 0 1 0 0 0 0 1 0 1 0 0 0 0 2 1 2 0 0 0 0 0 0 1 0 1 0 0 1 0 0 1 2 0 1 0 1 0 0 0 1 0 0 0 0 0 1 0 0 0 0 1 2 0 0
0 0 0 0 0 0 4 0 0 0 0 0 2 1 0 7 0 2 0 0 0 0 2 0 0 0 0 4 0 4 0 0 0 0 5 2 8 0 0 0 0 0 0 2 2 2 0 0 2 10 0 1 6 0 2 0 1 0 0 0 4 0 0 0 0 0 2 0 0 0 0 2 10 0 0
0 0 0 0 0 0 1 0 0 0 0 0 1 1 0 2 0 1 0 0 0 0 1 0 0 0 0 1 0 1 0 0 0 0 1 1 2 0 0 0 0 0 0 1 0 1 0 0 1 1 0 1 2 0 1 0 1 0 0 0 1 0 0 0 0 0 2 0 0 0 0 1 2 0 0
0 0 0 0 0 0 2 0 0 0 0 0 1 1 0 4 0 1 0 0 0 0 1 0 0 0 0 2 0 2 0 0 0 0 4 1 5 0 0 0 0 0 0 1 0 1 0 0 1 1 0 0 4 0 1 0 1 0 0 0 1 0 0 0 0 0 1 0 0 0 0 1 3 0 0
0 0 0 0 0 0 2 0 0 0 0 0 1 1 0 3 0 1 0 0 0 0 1 0 0 0 0 2 0 2 0 0 0 0 2 1 3 0 0 0 0 0 0 1 0 1 0 0 1 0 0 0 2 0 1 0 1 0 0 0 2 0 0 0 0 0 1 0 0 0 0 1 3 0 0
0 0 0 0 0 0 2 0 0 0 0 0 1 1 0 3 0 1 0 0 0 0 0 0 0 0 0 2 0 2 1 0 0 0 3 1 3 0 0 0 0 0 0 0 0 1 0 0 1 0 0 1 3 1 1 0 1 0 0 0 1 0 0 0 0 0 1 0 0 0 0 1 3 0 0
0 0 0 0 0 0 2 0 0 0 0 0 1 1 0 4 0 1 0 0 0 0 1 0 0 0 0 1 0 2 0 0 0 0 4 1 3 0 0 0 0 0 0 1 0 1 0 0 1 0 0 0 3 0 1 0 1 0 0 0 2 0 0 0 0 0 1 0 0 0 0 1 2 0 0
0 0 0 0 0 0 1 0 0 0 0 0 1 1 0 3 0 1 0 0 0 0 1 0 0 0 0 1 0 1 0 0 0 0 3 1 4 0 0 0 0 0 0 1 0 1 0 0 1 1 0 1 4 0 1 0 1 0 0 0 2 0 0 0 0 0 1 0 0 0 0 1 2 0 0
0 0 0 0 0 0 2 0 0 0 0 0 1 1 0 2 0 1 0 0 0 0 1 0 0 0 0 2 0 2 0 0 0 0 3 1 1 0 0 0 0 0 0 1 0 1 0 0 1 1 0 1 2 0 1 0 1 0 0 0 2 0 0 0 0 0 1 0 0 0 0 1 3 0 0
0 0 0 0 0 0 1 0 0 0 0 0 1 1 0 2 0 1 0 0 0 0 1 0 0 0 0 1 0 1 0 0 0 0 3 1 2 0 0 0 0 0 0 1 0 1 0 0 1 1 0 1 1 0 1 0 1 0 0 0 2 0 0 0 0 0 1 0 0 0 0 1 2 0 0
0 0 0 0 0 0 2 0 0 0 0 0 1 1 0 4 0 1 0 0 0 0 1 0 0 0 0 2 0 2 0 0 0 0 4 1 3 0 0 0 0 0 0 1 0 1 0 0 1 1 0 1 3 0 1 0 1 0 0 0 1 0 0 0 0 0 1 0 0 0 0 1 3 0 0
0 0 0 0 0 0 1 0 0 0 0 0 1 1 0 2 0 1 0 0 0 0 1 0 0 0 0 1 0 1 0 0 0 0 3 1 2 0 0 0 0 0 0 1 0 1 0 0 1 0 0 1 2 0 1 0 1 0 0 0 1 0 0 0 0 0 1 0 0 0 0 1 2 0 0
0 0 0 0 0 0 1 0 0 0 0 0 1 1 0 2 0 1 0 0 0 0 1 0 0 0 0 1 0 1 0 0 0 0 2 1 1 0 0 0 0 0 0 1 0 1 0 0 1 0 0 1 3 0 1 0 1 0 0 0 1 0 0 0 0 0 1 0 0 0 0 1 2 0 0
0 0 0 0 0 0 1 0 0 0 0 0 1 1 0 2 0 1 0 0 0 0 0 0 0 0 0 1 0 1 0 0 0 0 2 1 2 0 0 0 0 0 0 1 0 1 0 0 1 0 0 1 1 0 1 0 1 0 0 0 4 0 0 0 0 0 1 0 0 0 0 1 2 0 0
0 0 0 0 0 0 2 0 0 0 0 0 1 1 0 3 0 1 0 0 0 0 1 0 0 0 0 2 0 2 0 0 0 0 4 1 2 0 0 0 0 0 0 1 0 1 0 0 1 0 0 1 3 0 1 0 1 0 0 0 2 0 0 0 0 0 1 0 0 0 0 1 3 0 0
0 0 0 0 0 0 2 0 0 0 0 0 1 1 0 3 0 1 0 0 0 0 0 0 0 0 0 2 0 2 0 0 0 0 4 1 2 0 0 0 0 0 0 1 0 1 0 0 1 0 0 1 3 0 1 0 1 0 0 0 1 0 0 0 0 0 1 0 0 0 0 1 3 0 0
0 0 0 0 0 0 1 0 0 0 0 0 1 1 0 3 0 1 0 0 0 0 1 0 0 0 0 1 0 1 0 0 0 0 3 1 4 0 0 0 0 0 0 1 0 1 0 0 1 0 0 1 4 0 1 0 1 0 0 0 2 0 0 0 0 0 1 0 0 0 0 1 2 0 0
0 0 0 0 0 0 2 0 0 0 0 0 1 1 0 3 0 1 0 0 0 0 1 0 0 0 0 2 0 2 0 0 0 0 3 1 3 0 0 0 0 0 0 1 0 1 0 0 1 1 0 1 2 0 1 0 1 0 0 0 2 0 0 0 0 0 2 0 0 0 0 1 3 0 0
0 0 0 0 0 0 2 0 0 0 0 0 1 1 0 3 0 1 0 0 0 0 0 0 0 0 0 2 0 2 1 0 0 0 2 1 4 0 0 0 0 0 0 0 1 1 0 0 1 5 0 1 3 1 1 1 0 0 0 0 2 0 1 1 0 0 1 0 1 1 0 1 3 0 0
0 0 0 0 0 0 1 0 0 0 0 0 1 1 0 2 0 1 0 0 0 0 1 0 0 0 0 1 0 0 0 0 0 0 2 1 1 0 0 0 0 0 0 1 0 1 0 0 1 0 0 1 1 0 1 0 1 0 0 0 3 0 0 0 0 0 1 0 0 0 0 1 2 0 0
0 0 0 0 0 0 0 0 0 0 0 0 1 1 0 1 0 1 0 0 0 0 1 0 0 0 0 0 0 0 0 0 0 0 1 1 1 0 0 0 0 0 0 1 1 1 0 0 1 2 0 1 1 0 1 1 0 0 0 0 3 0 1 1 0 0 1 0 1 1 0 1 1 0 0
0 0 0 0 0 0 2 0 0 0 0 0 1 1 0 3 0 1 0 0 0 0 1 0 0 0 0 2 0 2 0 0 0 0 3 1 4 0 0 0 0 0 0 1 1 1 0 0 1 4 0 1 4 0 1 1 0 0 0 0 3 0 1 1 0 0 0 0 1 1 0 1 3 0 0
0 0 0 0 0 0 1 0 0 0 0 0 1 1 0 2 0 1 0 0 0 0 1 0 0 0 0 1 0 0 0 0 0 0 2 1 3 0 0 0 0 0 0 1 0 1 0 0 1 0 0 1 3 0 1 0 1 0 0 0 2 0 0 0 0 0 1 0 0 0 0 1 2 0 0
0 0 0 0 0 0 2 0 0 0 0 0 1 1 0 3 0 1 0 0 0 0 1 0 0 0 0 2 0 2 0 0 0 0 3 1 3 0 0 0 0 0 0 1 1 1 0 0 1 4 0 1 3 0 1 1 0 0 0 0 2 0 1 1 0 0 0 0 1 1 0 1 3 0 0
0 0 0 0 0 0 1 0 0 0 0 0 1 1 0 3 0 1 0 0 0 0 1 0 0 0 0 1 0 1 0 0 0 0 3 1 3 0 0 0 0 0 0 1 0 1 0 0 1 1 0 1 2 0 1 0 1 0 0 0 1 0 0 0 0 0 1 0 0 0 0 1 2 0 0
0 0 0 0 0 0 3 0 0 0 0 0 2 1 0 7 0 2 0 0 0 0 2 0 0 0 0 2 0 3 0 0 0 0 6 2 8 0 0 0 0 0 0 2 1 2 0 0 2 5 0 0 6 0 2 0 1 0 0 0 5 0 0 0 0 0 2 0 0 0 0 2 7 0 0
0 0 0 0 0 0 1 0 0 0 0 0 1 1 0 2 0 1 0 0 0 0 1 0 0 0 0 1 0 1 0 0 0 0 2 1 3 0 0 0 0 0 0 1 1 1 0 0 1 3 0 1 3 0 1 1 0 0 0 0 2 0 1 1 0 0 0 0 1 1 0 1 2 0 0
0 0 0 0 0 0 1 0 0 0 0 0 1 1 0 2 0 1 0 0 0 0 1 0 0 0 0 1 0 1 0 0 0 0 2 1 2 0 0 0 0 0 0 1 0 1 0 0 1 1 0 1 2 0 1 0 1 0 0 0 2 0 0 0 0 0 1 0 0 0 0 1 2 0 0
0 0 0 0 0 0 2 0 0 0 0 0 1 1 0 3 0 1 0 0 0 0 1 0 0 0 0 2 0 1 0 0 0 0 3 1 3 0 0 0 0 0 0 1 0 1 0 0 1 0 0 1 1 0 1 0 1 0 0 0 2 0 0 0 0 0 1 0 0 0 0 1 3 0 0
0 0 0 0 0 0 0 0 0 0 0 0 1 1 0 2 0 1 0 0 0 0 1 0 0 0 0 0 0 0 0 0 0 0 1 1 0 0 0 0 0 0 0 1 0 1 0 0 1 1 0 1 0 0 1 0 1 0 0 0 1 0 0 0 0 0 1 0 0 0 0 1 1 0 0
0 0 0 0 0 0 1 0 0 0 0 0 1 1 0 3 0 1 0 0 0 0 1 0 0 0 0 1 0 1 0 0 0 0 3 1 3 0 0 0 0 0 0 1 0 1 0 0 1 0 0 0 3 0 1 0 1 0 0 0 1 0 0 0 0 0 1 0 0 0 0 1 2 0 0
0 0 0 0 0 0 1 0 0 0 0 0 1 1 0 2 0 1 0 0 0 0 1 0 0 0 0 1 0 0 0 0 0 0 1 1 1 0 0 0 0 0 0 1 0 1 0 0 1 0 0 1 1 0 1 0 0 0 0 0 1 0 0 0 0 0 0 0 0 0 0 1 2 0 0
0 0 0 0 0 0 1 0 0 0 0 0 1 1 0 4 0 1 0 0 0 0 1 0 0 0 0 1 0 1 0 0 0 0 4 1 3 0 0 0 0 0 0 1 0 1 0 0 1 0 0 0 3 0 1 0 1 0 0 0 2 0 0 0 0 0 1 0 0 0 0 1 2 0 0
0 0 0 0 0 0 1 0 0 0 0 0 1 1 0 3 0 1 0 0 0 0 1 0 0 0 0 1 0 1 0 0 0 0 3 1 3 0 0 0 0 0 0 1 0 1 0 0 1 0 0 1 3 0 1 0 1 0 0 0 1 0 0 0 0 0 1 0 0 0 0 1 2 0 0
0 0 0 0 0 0 1 0 0 0 0 0 1 1 0 3 0 1 0 0 0 0 1 0 0 0 0 1 0 1 0 0 0 0 3 1 2 0 0 0 0 0 0 1 0 1 0 0 1 0 0 1 1 0 1 0 1 0 0 0 2 0 0 0 0 0 1 0 0 0 0 1 2 0 0
0 0 0 0 0 0 2 0 0 0 0 0 1 1 0 2 0 1 0 0 0 0 1 0 0 0 0 2 0 2 0 0 0 0 3 1 3 0 0 0 0 0 0 1 0 1 0 0 1 0 0 1 4 0 1 0 1 0 0 0 3 0 0 0 0 0 1 0 0 0 0 1 3 0 0
0 0 0 0 0 0 2 0 0 0 0 0 1 1 0 2 0 1 0 0 0 0 1 0 0 0 0 2 0 2 0 0 0 0 2 1 2 0 0 0 0 0 0 1 1 1 0 0 1 4 0 1 2 0 1 1 0 0 0 0 2 0 1 1 0 0 0 0 1 1 0 1 3 0 0
0 0 0 0 0 0 1 0 0 0 0 0 1 1 0 3 0 1 0 0 0 0 1 0 0 0 0 1 0 1 0 0 0 0 3 1 3 0 0 0 0 0 0 1 1 1 0 0 1 3 0 1 3 0 1 1 0 0 0 0 2 0 1 1 0 0 0 0 1 1 0 1 2 0 0
0 0 0 0 0 0 2 0 0 0 0 0 1 1 0 3 0 1 0 0 0 0 1 0 0 0 0 2 0 2 0 0 0 0 3 1 4 0 0 0 0 0 0 1 1 1 0 0 1 4 0 1 4 0 1 1 0 0 0 0 1 0 1 1 0 0 0 0 1 1 0 1 3 0 0
0 0 0 0 0 0 1 0 0 0 0 0 1 1 0 2 0 1 0 0 0 0 1 0 0 0 0 1 0 1 0 0 0 0 2 1 2 0 0 0 0 0 0 1 1 1 0 0 1 4 0 1 2 0 1 1 0 0 0 0 1 0 1 1 0 0 0 0 1 1 0 1 2 0 0
0 0 0 0 0 0 2 0 0 0 0 0 1 1 0 4 0 1 0 0 0 0 1 0 0 0 0 2 0 2 0 0 0 0 4 1 3 0 0 0 0 0 0 1 0 1 0 0 1 0 0 1 3 0 1 0 1 0 0 0 1 0 0 0 0 0 1 0 0 0 0 1 3 0 0
0 0 0 0 0 0 2 0 0 0 0 0 1 1 0 3 0 1 0 0 0 0 1 0 0 0 0 2 0 2 0 0 0 0 4 1 3 0 0 0 0 0 0 1 0 1 0 0 1 0 0 1 3 0 1 0 1 0 0 0 2 0 0 0 0 0 1 0 0 0 0 1 3 0 0
0 0 0 0 0 0 1 0 0 0 0 0 1 1 0 2 0 1 0 0 0 0 1 0 0 0 0 1 0 0 0 0 0 0 1 0 3 0 0 0 0 0 0 1 0 1 0 0 1 1 0 1 2 0 1 0 1 0 0 0 2 0 0 0 0 0 2 0 0 0 0 1 2 0 0
0 0 0 0 0 0 1 0 0 0 0 0 1 1 0 3 0 1 0 0 0 0 1 0 0 0 0 1 0 1 0 0 0 0 3 1 3 0 0 0 0 0 0 1 0 1 0 0 1 0 0 1 2 0 1 0 1 0 0 0 1 0 0 0 0 0 1 0 0 0 0 1 2 0 0
0 0 0 0 0 0 2 0 0 0 0 0 1 1 0 5 0 2 0 0 0 0 2 0 0 0 0 2 0 2 0 0 0 0 3 2 5 0 0 0 0 0 0 2 1 2 0 0 2 3 0 1 4 0 2 0 1 0 0 0 4 0 0 0 0 0 1 0 0 0 0 2 7 0 0
0 0 0 0 0 0 2 0 0 0 0 0 1 1 0 3 0 1 0 0 0 0 0 0 0 0 0 2 0 2 0 0 0 0 3 1 3 0 0 0 0 0 0 1 1 1 0 0 1 4 0 1 3 0 1 1 0 0 0 0 2 0 1 1 0 0 0 0 1 1 0 1 3 0 0
0 0 0 0 0 0 2 0 0 0 0 0 1 1 0 2 0 1 0 0 0 0 1 0 0 0 0 2 0 2 0 0 0 0 2 1 3 0 0 0 0 0 0 1 0 1 0 0 1 0 0 1 3 0 1 0 1 0 0 0 1 0 0 0 0 0 1 0 0 0 0 1 3 0 0
0 0 0 0 0 0 1 0 0 0 0 0 1 1 0 3 0 1 0 0 0 0 1 0 0 0 0 1 0 1 0 0 0 0 3 1 3 0 0 0 0 0 0 1 0 1 0 0 1 0 0 0 3 0 1 0 1 0 0 0 1 0 0 0 0 0 1 0 0 0 0 1 2 0 0
0 0 0 0 0 0 1 0 0 0 0 0 1 1 0 2 0 1 0 0 0 0 1 0 0 0 0 1 0 1 0 0 0 0 3 1 2 0 0 0 0 0 0 1 0 1 0 0 1 0 0 1 2 0 1 0 1 0 0 0 3 0 0 0 0 0 1 0 0 0 0 1 2 0 0
0 0 0 0 0 0 2 0 0 0 0 0 1 1 0 3 0 1 0 0 0 0 1 0 0 0 0 2 0 2 0 0 0 0 3 1 3 0 0 0 0 0 0 1 0 1 0 0 1 0 0 1 3 0 0 0 1 0 0 0 1 0 0 0 0 0 1 0 0 0 0 1 3 0 0
0 0 0 0 0 0 2 0 0 0 0 0 1 1 0 3 0 1 0 0 0 0 1 0 0 0 0 2 0 2 0 0 0 0 3 1 3 0 0 0 0 0 0 1 0 1 0 0 1 0 0 0 3 0 1 0 1 0 0 0 1 0 0 0 0 0 1 0 0 0 0 1 3 0 0
0 0 0 0 0 0 1 0 0 0 0 0 1 1 0 3 0 1 0 0 0 0 1 0 0 0 0 1 0 1 0 0 0 0 3 0 2 0 0 0 0 0 0 1 0 1 0 0 1 0 0 0 1 0 1 0 1 0 0 0 2 0 0 0 0 0 1 0 0 0 0 1 2 0 0
0 0 0 0 0 0 2 0 0 0 0 0 1 1 0 3 0 1 0 0 0 0 1 0 0 0 0 2 0 2 0 0 0 0 3 1 3 0 0 0 0 0 0 1 0 1 0 0 1 0 0 1 3 0 1 0 1 0 0 0 1 0 0 0 0 0 1 0 0 0 0 1 3 0 0
0 0 0 0 0 0 1 0 0 0 0 0 1 1 0 2 0 1 0 0 0 0 1 0 0 0 0 1 0 1 0 0 0 0 2 1 3 0 0 0 0 0 0 1 0 1 0 0 1 0 0 0 3 0 1 0 1 0 0 0 2 0 0 0 0 0 1 0 0 0 0 1 2 0 0
0 0 0 0 0 0 0 0 0 0 0 0 1 1 0 1 0 1 0 0 0 0 1 0 0 0 0 0 0 0 0 0 0 0 1 1 1 0 0 0 0 0 0 1 1 1 0 0 1 2 0 1 1 0 1 1 0 0 0 0 1 0 1 1 0 0 0 0 1 1 0 1 1 0 0
0 0 0 0 0 0 2 0 0 0 0 0 1 1 0 4 0 1 0 0 0 0 1 0 0 0 0 2 0 2 0 0 0 0 4 1 4 0 0 0 0 0 0 1 0 1 0 0 1 0 0 0 4 0 1 0 1 0 0 0 3 0 0 0 0 0 1 0 0 0 0 1 3 0 0
0 0 0 0 0 0 1 0 0 0 0 0 1 1 0 2 0 1 0 0 0 0 1 0 0 0 0 1 0 1 0 0 0 0 2 1 3 0 0 0 0 0 0 1 0 1 0 0 1 0 0 1 3 0 1 0 0 0 0 0 2 0 0 0 0 0 0 0 0 0 0 1 2 0 0
0 0 0 0 0 0 2 0 0 0 0 0 1 1 0 3 0 1 0 0 0 0 1 0 0 0 0 2 0 2 0 0 0 0 3 1 3 0 0 0 0 0 0 1 0 1 0 0 1 0 0 1 4 0 1 0 1 0 0 0 1 0 0 0 0 0 1 0 0 0 0 1 3 0 0
0 0 0 0 0 0 0 0 0 0 0 0 1 1 0 2 0 1 0 0 0 0 1 0 0 0 0 0 0 0 0 0 0 0 2 1 2 0 0 0 0 0 0 1 1 1 0 0 1 3 0 1 3 0 1 1 0 0 0 0 1 0 1 1 0 0 0 0 1 1 0 1 1 0 0
0 0 0 0 0 0 0 0 0 0 0 0 1 1 0 1 0 1 0 0 0 0 1 0 0 0 0 0 0 0 0 0 0 0 1 1 2 0 0 0 0 0 0 1 1 1 0 0 1 2 0 1 2 0 1 1 0 0 0 0 1 0 1 1 0 0 0 0 1 1 0 1 1 0 0
0 0 0 0 0 0 1 0 0 0 0 0 1 1 0 2 0 1 0 0 0 0 1 0 0 0 0 1 0 1 0 0 0 0 2 1 3 0 0 0 0 0 0 1 1 1 0 0 1 3 0 1 3 0 1 1 0 0 0 0 1 0 1 1 0 0 0 0 1 1 0 1 2 0 0
0 0 0 0 0 0 2 0 0 0 0 0 1 1 0 3 0 1 0 0 0 0 1 0 0 0 0 2 0 2 0 0 0 0 2 1 4 0 0 0 0 0 0 1 0 1 0 0 1 0 0 1 3 0 1 0 1 0 0 0 2 0 0 0 0 0 1 0 0 0 0 1 3 0 0
0 0 0 0 0 0 1 0 0 0 0 0 1 1 0 3 0 1 0 0 0 0 1 0 0 0 0 1 0 1 0 0 0 0 3 1 5 0 0 0 0 0 0 1 1 1 0 0 1 5 0 1 5 0 1 1 0 0 0 0 2 0 1 1 0 0 0 0 1 1 0 1 2 0 0
0 0 0 0 0 0 2 0 0 0 0 0 1 1 0 3 0 1 0 0 0 0 1 0 0 0 0 2 0 2 0 0 0 0 3 1 4 0 0 0 0 0 0 1 1 1 0 0 1 4 0 1 3 0 1 1 0 0 0 0 2 0 1 1 0 0 1 0 1 1 0 1 3 0 0
0 0 0 0 0 0 2 0 0 0 0 0 1 1 0 3 0 1 0 0 0 0 1 0 0 0 0 2 0 2 0 0 0 0 3 1 3 0 0 0 0 0 0 1 1 1 0 0 1 5 0 1 3 0 1 1 0 0 0 0 2 0 1 1 0 0 0 0 1 1 0 1 3 0 0
0 0 0 0 0 0 2 0 0 0 0 0 1 1 0 3 0 1 0 0 0 0 1 0 0 0 0 2 0 2 0 0 0 0 3 1 3 0 0 0 0 0 0 1 1 1 0 0 1 5 0 1 3 0 1 1 0 0 0 0 1 0 1 1 0 0 0 0 1 1 0 1 3 0 0
0 0 0 0 0 0 1 0 0 0 0 0 1 1 0 3 0 1 0 0 0 0 1 0 0 0 0 1 0 1 0 0 0 0 3 1 3 0 0 0 0 0 0 1 0 1 0 0 1 0 0 1 3 0 1 0 1 0 0 0 2 0 0 0 0 0 1 0 0 0 0 1 2 0 0
0 0 0 0 0 0 1 0 0 0 0 0 1 1 0 2 0 1 0 0 0 0 1 0 0 0 0 1 0 1 0 0 0 0 2 1 2 0 0 0 0 0 0 1 0 1 0 0 1 1 0 1 2 0 1 0 1 0 0 0 2 0 0 0 0 0 1 0 0 0 0 1 2 0 0
0 0 0 0 0 0 1 0 0 0 0 0 1 1 0 2 0 1 0 0 0 0 1 0 0 0 0 1 0 1 0 0 0 0 2 1 3 0 0 0 0 0 0 1 1 1 0 0 1 4 0 1 2 0 1 1 0 0 0 0 2 0 1 1 0 0 1 0 1 1 0 1 2 0 0
0 0 0 0 0 0 1 0 0 0 0 0 1 1 0 2 0 1 0 0 0 0 1 0 0 0 0 1 0 1 0 0 0 0 2 1 2 0 0 0 0 0 0 1 0 1 0 0 1 0 0 0 2 0 1 0 1 0 0 0 2 0 0 0 0 0 1 0 0 0 0 1 2 0 0
0 0 0 0 0 0 1 0 0 0 0 0 1 1 0 3 0 1 0 0 0 0 1 0 0 0 0 1 0 1 0 0 0 0 3 1 4 0 0 0 0 0 0 1 0 1 0 0 1 0 0 1 4 0 1 0 1 0 0 0 3 0 0 0 0 0 1 0 0 0 0 1 2 0 0
0 0 0 0 0 0 0 0 0 0 0 0 1 1 0 1 0 1 0 0 0 0 1 0 0 0 0 0 0 0 0 0 0 0 0 1 2 0 0 0 0 0 0 1 0 1 0 0 1 0 0 1 1 0 1 0 0 0 0 0 2 0 0 0 0 0 1 0 0 0 0 1 1 0 0
0 0 0 0 0 0 0 0 0 0 0 0 1 1 0 2 0 1 0 0 0 0 1 0 0 0 0 0 0 0 0 0 0 0 2 1 2 0 0 0 0 0 0 1 0 1 0 0 1 0 0 0 1 0 1 0 1 0 0 0 2 0 0 0 0 0 1 0 0 0 0 1 1 0 0
1 1 1 1 2 5 2 0 0 1 1 3 0 0 2 0 8 0 1 8 2 1 2 0 0 1 0 1 2 2 0 0 0 1 0 0 0 2 0 1 0 1 6 1 3 2 2 0 0 7 6 0 0 0 2 0 0 2 0 0 0 1 1 1 1 1 0 2 1 1 0 0 6 1 0
1 1 1 1 1 2 1 0 0 1 1 1 0 0 1 0 4 0 1 4 1 1 0 1 1 1 0 1 1 1 0 1 1 1 0 0 0 1 0 1 0 1 3 0 1 1 1 0 0 2 2 0 0 0 1 0 0 1 0 0 0 1 1 1 1 1 0 0 1 1 1 0 2 1 1
1 1 1 1 1 0 1 0 0 1 1 0 0 0 1 0 2 0 1 2 1 1 0 1 1 1 0 1 0 1 0 1 1 0 0 0 0 1 0 1 0 1 1 1 1 1 0 0 0 2 1 0 0 0 0 0 0 1 0 0 0 1 1 1 0 1 0 1 1 1 1 0 2 1 1
1 1 1 1 1 4 2 0 0 1 1 3 0 0 1 0 3 0 1 3 1 1 0 1 1 1 0 1 1 2 0 1 1 1 0 0 0 1 0 1 0 1 2 1 1 1 2 0 0 4 2 0 0 0 1 0 0 1 0 0 0 1 1 1 1 1 0 1 1 1 1 0 2 1 1
1 1 1 1 1 6 3 0 0 1 1 4 0 0 0 0 9 0 1 9 3 1 1 1 1 1 0 3 5 3 0 1 1 0 0 0 0 3 0 1 0 1 7 3 7 2 5 0 0 12 6 0 0 0 3 0 0 2 0 0 0 1 1 1 3 1 0 1 1 1 1 2 12 1 1
1 1 1 1 1 1 1 1 1 1 1 1 0 0 1 0 3 0 1 3 1 1 1 0 0 1 0 1 1 1 0 0 0 1 0 1 0 1 0 0 0 1 1 1 1 1 0 0 0 2 1 0 0 0 1 0 0 1 1 1 0 1 1 1 0 0 0 1 1 1 1 1 2 1 1
1 1 1 1 1 2 1 0 0 1 1 1 0 0 1 0 1 0 1 1 1 1 1 1 1 1 0 1 1 1 0 1 1 1 0 0 0 1 0 1 0 1 1 1 1 1 1 0 0 2 1 0 0 0 1 0 0 1 0 0 0 1 1 1 1 1 0 1 1 1 0 0 2 1 0
1 1 1 1 1 1 0 1 1 1 1 1 0 0 1 0 1 0 1 1 1 1 1 0 0 1 0 0 0 0 0 0 0 0 0 1 0 1 0 1 0 1 1 1 1 1 0 0 0 1 1 0 0 0 1 0 0 1 1 1 0 1 1 1 1 1 0 1 1 1 0 1 1 1 0
1 1 1 1 1 4 3 0 0 1 1 4 0 0 2 0 3 0 1 3 2 1 2 1 1 1 0 2 1 3 0 1 1 1 0 1 0 2 0 1 0 1 3 1 3 2 2 0 0 8 3 0 0 0 2 0 0 1 0 0 0 1 1 1 3 1 0 1 1 1 0 1 6 1 0
1 1 1 1 1 2 1 0 0 1 1 2 0 0 1 0 3 0 1 3 1 1 1 1 1 1 0 1 1 1 0 1 1 1 0 0 0 1 0 1 0 1 3 0 1 1 1 0 0 2 3 0 0 0 1 0 0 0 0 0 0 1 1 1 1 1 0 0 1 1 1 0 2 1 1
1 1 1 1 1 2 1 0 0 1 1 1 0 0 1 0 1 0 1 1 1 1 1 1 1 1 0 1 1 1 0 1 1 1 0 0 0 1 0 1 0 1 1 1 2 0 1 0 0 2 1 0 0 0 1 0 0 1 0 0 0 1 1 1 1 1 0 1 1 1 0 0 2 1 0
1 1 1 1 1 1 0 0 0 1 1 1 0 0 1 0 2 0 1 2 1 1 1 1 1 1 0 0 0 0 0 1 1 0 0 0 0 1 0 1 0 1 2 0 1 1 0 0 0 1 1 0 0 0 1 0 0 1 0 0 0 1 1 1 2 1 0 0 1 1 0 0 1 1 0
1 1 1 1 1 2 0 0 0 1 1 2 0 0 1 0 2 1 1 2 1 1 0 1 1 1 0 0 0 0 0 1 1 0 0 0 0 0 0 1 0 1 1 0 1 1 0 0 0 2 1 0 0 0 1 0 0 1 0 0 0 1 1 1 0 1 0 1 1 1 1 0 1 1 1
1 1 1 1 1 1 1 1 1 1 1 1 0 0 1 0 2 0 1 2 1 1 1 0 0 1 0 1 0 1 0 0 0 0 0 1 0 1 0 1 0 1 1 1 1 1 0 0 0 2 1 0 0 0 1 0 0 1 1 1 0 1 1 1 0 1 0 1 1 1 1 1 2 1 1
1 1 1 1 1 4 2 0 0 1 1 3 0 0 1 0 3 2 1 3 1 1 0 1 1 1 0 2 3 2 0 1 1 1 0 1 0 0 0 1 0 1 3 2 4 2 3 0 1 8 3 0 0 0 2 0 0 1 0 0 0 1 1 1 2 1 0 1 1 2 0 1 6 1 0
1 1 1 1 1 4 1 0 0 1 1 3 0 0 2 0 2 0 1 2 1 1 1 1 1 1 0 1 2 1 0 1 1 1 0 0 0 1 0 1 0 1 2 0 1 1 3 0 0 4 1 0 0 0 1 0 0 1 0 0 0 1 1 1 1 1 0 0 1 1 1 0 2 1 1
1 1 1 1 1 2 0 1 1 1 1 1 0 0 1 0 4 1 1 4 0 1 1 0 0 1 0 0 1 0 0 0 0 1 0 1 0 0 0 0 0 1 1 2 2 1 1 0 0 2 1 0 0 0 1 0 0 1 1 1 0 1 1 1 1 0 0 1 1 1 1 2 3 1 1
1 1 1 1 1 2 1 0 0 1 1 1 0 0 1 0 3 1 1 3 1 1 1 1 1 1 0 1 1 1 0 1 1 1 0 0 0 0 0 1 0 1 2 1 1 1 1 0 0 2 2 0 0 0 1 0 0 1 0 0 0 1 1 1 1 1 0 1 1 1 1 0 2 1 1
1 1 1 1 1 3 1 1 1 1 1 3 0 0 1 0 1 0 1 1 1 1 1 0 0 1 0 1 2 1 0 0 0 1 0 1 0 1 0 1 0 1 1 1 1 1 2 0 0 4 1 0 0 0 1 0 0 1 1 1 0 1 1 1 3 1 0 1 1 1 0 1 2 1 0
1 1 1 1 1 3 1 0 0 1 1 2 0 0 1 0 2 0 1 2 1 1 1 1 1 1 0 1 1 1 0 1 1 0 0 0 0 1 0 1 0 1 2 0 1 1 2 0 0 3 1 0 0 0 1 0 0 1 0 0 0 1 1 1 1 1 0 0 1 1 1 0 2 1 1
0 0 1 0 1 3 1 1 1 1 1 3 0 0 1 0 7 2 0 7 1 1 3 1 1 1 0 1 4 1 0 1 1 1 0 3 0 1 0 0 0 1 5 3 3 3 4 0 2 5 5 0 0 0 1 0 0 2 1 1 0 1 0 0 1 0 0 2 0 0 1 3 9 1 1
1 1 1 1 1 4 2 0 0 1 1 2 0 0 1 0 4 0 1 4 2 1 2 1 1 1 0 2 3 2 0 1 1 0 0 0 0 2 0 1 0 1 3 2 3 2 3 0 0 8 2 0 0 0 2 0 0 2 0 0 0 1 1 1 1 1 0 1 1 1 1 1 6 1 1
1 1 1 1 1 2 1 0 0 1 1 1 0 0 1 0 2 0 1 2 1 1 1 1 1 1 0 1 1 1 0 1 1 1 0 0 0 1 0 1 0 1 1 1 1 1 1 0 0 2 1 0 0 0 1 0 0 1 0 0 0 1 1 1 1 1 0 1 1 1 0 0 2 1 0
1 1 1 1 1 3 1 0 0 1 1 2 0 0 1 0 2 0 1 2 2 1 2 1 1 1 0 1 2 1 0 1 1 1 0 0 0 1 0 1 0 1 1 2 3 2 2 0 0 4 1 0 0 0 1 0 0 1 0 0 0 1 1 1 2 1 0 1 1 1 1 1 5 1 1
1 1 1 1 0 2 1 1 1 1 1 2 0 0 1 0 1 1 1 1 1 0 1 0 0 1 0 1 1 1 0 0 0 1 0 1 0 0 0 1 0 1 1 1 1 1 1 0 0 2 1 0 0 0 0 0 0 1 1 1 0 1 1 1 1 1 0 1 1 1 0 1 2 1 0
0 0 1 0 1 3 1 1 1 1 0 3 0 0 1 0 2 1 0 2 0 1 0 0 0 1 0 1 2 1 0 0 0 1 0 0 0 0 0 0 0 0 1 1 0 1 2 0 1 0 1 0 0 0 1 0 0 0 1 1 0 1 0 0 1 0 0 1 0 0 1 1 2 1 1
1 1 1 1 1 1 1 0 0 1 1 3 0 0 0 0 1 1 1 1 1 1 1 1 1 1 0 2 3 1 0 1 1 0 0 0 0 0 0 1 0 1 1 1 1 1 2 0 0 3 1 0 0 0 1 0 0 0 0 0 0 1 1 1 0 1 0 1 1 1 0 0 2 0 0
0 0 1 0 1 3 2 1 1 1 1 2 0 0 2 0 3 1 0 3 1 1 2 1 1 1 0 2 1 2 0 1 1 0 0 0 0 1 0 0 0 1 3 2 1 2 2 0 1 2 2 0 0 0 2 0 0 2 1 1 0 1 0 0 2 0 0 1 0 0 1 1 6 1 1
1 1 1 1 1 2 1 0 0 1 1 1 0 0 1 0 1 0 1 1 1 1 1 1 1 1 0 1 1 1 0 1 1 1 0 0 0 1 0 1 0 1 1 1 1 1 1 0 0 2 1 0 0 0 1 0 0 1 0 0 0 1 1 1 2 1 0 1 1 1 0 0 2 1 0
1 1 1 1 1 3 2 0 0 1 0 4 0 0 1 0 3 1 1 3 1 1 2 1 1 1 0 2 5 2 0 1 1 1 0 0 0 1 0 1 0 0 3 1 3 2 4 0 1 9 3 0 0 0 2 0 0 1 0 0 0 1 1 1 2 1 0 1 1 1 1 1 7 1 1
1 1 1 1 1 2 1 0 0 1 1 1 0 0 0 0 1 0 1 2 1 0 1 1 1 0 0 2 2 1 0 1 1 0 0 0 0 1 0 1 0 1 1 1 1 1 2 0 0 2 1 0 0 0 1 0 0 0 0 0 0 0 1 1 1 1 0 1 1 1 0 0 2 0 0
1 1 1 1 1 3 1 0 0 1 1 3 0 0 1 0 1 0 1 1 1 1 1 1 1 1 0 1 1 1 0 1 1 1 0 0 0 1 0 1 0 1 2 0 1 1 1 0 0 3 2 0 0 0 1 0 0 0 0 0 0 1 1 1 1 1 0 0 1 1 1 0 2 1 1
1 1 1 1 1 1 0 0 0 1 1 1 0 0 1 0 2 0 1 2 1 1 1 1 1 1 0 0 0 0 0 1 1 1 0 0 0 1 0 1 0 1 1 1 1 1 0 0 0 1 1 0 0 0 1 0 0 0 0 0 0 1 1 1 1 1 0 1 1 1 1 0 1 1 1
1 1 1 1 1 3 1 0 0 1 1 3 0 0 1 0 2 0 1 2 1 1 1 1 1 1 0 1 1 1 0 1 1 1 0 0 0 1 0 1 0 1 1 1 1 1 1 0 0 3 1 0 0 0 1 0 0 0 0 0 0 1 1 1 1 1 0 1 1 1 1 0 2 1 1
1 0 1 0 1 0 1 0 0 1 1 1 0 0 1 0 2 0 1 2 1 1 1 1 1 1 0 1 1 1 0 1 1 1 0 0 0 1 0 1 0 1 1 1 1 1 0 0 0 2 1 0 0 0 1 0 0 1 0 0 0 1 1 1 0 1 0 1 1 1 1 0 2 0 1
1 1 1 1 1 2 1 0 0 1 0 1 0 0 1 0 2 0 1 2 1 1 1 1 1 1 0 1 2 1 0 1 1 1 0 0 0 1 0 1 0 0 1 1 1 1 2 0 0 3 1 0 0 0 1 0 0 1 0 0 0 1 1 1 1 1 0 1 1 1 1 0 2 1 1
1 1 1 1 1 2 1 0 0 1 1 1 0 0 1 0 1 0 1 1 1 1 1 1 1 1 0 2 0 1 0 1 1 0 0 0 0 1 0 1 0 1 1 1 1 1 2 0 0 2 1 0 0 0 1 0 0 1 0 0 0 1 1 1 1 1 0 1 1 1 0 0 2 0 0
1 1 0 1 1 2 1 0 0 1 1 1 0 0 1 0 1 0 1 1 1 1 1 1 1 0 0 1 0 1 0 1 1 0 0 0 0 1 0 1 0 1 1 1 1 1 1 0 0 2 1 0 0 0 1 0 0 1 0 0 0 1 1 1 1 1 0 1 1 1 0 0 2 1 0
0 0 1 0 1 3 1 0 0 1 1 3 0 0 1 0 2 0 0 2 0 1 1 1 1 1 0 1 2 1 0 1 1 1 0 0 0 1 0 1 0 1 2 0 1 1 2 0 0 3 2 0 0 0 1 0 0 0 0 0 0 1 0 0 1 0 0 0 0 0 1 0 2 1 1
1 1 1 1 1 0 1 0 0 1 1 1 0 0 1 0 1 0 1 1 1 1 1 1 1 1 0 1 1 1 0 1 1 1 0 0 0 1 0 1 0 1 1 1 1 1 0 0 0 2 1 0 0 0 1 0 0 1 0 0 0 1 1 1 0 1 0 1 1 1 0 0 2 1 0
1 1 1 1 1 3 1 0 0 1 1 3 0 0 1 0 3 0 1 3 1 1 1 1 1 1 0 1 2 1 0 1 1 1 0 0 0 1 0 1 0 1 2 1 1 1 2 0 0 3 2 0 0 0 1 0 0 0 0 0 0 1 1 1 1 1 0 1 1 1 1 0 2 1 1
1 1 1 1 1 3 1 0 0 1 1 3 0 0 1 0 2 1 1 2 1 1 0 1 1 1 0 1 2 1 0 1 1 1 0 0 0 0 0 1 0 1 1 0 1 1 2 0 0 3 1 0 0 1 1 0 0 0 0 0 0 1 1 1 1 1 0 1 1 1 1 0 2 1 1
1 1 1 1 1 2 0 0 0 1 1 2 0 0 1 0 2 0 1 2 1 1 1 1 1 1 0 0 1 0 0 1 1 1 0 0 0 1 0 1 0 1 1 1 1 1 1 0 0 2 1 0 0 0 1 0 0 0 0 0 0 1 1 1 1 1 0 1 1 1 1 0 1 1 1
1 1 1 1 1 2 1 0 0 1 1 2 0 0 1 0 2 1 1 2 1 1 1 1 1 1 0 1 1 1 0 1 1 1 0 0 0 0 0 1 0 1 1 1 1 1 1 0 0 2 1 0 0 0 1 0 0 0 0 0 0 1 1 1 1 1 0 1 1 1 0 0 2 1 0
1 1 1 1 1 2 1 0 0 1 1 1 0 0 1 0 1 0 1 1 1 1 1 1 1 1 0 1 1 1 0 1 1 1 0 0 0 1 0 1 0 1 2 0 1 1 1 0 0 2 1 0 0 0 1 0 0 1 0 0 0 1 1 1 2 1 0 0 1 1 0 0 2 1 0
1 1 1 1 1 3 1 0 0 1 1 3 0 0 1 0 2 0 1 2 1 1 1 1 1 1 0 1 2 1 0 1 1 1 0 0 0 1 0 1 0 1 2 0 1 1 2 0 0 3 2 0 0 0 0 0 0 0 0 0 0 1 1 1 1 1 0 0 1 1 1 0 2 1 1
1 1 1 1 1 2 1 0 0 1 0 2 0 0 1 0 1 0 1 1 1 1 1 1 1 1 0 1 2 1 0 1 1 1 0 0 0 1 0 1 0 0 1 1 1 1 2 0 0 3 1 0 0 0 1 0 0 0 0 0 0 1 1 1 2 1 0 1 1 1 0 0 2 1 0
1 1 1 1 1 6 2 0 0 1 0 5 0 0 0 0 3 0 1 3 2 1 2 1 1 1 0 4 7 2 0 1 1 0 0 0 0 2 0 1 0 0 4 0 3 2 7 0 0 11 3 0 0 0 2 0 0 1 0 0 0 1 1 1 2 1 0 0 1 1 0 0 7 0 0
1 1 1 1 1 2 0 0 0 1 1 2 0 0 1 0 2 0 1 2 1 1 1 1 1 1 0 0 1 0 0 1 1 1 0 0 0 1 0 1 0 1 1 1 1 1 1 0 0 2 1 0 0 0 1 0 0 0 0 0 0 1 1 1 1 1 0 1 1 1 1 0 1 1 1
1 1 1 1 1 2 0 0 0 1 1 2 0 0 1 0 2 0 1 2 1 1 1 1 1 1 0 0 1 0 0 1 1 1 0 0 0 1 0 1 0 1 1 1 1 1 1 0 0 2 1 0 0 0 1 0 0 0 0 0 0 1 1 1 2 1 0 1 1 1 1 0 1 1 1
1 1 1 1 1 3 1 0 0 1 0 2 0 0 1 0 1 0 1 1 1 1 0 1 1 1 0 1 3 1 0 1 1 1 0 0 0 1 0 1 0 0 1 0 1 1 3 0 0 4 1 0 0 1 1 0 0 1 0 0 0 1 1 1 1 1 0 1 1 1 0 0 2 1 0
1 1 1 1 1 3 1 0 0 1 1 3 0 0 0 0 2 0 1 2 1 1 1 1 1 1 0 2 3 1 0 1 1 0 0 0 0 1 0 1 0 1 2 0 1 1 3 0 0 3 2 0 0 0 1 0 0 0 0 0 0 1 1 1 1 1 0 0 1 1 1 0 2 0 1
0 0 1 0 1 0 0 1 1 1 1 1 0 0 1 0 1 1 0 1 0 1 1 1 1 1 0 0 0 0 0 1 1 1 0 0 0 0 0 1 0 1 1 1 0 1 0 0 1 0 1 0 0 0 1 0 0 0 1 1 0 1 0 0 0 0 0 1 0 0 0 1 1 0 0
1 1 1 1 1 2 0 0 0 1 1 2 0 0 1 0 2 0 1 2 1 1 1 1 1 1 0 0 1 0 0 1 1 1 0 0 0 1 0 1 0 1 2 0 1 1 1 0 0 2 2 0 0 0 1 0 0 0 0 0 0 1 1 1 1 1 0 0 1 1 1 0 1 1 1
1 1 1 1 1 3 0 1 1 1 1 3 0 0 1 0 2 1 1 2 1 1 1 0 0 1 0 0 1 0 0 0 0 1 0 1 0 0 0 1 0 1 1 1 1 1 1 0 1 3 1 0 0 0 1 0 0 1 1 1 0 1 1 1 1 1 0 1 1 1 1 1 1 1 1
1 1 1 1 1 3 1 0 0 1 1 3 0 0 1 0 2 0 1 2 1 1 1 1 1 1 0 1 2 1 0 1 1 1 0 0 0 1 0 1 0 1 1 1 1 1 2 0 0 3 1 0 0 0 1 0 0 0 0 0 0 1 1 1 1 1 0 1 1 1 1 0 2 1 1
1 1 1 1 1 2 0 0 0 1 0 2 0 0 1 0 2 0 1 2 1 1 1 1 1 1 0 0 2 0 0 1 1 1 0 1 0 1 0 1 0 0 1 1 1 1 2 0 0 3 1 0 0 0 1 0 0 1 0 0 0 1 1 1 1 1 0 1 1 1 1 0 1 1 1
1 1 1 1 1 2 0 0 0 1 1 2 0 0 0 0 2 0 1 2 1 1 1 1 1 1 0 1 2 0 0 1 1 0 0 0 0 1 0 1 0 1 1 1 1 1 2 0 0 2 1 0 0 0 1 0 0 0 0 0 0 1 1 1 1 1 0 1 1 1 1 0 1 0 1
1 1 1 1 1 2 0 1 1 1 1 2 0 0 1 0 1 0 1 1 1 1 1 0 0 1 0 0 1 0 0 0 0 1 0 1 0 1 0 1 0 1 1 1 1 1 1 0 0 2 1 0 0 0 1 0 0 1 1 1 0 1 1 1 2 1 0 1 1 1 1 1 1 1 1
1 1 1 1 1 7 2 0 0 1 1 8 0 0 1 0 5 0 1 5 3 1 3 1 1 1 0 2 7 2 0 1 1 1 0 0 0 3 0 1 0 1 4 2 8 3 7 0 0 20 5 0 0 0 3 0 0 0 0 0 0 1 1 1 3 1 0 2 1 1 1 1 14 1 1
1 1 1 1 1 4 1 0 0 1 1 4 0 0 1 0 5 0 1 5 2 1 2 1 1 1 0 1 3 1 0 1 1 1 0 0 0 2 0 1 0 1 4 2 4 2 3 0 0 6 4 0 0 0 2 0 0 0 0 0 0 1 1 1 2 1 0 1 1 1 1 1 6 1 1
1 1 1 1 1 3 1 0 0 1 1 3 0 0 1 0 3 0 1 3 1 1 1 1 1 1 0 1 2 1 0 1 1 1 0 0 0 1 0 1 0 1 1 1 1 1 2 0 0 3 1 0 0 0 1 0 0 0 0 0 0 1 1 1 1 1 0 1 1 1 1 0 2 1 1
1 0 1 0 1 0 0 0 0 1 1 0 0 0 1 0 2 0 1 2 1 1 1 1 1 1 0 0 0 0 0 1 1 1 0 0 0 1 0 1 0 1 1 1 1 1 0 0 0 1 1 0 0 0 1 0 0 1 0 0 0 1 1 1 0 1 0 1 1 1 1 0 1 0 1
1 1 1 1 1 1 0 0 0 1 1 1 0 0 1 0 1 0 1 1 1 1 1 1 1 1 0 0 0 0 0 1 1 1 0 0 0 1 0 1 0 1 1 1 1 1 0 0 0 3 1 0 0 0 1 0 0 0 0 0 0 1 1 1 1 1 0 1 1 1 0 0 1 1 0
1 1 0 1 1 2 1 0 0 1 1 2 0 0 0 0 1 0 1 1 1 1 1 1 1 0 0 2 2 1 0 1 1 0 0 0 0 1 0 1 0 1 2 0 1 1 2 0 0 2 2 0 0 0 1 0 0 0 0 0 0 1 1 1 1 1 0 0 1 1 0 0 2 0 0
1 1 1 1 1 3 1 0 0 1 1 3 0 0 1 0 1 0 1 1 1 1 1 1 1 1 0 1 2 1 0 1 1 1 0 0 0 1 0 1 0 1 2 0 2 0 2 0 0 4 2 0 0 0 1 0 0 0 0 0 0 1 1 1 1 1 0 0 1 1 0 0 2 1 0
1 1 1 1 1 5 4 0 0 1 1 8 0 0 1 0 10 0 1 10 5 1 5 1 1 1 0 4 8 4 0 1 1 1 0 0 0 5 0 1 0 1 7 1 17 5 5 0 0 28 9 0 0 0 5 0 0 1 0 0 0 1 1 1 1 2 0 4 1 1 0 0 29 3 0
1 1 1 1 1 2 1 0 0 1 1 2 0 0 1 0 2 0 1 2 1 1 1 1 1 1 0 1 1 1 0 1 1 1 0 0 0 1 0 1 0 1 2 0 1 1 1 0 0 2 2 0 0 0 1 0 0 0 0 0 0 1 1 1 1 1 0 0 1 1 0 0 2 1 0
1 1 1 1 1 1 0 0 0 1 1 1 0 0 0 0 1 0 1 1 1 1 1 1 1 1 0 1 1 0 0 1 1 0 0 0 0 1 0 1 0 1 2 0 1 1 1 0 0 1 2 0 0 0 1 0 0 0 0 0 0 1 1 1 1 1 0 0 1 1 0 0 1 0 0
1 1 1 1 1 2 1 0 0 1 1 2 0 0 1 0 1 0 1 1 1 1 1 1 1 1 0 1 1 1 0 1 1 1 0 0 0 1 0 1 0 1 2 0 1 1 1 0 0 2 2 0 0 0 1 0 0 0 0 0 0 1 1 1 1 1 0 0 1 1 0 0 2 1 0
1 1 1 1 1 4 3 0 0 1 1 6 0 0 1 0 7 0 1 7 4 1 4 1 1 1 0 3 6 3 0 1 1 1 0 0 0 4 0 1 0 1 6 2 10 4 5 0 0 18 7 0 0 0 4 0 0 1 0 0 0 1 1 1 4 1 0 2 1 1 0 2 17 1 0
1 1 1 1 1 2 2 0 0 1 1 5 0 0 1 0 3 0 1 3 2 1 2 1 1 1 0 3 4 2 0 1 1 1 0 0 0 2 0 1 0 1 2 1 4 2 3 0 0 10 4 0 0 0 2 0 0 0 0 0 0 1 1 1 1 1 0 2 1 1 0 1 7 1 0
1 1 0 1 1 2 1 0 0 1 1 2 0 0 1 0 1 0 1 1 1 1 1 1 1 0 0 1 1 1 0 1 1 1 0 0 0 1 0 1 0 1 2 0 1 1 1 0 0 2 2 0 0 0 1 0 0 0 0 0 0 1 1 1 0 1 0 0 1 1 0 0 2 1 0
0 0 1 0 1 2 1 0 0 1 1 2 0 0 1 0 2 0 0 2 0 1 1 1 1 1 0 1 1 1 0 1 1 1 0 0 0 1 0 1 0 1 2 0 1 1 1 0 0 2 2 0 0 0 1 0 0 0 0 0 0 1 0 0 1 0 0 0 0 0 1 0 2 1 1
1 1 1 1 1 1 0 0 0 1 1 1 0 0 1 0 1 0 1 1 1 1 1 1 1 1 0 0 0 0 0 1 1 1 0 0 0 1 0 1 0 1 1 1 1 1 0 0 0 1 1 0 0 0 1 0 0 0 0 0 0 1 1 1 1 1 0 1 1 1 0 0 1 1 0
1 1 1 1 1 2 1 0 0 1 1 2 0 0 1 0 1 0 1 1 1 1 1 1 1 1 0 1 1 1 0 1 1 1 0 0 0 1 0 1 0 1 2 0 1 1 1 0 0 2 2 0 0 0 1 0 0 0 0 0 0 1 1 1 0 1 0 0 1 1 0 0 2 1 0
1 1 1 1 1 3 1 0 0 1 1 3 0 0 1 0 1 0 1 1 1 1 1 1 1 1 0 2 2 1 0 1 1 1 0 0 0 1 0 1 0 1 2 0 1 1 2 0 0 2 2 0 0 0 1 0 0 0 0 0 0 1 1 1 1 1 0 0 1 1 0 0 3 1 0
1 1 1 1 1 1 0 0 0 1 1 1 0 0 1 0 2 0 1 2 1 1 1 1 1 1 0 0 0 0 0 1 1 1 0 0 0 1 0 1 0 1 2 0 1 1 0 0 0 2 2 0 0 0 1 0 0 0 0 0 0 1 1 1 1 1 0 0 1 1 0 0 1 1 0
1 1 1 1 1 2 1 0 0 1 1 2 0 0 0 0 2 0 1 2 1 1 1 1 1 1 0 2 2 1 0 1 1 0 0 0 0 1 0 1 0 1 2 0 1 1 2 0 0 2 2 0 0 0 1 0 0 0 0 0 0 1 1 1 1 1 0 0 1 1 0 0 2 0 0
1 1 1 1 1 3 1 0 0 1 1 3 0 0 1 0 1 0 1 1 1 1 1 1 1 1 0 2 2 1 0 1 1 1 0 0 0 1 0 1 0 1 2 0 1 1 2 0 0 2 2 0 0 0 1 0 0 0 0 0 0 1 1 1 1 1 0 0 1 1 0 0 3 1 0
0 0 0 0 1 2 0 1 0 1 1 1 1 1 1 2 1 1 0 1 0 1 0 0 0 0 0 1 1 0 1 0 0 0 1 0 1 0 0 0 0 1 0 0 0 1 2 0 1 0 0 1 2 1 0 0 1 1 1 0 1 1 0 0 1 0 1 1 0 0 1 1 1 0 1
0 0 1 0 1 3 1 1 1 1 1 3 1 1 1 2 2 1 0 2 0 1 0 1 1 1 0 0 2 1 1 1 1 0 2 1 3 0 0 0 0 1 0 0 0 1 2 0 1 0 0 1 2 1 1 0 1 1 0 0 2 1 0 0 2 0 1 1 0 0 1 1 1 1 1
0 0 1 0 1 4 0 1 1 1 1 2 2 1 0 3 3 1 0 3 0 1 0 1 1 1 1 0 2 0 1 1 1 0 2 1 4 0 1 0 1 1 1 1 1 1 2 1 2 3 1 1 3 1 1 0 1 2 1 1 3 1 0 0 1 0 2 2 0 0 1 2 3 2 1
0 0 1 0 1 3 1 1 1 1 0 2 1 1 1 3 0 0 0 0 0 1 0 1 1 1 1 1 2 1 1 1 1 1 3 0 3 0 1 0 1 0 0 0 0 0 3 1 1 0 0 0 3 0 0 0 1 1 1 1 0 1 0 0 0 0 1 0 0 0 0 1 2 1 0
0 0 1 0 1 1 0 1 1 1 0 0 1 1 0 2 3 0 0 3 0 1 0 0 0 1 1 0 1 0 1 0 0 0 2 0 1 0 1 0 1 0 2 0 0 0 1 1 1 1 2 1 1 1 0 0 0 1 1 1 3 1 0 0 1 0 0 1 0 0 1 1 1 1 1
1 1 1 1 1 3 1 0 0 1 1 3 1 1 1 2 1 0 1 1 0 1 0 0 0 1 1 1 2 1 1 0 0 0 2 0 2 0 1 0 1 1 0 0 1 0 3 1 1 4 0 0 1 1 0 1 0 1 1 1 0 1 1 1 1 0 0 1 1 1 1 1 2 0 1
1 1 1 1 1 1 0 1 1 1 1 1 1 1 1 0 1 0 1 1 0 1 0 0 0 1 0 0 0 0 1 0 0 1 0 1 0 0 0 0 0 1 2 0 1 0 0 0 1 1 2 1 0 1 0 1 0 1 1 1 1 1 1 1 2 0 0 1 1 1 1 1 1 1 1
1 1 1 1 1 2 0 1 1 1 1 1 1 1 0 1 1 1 1 1 0 1 0 0 0 1 0 0 1 1 1 0 0 0 0 0 2 0 1 0 1 1 0 0 1 1 1 0 1 2 0 1 1 1 0 1 0 1 1 1 1 1 1 1 0 0 0 1 1 1 1 1 1 1 1
0 0 1 0 1 1 0 1 1 1 1 1 1 1 1 0 0 0 0 0 0 1 0 0 0 1 1 0 0 0 1 0 0 1 0 1 0 0 0 0 0 1 0 0 0 0 0 1 1 0 0 0 1 1 0 0 0 1 1 1 0 1 0 0 0 0 0 1 0 0 1 1 1 1 1
0 0 1 0 1 2 0 1 1 1 1 2 1 1 1 1 1 1 0 1 0 1 0 1 1 1 0 0 1 0 1 1 1 1 1 1 2 1 0 0 0 1 0 0 1 1 1 0 1 2 0 1 2 1 1 0 1 0 1 1 1 1 0 0 2 0 1 1 0 0 1 1 1 1 1
1 1 1 1 1 1 0 1 1 1 1 0 1 1 0 0 2 1 1 2 0 1 0 0 0 1 0 0 0 0 1 0 0 0 0 1 1 0 0 0 0 1 1 0 1 1 0 0 1 1 1 1 0 1 1 1 0 1 1 1 2 1 1 1 1 0 0 1 1 1 1 1 1 1 1
1 1 1 1 1 1 0 1 1 1 0 1 1 1 1 1 1 1 1 1 0 1 0 0 0 1 0 0 1 0 1 0 0 0 1 1 0 0 0 0 0 0 0 0 1 1 1 0 1 2 0 0 1 1 1 1 0 1 1 1 0 1 1 1 2 0 0 1 1 1 1 1 1 1 1
0 0 1 0 1 2 0 1 1 1 1 1 1 1 0 1 3 1 0 3 0 1 0 1 1 1 0 0 1 0 1 1 1 0 2 0 1 0 0 0 0 1 2 0 0 1 1 0 1 0 2 0 1 1 0 0 1 1 1 1 2 1 0 0 0 0 1 1 0 0 1 1 1 1 1
0 0 1 0 1 6 0 1 1 1 1 5 2 1 1 5 5 2 0 5 0 1 0 1 1 1 0 0 4 0 2 1 1 1 4 2 5 0 0 0 0 1 4 0 1 2 5 0 2 3 3 1 4 2 2 0 1 2 1 1 5 1 0 0 1 0 2 1 0 0 0 2 5 1 0
0 0 1 1 0 0 0 1 1 0 1 0 1 1 1 0 1 0 1 0 0 0 0 1 1 1 0 0 0 0 1 1 1 1 0 0 0 0 1 0 1 1 0 0 0 0 0 0 1 0 0 0 1 1 0 0 1 0 1 1 3 0 0 0 0 0 1 1 0 0 1 1 1 1 1
0 0 0 0 1 1 0 1 1 0 1 1 1 1 1 1 1 0 0 1 1 1 0 1 1 1 2 0 1 0 1 1 1 0 0 0 1 0 1 0 1 1 0 0 1 0 1 0 0 2 0 1 1 1 0 0 1 1 0 0 1 1 0 0 0 0 1 1 0 0 1 1 1 1 1
0 0 1 0 1 2 0 1 1 1 1 1 1 1 0 1 0 1 0 0 0 1 0 1 1 1 0 0 1 0 1 1 1 0 1 1 1 0 0 0 0 1 0 0 0 1 1 0 1 0 0 0 2 1 1 0 1 1 0 0 0 1 0 0 0 0 1 1 0 0 1 1 1 1 1
0 0 1 0 1 2 0 1 1 1 1 2 1 1 1 1 2 0 0 2 0 1 0 1 1 1 1 0 1 0 1 1 1 1 1 0 2 0 1 0 1 1 1 0 0 0 1 1 1 0 1 1 2 1 0 0 1 0 1 1 2 1 0 0 0 0 1 1 0 0 1 1 1 1 1
0 0 1 0 1 2 0 1 1 1 1 2 1 1 1 1 3 0 0 3 0 1 0 1 1 1 1 0 1 0 1 1 1 1 1 0 2 0 1 0 1 1 1 0 0 0 1 1 1 1 1 1 2 1 0 0 1 0 1 1 3 1 0 0 1 0 1 1 0 0 1 1 1 1 1
0 0 1 0 1 2 0 1 1 1 1 1 1 1 0 1 1 0 0 1 0 1 0 1 1 1 1 0 1 0 1 1 1 0 1 0 2 0 1 0 1 1 0 0 0 0 1 1 1 0 0 1 2 1 0 0 1 1 1 1 1 1 0 0 2 0 1 1 0 0 1 1 1 1 1
1 1 1 1 1 1 0 1 1 1 1 0 1 1 0 1 0 1 1 0 0 1 0 0 0 1 0 0 1 0 1 0 0 0 1 1 1 0 0 0 0 1 0 0 1 1 1 0 1 2 0 0 1 0 1 1 0 1 1 1 0 1 1 1 1 0 0 0 1 1 0 1 1 1 0
0 0 1 0 1 2 0 1 1 1 1 2 1 1 1 1 1 1 0 1 0 1 0 1 1 1 0 0 1 0 1 1 1 1 1 1 2 0 0 0 0 1 0 0 0 1 1 0 1 0 0 1 2 1 1 0 1 0 1 1 1 1 0 0 0 0 1 1 0 0 1 1 1 1 1
1 1 1 1 1 1 0 1 1 1 1 0 1 1 0 0 1 0 1 1 0 1 0 0 0 1 1 0 0 0 1 0 0 0 0 0 1 0 1 0 1 1 0 0 1 0 0 1 1 1 0 1 0 1 0 1 0 1 0 0 1 1 1 1 0 0 0 1 1 1 1 1 1 1 1
0 0 1 0 1 1 0 1 1 1 1 0 1 1 0 0 1 0 0 1 0 1 0 1 1 1 1 0 0 0 1 1 1 0 0 0 1 0 0 0 0 1 0 0 0 0 0 1 1 0 0 1 1 1 0 0 1 1 1 1 1 1 0 0 0 0 1 1 0 0 1 1 1 1 1
0 0 1 0 1 2 0 1 1 1 1 2 1 1 1 1 0 1 0 0 0 1 0 1 1 1 0 0 1 0 1 1 1 1 1 0 2 0 1 0 1 1 0 0 0 1 1 0 1 1 0 1 2 1 0 0 1 1 1 1 0 1 0 0 1 0 1 1 0 0 1 1 1 1 1
0 0 1 0 1 3 0 1 1 1 1 3 1 1 1 2 1 1 0 1 0 1 0 1 1 1 0 0 2 0 1 1 1 1 1 1 3 0 0 0 0 1 0 0 0 1 2 0 1 0 0 1 2 1 1 0 1 0 1 1 1 1 0 0 3 0 1 1 0 0 1 1 1 1 1
0 0 1 0 1 2 0 1 1 1 1 1 1 1 0 1 2 0 0 2 0 1 0 1 1 1 0 0 1 0 1 1 1 0 1 0 1 0 1 0 1 1 1 0 0 0 1 0 1 1 1 0 1 1 0 0 1 1 1 1 1 1 0 0 1 0 1 1 0 0 1 1 1 1 1
0 0 1 0 1 2 0 1 1 1 1 2 1 1 1 1 2 0 0 2 0 1 0 1 1 1 1 0 1 0 1 1 1 1 1 0 1 0 1 0 1 1 1 0 0 0 1 1 1 0 1 0 1 1 0 0 1 0 1 1 1 1 0 0 1 0 1 1 0 0 1 1 1 1 1
0 0 2 0 1 1 0 1 1 1 1 1 1 1 1 0 0 1 0 0 0 1 0 1 1 1 0 0 0 0 1 1 1 1 0 1 0 1 0 0 0 1 0 0 1 1 0 0 1 1 0 0 0 0 1 0 1 0 1 1 0 1 0 0 0 0 1 0 0 0 0 1 1 1 0
0 0 1 0 1 3 0 1 1 1 1 3 1 1 1 2 0 1 0 0 0 1 0 1 1 1 0 0 2 0 1 1 1 1 2 1 2 0 0 0 0 1 0 0 0 1 2 0 1 1 0 1 2 1 0 0 1 0 1 1 0 1 0 0 1 0 1 1 0 0 0 1 1 1 0
0 0 1 0 1 5 0 1 1 1 1 5 1 1 1 4 2 1 0 2 0 1 0 1 1 1 0 0 4 0 1 1 1 1 3 0 5 0 0 0 0 1 0 0 0 1 4 0 1 2 0 1 4 1 0 0 1 0 1 1 2 1 0 0 1 0 1 1 0 0 1 1 1 1 1
0 0 1 0 1 2 0 1 1 1 1 2 1 1 1 1 1 0 0 1 0 1 0 1 1 1 1 0 1 0 1 1 1 1 1 0 1 0 1 0 1 1 0 0 0 0 1 1 1 0 0 0 2 1 0 0 1 1 1 1 0 1 0 0 0 0 1 1 0 0 1 1 1 1 1
1 1 1 1 1 8 0 1 1 1 1 7 2 1 1 6 5 2 1 5 0 1 0 0 0 1 1 0 6 1 3 0 0 1 6 1 7 0 2 0 2 1 2 0 9 2 6 1 3 28 2 3 7 3 1 1 0 2 1 1 5 1 1 1 2 0 1 2 1 1 1 3 11 2 1
0 0 1 0 1 3 0 1 1 1 1 1 1 1 0 1 2 2 0 2 0 1 0 1 1 1 0 0 1 0 2 1 1 0 2 2 3 0 0 0 0 1 1 0 2 2 2 0 2 4 0 2 2 2 2 0 1 2 1 1 2 1 0 0 2 0 1 1 0 0 1 2 3 1 1
0 0 1 1 1 4 1 2 1 1 1 4 2 1 2 3 5 2 1 5 0 1 0 2 1 1 0 0 2 1 2 1 2 1 3 2 5 0 0 0 0 1 2 0 1 2 1 0 2 2 2 1 4 2 2 0 2 0 1 1 6 1 0 0 0 0 2 2 0 0 0 2 5 3 0
0 0 1 0 1 3 0 1 1 1 1 1 1 1 0 2 3 2 0 3 0 1 0 1 1 1 0 0 1 0 2 1 1 0 1 1 3 1 1 0 1 1 3 0 3 2 2 0 2 5 2 1 3 2 0 0 1 2 1 1 3 1 0 0 2 0 1 1 0 0 1 2 3 1 1
0 0 1 0 1 3 2 1 1 1 1 1 1 1 0 1 1 0 0 1 0 1 0 1 1 1 1 1 0 2 1 1 1 0 1 0 3 0 1 0 1 1 0 0 0 0 1 1 1 0 0 1 3 1 0 0 1 1 1 1 1 1 0 0 1 0 1 1 0 0 1 1 2 1 1
0 0 1 0 1 2 0 1 1 1 1 1 1 1 0 1 3 0 0 3 0 1 0 1 1 1 0 0 1 0 1 1 1 0 1 0 2 0 1 0 1 1 1 0 0 0 1 0 1 0 1 1 2 1 0 0 1 1 1 1 3 1 0 0 3 0 1 1 0 0 1 1 1 1 1
0 0 1 0 1 1 0 1 1 1 0 1 1 1 1 1 3 1 0 3 0 1 0 1 1 1 0 0 1 0 1 1 1 1 1 0 1 0 1 0 1 0 2 0 0 1 1 0 1 0 2 1 1 1 0 0 1 0 1 1 3 1 0 0 1 0 1 1 0 0 1 1 1 1 1
0 0 1 0 1 1 0 1 1 1 1 1 1 1 0 1 2 1 0 2 0 1 0 1 1 1 0 0 1 0 1 1 1 0 1 0 0 0 1 0 1 1 1 0 0 1 1 0 1 0 1 0 1 1 0 0 1 0 1 1 1 1 0 0 1 0 1 1 0 0 0 1 1 0 0
0 0 1 0 1 2 0 1 1 1 0 1 1 1 0 2 3 1 0 3 0 1 0 1 1 1 0 0 2 0 1 1 1 0 2 1 1 1 0 0 0 0 3 0 1 1 2 0 1 3 2 1 2 1 1 0 1 1 1 1 3 1 0 0 1 0 1 0 0 0 0 1 1 1 0
0 0 1 0 1 1 0 1 1 1 1 1 1 1 0 1 0 1 0 0 0 1 0 1 1 1 0 0 1 0 1 1 1 0 0 0 1 0 1 0 1 1 0 0 0 1 1 0 1 0 0 0 1 0 0 0 1 0 1 1 0 1 0 0 0 0 1 0 0 0 1 1 1 0 1
0 0 1 0 1 1 0 1 1 1 0 1 1 1 1 1 1 1 0 1 0 1 0 1 1 1 0 0 1 0 1 1 1 1 1 1 1 1 0 0 0 0 1 0 1 1 1 0 1 3 1 1 0 1 1 0 1 0 1 1 1 1 0 0 1 0 1 1 0 0 0 1 1 1 0
0 0 0 0 1 1 0 1 1 1 1 0 1 1 0 1 1 1 0 1 0 1 0 1 1 0 0 0 0 0 0 1 1 0 0 1 1 1 0 0 0 2 3 0 1 1 1 0 1 1 2 0 0 0 1 0 1 1 1 1 1 1 0 0 0 0 1 0 0 0 0 1 1 0 0
0 0 1 0 1 2 0 1 1 1 0 1 1 1 0 2 1 0 0 1 0 1 0 1 1 1 1 0 2 0 1 1 1 0 2 0 2 0 1 0 1 0 1 0 0 0 2 1 1 0 0 0 2 1 0 0 1 1 1 1 1 1 0 0 0 0 1 0 0 0 1 1 1 1 1
0 0 1 0 1 1 0 1 1 1 0 1 1 1 0 2 1 1 0 1 0 1 0 1 1 1 0 0 2 0 1 1 1 0 2 1 1 0 0 0 0 0 1 0 0 1 2 0 1 0 1 1 0 1 1 0 1 0 1 1 1 1 0 0 1 0 1 1 0 0 0 1 1 0 0
0 0 1 0 1 6 0 1 1 1 1 6 1 1 0 6 1 1 0 1 0 1 0 1 1 1 0 1 6 2 1 1 1 0 6 1 6 1 0 0 0 1 1 0 1 1 6 0 1 6 1 0 6 1 1 0 1 0 1 1 1 1 0 0 1 0 1 0 0 0 1 1 2 0 1
0 0 1 0 1 2 0 1 1 1 1 1 1 1 0 1 1 1 0 1 0 1 0 1 1 1 0 0 1 0 1 1 1 0 1 0 2 0 0 0 0 1 1 0 0 1 1 0 1 0 1 1 2 1 0 0 1 1 1 1 1 1 0 0 1 0 1 1 0 0 0 1 1 1 0
0 0 1 0 1 0 0 1 1 1 0 0 1 1 1 0 3 1 0 3 0 1 0 1 1 1 0 0 0 0 1 1 1 1 0 1 0 0 0 0 0 0 3 0 0 1 0 0 1 0 3 0 0 1 1 0 1 0 1 1 3 1 0 0 1 0 1 0 0 0 1 1 1 1 1
0 0 1 0 1 3 0 1 1 1 1 2 1 1 0 3 0 1 0 0 0 1 0 1 1 1 0 0 2 0 1 1 1 0 2 1 2 1 0 0 0 1 0 0 1 1 3 0 1 3 0 1 3 1 0 0 1 1 1 1 0 1 0 0 2 0 1 1 0 0 0 1 1 0 0
0 0 1 0 1 5 0 1 1 1 1 4 1 1 0 3 2 2 0 2 0 1 0 1 1 1 0 0 4 0 2 1 1 0 3 2 3 0 0 0 0 1 1 0 1 2 4 0 2 2 1 1 4 1 2 0 1 1 1 1 1 1 0 0 2 0 1 1 0 0 1 2 5 1 1
0 0 1 0 1 2 0 1 1 1 0 1 1 1 0 2 1 1 0 1 0 1 0 1 1 1 0 0 2 0 1 1 1 0 2 0 2 0 0 0 0 0 2 0 0 1 2 0 1 0 2 1 2 1 0 0 1 1 1 1 1 1 0 0 0 0 1 1 0 0 0 1 1 1 0
0 0 0 0 0 0 0 0 0 0 0 0 1 1 0 1 0 1 0 0 0 0 0 0 0 0 0 1 0 0 1 0 0 0 1 0 1 0 1 0 1 0 0 0 1 0 0 0 1 2 0 0 1 1 0 0 1 0 0 0 1 0 0 0 0 0 1 0 0 0 0 1 1 0 0
0 0 0 0 0 0 1 0 0 0 0 0 1 1 0 1 0 1 0 0 0 0 0 0 0 0 0 0 0 1 1 0 0 0 1 1 2 1 0 0 0 0 0 0 1 1 0 0 1 3 0 1 1 1 1 0 1 0 0 0 2 0 0 0 0 0 1 0 0 0 0 1 1 0 0
0 0 0 0 0 0 1 0 0 0 0 0 1 1 0 2 0 1 0 0 0 0 0 0 0 0 0 0 0 1 1 0 0 0 2 1 2 1 0 0 0 0 0 0 1 1 0 0 1 3 0 1 2 1 1 0 1 0 0 0 1 0 0 0 0 0 1 0 0 0 0 1 1 0 0
0 0 0 0 0 0 0 0 0 0 0 0 1 1 0 2 0 1 0 0 0 0 0 0 0 0 0 0 0 0 1 0 0 0 1 1 2 1 0 0 0 0 0 0 1 1 0 0 1 3 0 1 2 1 1 0 1 0 0 0 2 0 0 0 0 0 1 0 0 0 0 1 1 0 0
0 0 0 0 0 0 0 0 0 0 0 0 0 0 0 1 0 0 0 0 1 0 0 0 0 0 0 0 0 0 0 0 0 0 1 0 1 0 1 1 0 0 0 0 1 0 0 0 0 2 0 1 1 1 0 0 1 0 0 0 1 0 1 1 0 1 1 0 1 1 0 0 1 0 0
0 0 0 0 0 0 0 0 0 0 0 0 2 1 0 5 0 2 0 0 1 0 0 0 0 0 0 1 0 1 3 0 0 0 4 3 4 3 0 0 0 0 0 0 10 3 0 0 2 17 0 1 3 3 3 1 0 0 0 0 5 0 1 1 0 0 1 0 1 1 0 3 11 0 0
0 0 0 0 0 0 0 0 0 0 0 0 1 1 0 3 0 0 0 0 0 0 0 0 0 0 0 0 0 0 1 0 0 0 3 1 2 1 0 0 0 0 0 0 1 1 0 0 1 3 0 1 2 1 1 0 1 0 0 0 2 0 0 0 0 0 1 0 0 0 0 1 1 0 0
0 0 0 0 0 0 0 0 0 0 0 0 1 1 0 1 0 0 0 0 1 0 0 0 0 0 0 0 0 0 1 0 0 0 1 1 1 1 0 0 0 0 0 0 1 1 0 0 0 2 0 1 1 1 1 1 0 0 0 0 1 0 1 1 0 0 0 0 1 1 0 1 1 0 0
0 0 0 0 0 0 0 0 0 0 0 0 1 1 0 4 0 2 0 0 0 0 0 0 0 0 0 0 0 0 2 0 0 0 3 1 4 1 1 0 1 0 0 0 4 1 0 0 2 8 0 0 3 2 1 0 1 0 0 0 3 0 0 0 0 0 1 0 0 0 0 2 4 0 0
0 0 0 0 0 0 0 0 0 0 0 0 1 1 0 0 0 0 0 0 1 0 0 0 0 0 0 0 0 0 1 0 0 0 0 1 1 1 0 0 0 0 0 0 1 1 0 0 0 1 0 1 1 1 1 1 0 0 0 0 0 0 1 1 0 0 0 0 1 1 0 1 1 0 0
0 0 0 0 0 0 0 0 0 0 0 0 1 1 0 1 0 1 0 0 0 0 0 0 0 0 0 0 0 0 1 0 0 0 1 1 1 1 0 0 0 0 0 0 1 1 0 0 1 3 0 1 1 1 1 0 1 0 0 0 5 0 0 0 0 0 1 0 0 0 0 1 1 0 0
0 0 0 0 0 0 0 0 0 0 0 0 1 1 0 2 0 1 0 0 0 0 0 0 0 0 0 0 0 0 1 0 0 0 2 0 0 1 0 0 0 0 0 0 1 1 0 0 1 2 0 1 1 1 0 0 1 0 0 0 1 0 0 0 0 0 1 0 0 0 0 1 1 0 0
0 0 0 0 0 0 0 0 0 0 0 0 1 1 0 2 0 1 0 0 0 0 0 0 0 0 0 0 0 0 1 0 0 0 1 0 0 0 0 0 0 0 0 0 1 0 0 0 1 3 0 1 0 1 0 0 1 0 0 0 2 0 0 0 0 0 1 0 0 0 0 1 1 0 0
1 1 1 1 1 1 0 1 1 1 1 1 1 1 0 1 2 0 1 2 1 1 0 0 0 1 0 0 1 0 1 0 0 0 0 1 1 1 0 0 0 1 1 0 1 1 1 0 0 1 1 1 1 1 1 0 0 1 1 1 2 1 1 1 1 0 0 1 1 1 1 1 1 0 1
1 1 1 1 1 2 0 1 1 1 1 2 1 1 1 2 2 0 1 2 1 1 0 0 0 1 0 0 2 0 1 0 0 1 2 1 2 1 0 0 0 1 1 0 1 1 2 0 0 3 1 1 2 1 1 0 0 1 1 1 2 1 1 1 1 0 0 1 1 1 0 1 1 1 0
1 1 1 1 1 2 0 1 1 1 1 2 1 1 1 1 2 0 1 2 1 1 0 0 0 1 0 0 1 0 1 0 0 1 1 1 1 1 0 0 0 1 2 0 1 1 1 0 0 2 2 0 2 1 1 1 0 1 1 1 1 1 1 1 1 0 0 0 1 1 1 1 1 1 1
1 1 1 1 1 4 0 1 1 1 1 4 1 1 1 3 3 0 1 3 1 1 0 0 0 1 0 0 3 0 0 0 0 1 3 1 4 1 0 0 0 1 1 0 1 1 3 0 0 4 1 1 4 0 1 1 0 1 1 1 3 1 1 1 1 0 0 1 1 1 1 1 1 1 1
1 1 1 1 1 11 0 1 1 1 1 7 2 1 0 9 7 0 1 7 4 1 0 1 1 1 1 0 7 0 4 0 0 0 9 4 8 5 0 0 0 1 7 0 17 3 10 0 0 45 4 2 10 4 3 0 0 3 1 1 6 1 1 1 4 0 1 1 1 1 1 4 22 1 1
1 1 1 1 1 4 0 0 0 1 1 3 1 0 0 3 5 0 1 5 2 1 0 1 1 1 1 0 3 0 1 1 1 0 3 0 4 1 0 0 0 1 3 0 3 1 3 0 0 6 3 1 3 2 1 1 1 1 0 0 5 1 0 0 2 1 2 1 1 1 1 1 4 1 1
1 1 1 1 1 2 0 1 1 1 1 2 1 1 1 1 2 0 1 2 1 1 0 0 0 1 0 0 1 0 1 0 0 1 1 1 2 1 0 0 0 1 1 0 1 1 1 0 0 2 1 1 2 1 1 0 0 1 1 1 2 1 1 1 1 0 0 1 1 1 1 1 1 1 1
1 0 1 1 1 1 1 1 1 1 1 0 1 1 1 1 2 0 2 2 1 0 0 0 0 1 0 0 0 1 1 0 0 1 1 1 2 1 0 0 0 1 1 0 1 1 1 0 0 2 1 1 2 1 1 1 0 0 0 0 2 0 1 1 0 0 0 1 1 1 1 1 1 1 1
1 1 1 2 0 2 0 2 1 0 1 2 2 1 1 2 4 0 2 3 2 1 0 1 0 1 0 0 2 0 2 0 0 1 1 1 1 2 0 0 0 1 2 0 4 1 1 0 0 5 3 2 1 2 1 1 0 1 1 1 4 1 1 1 1 0 1 3 1 1 1 2 4 2 1
1 1 1 2 0 2 0 1 1 0 1 2 1 1 0 2 2 0 2 2 1 0 0 0 0 1 0 0 2 0 1 0 0 0 2 1 3 1 0 0 0 1 1 0 1 1 2 0 0 3 1 1 3 1 1 1 0 0 1 1 2 0 0 0 0 0 0 0 1 1 0 1 1 1 0
1 0 0 0 0 1 0 1 1 0 0 1 1 1 1 0 2 0 1 2 1 1 0 0 0 1 0 0 0 0 1 0 0 1 0 0 0 1 1 0 1 1 1 0 1 1 0 0 0 1 2 0 0 1 0 0 0 1 1 1 1 1 0 0 0 0 0 1 1 1 1 1 1 1 0
1 0 1 0 1 2 0 0 0 1 1 1 0 0 1 1 3 0 1 3 1 1 0 1 1 1 0 0 1 0 0 0 0 1 1 0 2 0 0 1 0 1 2 0 1 0 1 0 0 2 2 1 2 1 1 1 1 1 0 0 3 1 1 1 0 1 1 1 1 1 1 0 1 1 1
0 0 0 0 0 0 0 0 0 0 0 0 1 1 0 1 0 0 0 0 1 0 0 0 0 0 0 0 0 0 1 0 0 0 1 1 1 1 0 0 0 0 0 0 1 1 0 0 0 2 0 1 1 1 1 1 0 0 0 0 2 0 1 1 0 0 0 0 0 1 0 1 1 0 0
0 0 0 0 0 0 0 0 0 0 0 0 1 1 0 1 0 0 0 0 1 0 0 0 0 0 0 0 0 0 1 0 0 0 1 1 0 1 0 0 0 0 0 0 1 1 0 0 0 1 0 0 0 1 1 1 0 0 0 0 1 0 1 1 0 0 0 0 1 1 0 1 1 0 0
0 0 0 0 0 0 0 0 0 0 0 0 1 1 0 0 0 0 0 0 1 0 0 0 0 0 0 0 0 0 1 0 0 0 0 1 1 0 0 0 0 0 0 0 1 0 0 0 0 1 0 1 1 1 1 1 0 0 0 0 2 0 1 1 0 0 0 0 1 1 0 1 1 0 0
0 0 0 0 0 0 0 0 0 0 0 0 1 1 0 1 0 0 0 0 1 0 0 0 0 0 0 0 0 0 1 0 0 0 1 1 2 0 0 0 0 0 0 0 1 0 0 0 0 2 0 1 2 1 1 0 0 0 0 0 2 0 1 1 0 0 0 0 1 1 0 1 1 0 0
0 0 0 0 0 0 1 0 0 0 0 0 1 1 0 2 0 0 0 0 1 0 0 0 0 0 1 0 0 1 1 0 0 0 2 1 2 0 0 0 0 0 0 0 1 0 0 0 0 3 0 1 2 1 1 1 0 0 0 0 2 0 1 1 0 0 0 0 1 1 0 1 1 0 0
0 0 0 0 0 0 0 0 0 0 0 0 1 1 0 2 0 0 0 0 1 0 0 0 0 0 0 0 0 0 1 0 0 0 1 1 0 1 0 0 0 0 0 0 1 1 0 0 0 3 0 1 0 1 1 0 0 0 0 0 2 0 1 1 0 0 0 0 1 1 0 1 1 0 0
0 0 0 0 0 0 0 0 0 0 0 0 1 1 0 1 0 0 0 0 1 0 0 0 0 0 0 0 0 0 1 0 0 0 1 1 2 1 0 0 0 0 0 0 1 1 0 0 0 2 0 1 2 1 1 1 0 0 0 0 2 0 1 1 0 0 0 0 1 1 0 1 1 0 0
0 0 0 0 0 0 0 0 0 0 0 0 1 1 0 2 0 0 0 0 1 0 0 0 0 0 0 0 0 0 1 0 0 0 2 1 3 1 0 0 0 0 0 0 1 1 0 0 0 3 0 1 2 1 1 1 0 0 0 0 1 0 1 1 0 0 0 0 1 1 0 1 1 0 0
0 0 0 0 0 0 0 0 0 0 0 0 1 1 0 1 0 0 0 0 1 0 0 0 0 0 0 0 0 0 1 0 0 0 1 1 1 1 0 0 0 0 0 0 1 1 0 0 0 2 0 1 1 1 1 0 0 0 0 0 3 0 1 1 0 0 0 0 1 1 0 1 1 0 0
0 0 0 0 0 0 0 0 0 0 0 0 1 1 0 1 0 0 0 0 1 0 0 0 0 0 0 0 0 0 1 0 0 0 1 0 2 0 0 0 0 0 0 0 1 0 0 0 0 2 0 1 2 1 0 1 0 0 0 0 2 0 1 1 0 0 0 0 1 1 0 1 1 0 0
0 0 0 0 0 0 0 0 0 0 0 0 1 1 0 2 0 0 0 0 2 0 0 0 0 0 0 0 0 0 2 0 0 0 1 2 1 3 0 0 0 0 0 0 4 2 0 0 0 8 0 1 2 2 2 1 0 0 0 0 2 0 1 1 0 0 0 0 1 1 0 2 3 0 0
0 0 0 0 0 0 0 0 0 0 0 0 1 1 0 1 0 0 0 0 1 0 0 0 0 0 1 0 0 0 1 0 0 0 2 1 1 0 0 0 0 0 0 0 1 0 0 0 0 2 0 1 1 1 1 1 0 0 0 0 3 0 0 1 0 0 0 0 1 1 0 1 1 0 0
0 0 0 0 0 0 0 0 0 0 0 0 1 1 0 4 0 0 0 0 2 0 0 0 0 0 0 0 0 0 2 0 0 0 4 2 3 2 0 0 0 0 0 0 5 1 0 0 0 14 0 2 4 2 2 1 0 0 0 0 6 0 0 1 0 0 0 0 1 1 0 2 4 0 0
0 0 0 0 0 0 0 0 0 0 0 0 1 1 0 1 0 0 0 0 1 0 0 0 0 0 0 0 0 0 1 0 0 0 1 1 0 1 0 0 0 0 0 0 1 1 0 0 0 2 0 1 0 1 1 0 0 0 0 0 1 0 0 0 0 0 0 0 1 1 0 1 1 0 0
0 0 0 0 0 0 0 0 0 0 0 0 1 1 0 2 0 0 0 0 1 0 0 0 0 0 0 0 0 0 1 0 0 0 2 1 2 1 0 0 0 0 0 0 1 1 0 0 0 3 0 1 2 1 1 1 0 0 0 0 3 0 1 1 0 0 0 0 1 2 0 1 1 0 0
0 0 0 0 0 0 0 0 0 0 0 0 1 1 0 1 0 0 0 0 1 0 0 0 0 0 0 0 0 0 1 0 0 0 1 1 2 0 0 0 0 0 0 0 1 0 0 0 0 2 0 1 2 1 1 0 0 0 0 0 1 0 1 1 0 0 0 0 1 1 0 1 1 0 0
0 0 0 0 0 0 0 0 0 0 0 0 1 1 0 1 0 0 0 0 1 0 0 0 0 0 0 0 0 0 1 0 0 0 1 1 1 1 0 0 0 0 0 0 1 1 0 0 0 4 0 1 1 1 1 1 0 0 0 0 2 0 1 1 0 0 0 0 1 1 0 1 1 0 0
1 1 1 1 1 2 2 1 1 0 1 2 1 1 1 3 0 0 1 0 0 1 0 0 0 1 1 1 2 2 1 0 0 1 2 0 3 0 1 0 1 1 0 0 1 0 1 0 0 4 0 1 2 1 0 1 0 1 1 1 0 0 1 1 1 0 0 1 1 1 1 1 2 2 1
1 1 1 1 1 3 2 1 1 1 1 2 1 1 1 1 1 0 1 1 0 1 0 0 0 1 1 0 1 2 1 0 0 1 0 0 3 0 1 0 1 1 0 0 1 0 1 1 1 3 0 1 2 1 0 1 0 1 1 1 1 1 1 1 2 0 0 1 1 1 1 1 1 1 1
1 1 1 1 1 3 2 1 1 0 1 3 1 1 1 3 3 0 1 2 0 1 0 0 0 1 1 1 3 2 0 0 0 1 1 0 4 0 1 0 1 1 1 0 1 0 2 1 1 4 2 1 3 0 0 1 0 1 1 1 3 1 1 1 0 0 0 2 0 0 1 1 2 2 1
1 1 1 1 1 1 2 1 1 0 1 2 1 1 1 1 2 0 1 1 0 1 0 0 0 1 1 0 1 2 1 0 0 1 1 0 3 0 1 0 1 1 0 0 1 0 0 1 1 3 1 1 2 1 0 1 0 1 1 1 2 0 1 1 0 0 0 1 1 1 1 1 1 1 1
1 1 1 1 0 1 1 1 1 0 1 1 1 1 1 0 2 0 1 1 0 1 0 0 0 1 1 0 0 1 1 0 0 1 0 0 2 0 1 0 1 1 0 0 1 0 0 0 0 2 1 1 1 1 0 1 0 1 1 1 2 1 1 1 0 0 0 1 1 1 1 1 1 1 1
1 1 1 1 1 4 2 1 1 1 1 3 1 1 1 3 1 0 1 1 0 1 0 0 0 1 1 1 2 2 1 0 0 0 2 0 4 0 1 0 1 1 1 0 1 0 3 1 1 4 1 1 2 1 0 1 0 1 1 1 1 1 1 1 1 0 0 1 1 1 1 1 2 1 1
1 1 1 1 1 3 2 1 1 1 1 4 1 1 1 2 5 0 1 5 0 1 0 0 0 1 1 1 3 2 0 0 0 1 2 0 3 0 1 0 1 1 2 1 1 0 2 1 1 4 2 1 3 0 0 1 0 1 1 1 3 1 1 1 0 0 0 1 1 1 1 1 2 2 1
1 1 1 1 1 6 3 0 0 0 1 7 1 1 2 5 4 0 1 3 0 1 1 0 0 1 2 0 4 2 1 0 0 0 4 0 7 0 2 0 2 1 1 1 3 0 3 2 2 10 2 1 7 1 0 1 0 2 1 1 4 1 1 1 1 0 0 2 1 1 1 2 5 3 1
1 1 1 1 1 5 2 1 1 1 1 5 1 1 1 2 5 0 1 5 0 1 0 0 0 1 1 0 3 1 1 0 0 1 3 0 4 0 0 0 0 1 2 0 1 0 3 0 0 5 2 0 5 1 0 1 0 1 1 1 4 1 1 1 1 0 0 1 1 1 1 1 1 1 1
1 1 1 1 1 2 1 1 1 0 1 3 1 1 1 2 2 0 1 1 0 1 0 0 0 1 1 0 2 1 1 0 0 0 2 0 3 0 1 0 1 1 1 0 1 0 1 1 1 3 1 1 3 1 0 1 0 1 1 1 2 1 1 1 1 0 0 0 1 1 1 1 1 2 1
1 1 1 1 1 1 1 1 1 0 1 2 1 1 1 1 3 0 1 2 0 1 0 0 0 1 1 0 1 1 1 0 0 1 1 0 2 0 1 0 1 1 1 0 1 0 0 1 1 2 2 1 2 1 0 1 0 1 1 1 3 1 1 1 0 0 0 1 1 1 1 1 1 2 1
1 1 1 1 1 4 2 1 1 1 1 4 1 1 1 2 2 0 1 2 0 1 0 0 0 1 1 0 2 2 1 0 0 0 2 0 4 0 1 0 1 1 1 0 1 0 2 1 1 4 1 1 4 1 0 1 0 1 1 1 2 1 1 1 0 0 0 1 1 1 1 1 1 1 1
1 1 1 1 1 4 2 1 1 1 1 3 1 1 1 3 1 0 1 1 0 1 0 0 0 1 1 1 3 2 1 0 0 1 3 0 4 0 1 0 1 1 0 0 1 0 3 1 1 4 0 1 4 1 0 1 0 1 1 1 1 1 1 1 1 0 0 1 1 1 1 1 2 1 1
1 1 1 1 1 6 3 1 1 1 1 6 1 1 1 4 1 0 1 1 0 1 0 0 0 1 1 1 4 3 1 0 0 1 4 0 6 0 1 0 1 1 0 0 1 0 4 1 1 6 0 1 5 1 0 1 0 1 1 1 1 1 1 1 1 0 0 1 1 1 1 1 2 1 1
1 1 1 1 1 5 2 1 1 1 1 4 1 1 1 4 4 0 1 4 0 1 0 0 0 1 2 0 4 2 2 0 0 1 4 0 5 0 2 0 2 1 2 0 4 0 4 2 2 11 1 1 5 2 0 1 0 2 1 1 4 1 1 1 2 0 0 1 1 1 1 2 4 1 1
1 1 1 1 1 3 3 1 1 0 1 4 1 1 1 3 3 0 1 2 0 1 1 0 0 1 1 1 3 3 0 0 0 1 0 0 5 0 1 0 1 1 2 1 1 0 1 1 1 5 2 1 3 0 0 1 0 1 1 1 3 1 1 1 0 0 0 1 1 1 1 1 2 2 1
1 1 1 1 1 2 1 1 1 0 1 2 1 1 1 2 2 0 1 1 0 1 0 0 0 1 1 0 2 1 1 0 0 1 2 0 3 0 1 0 1 1 1 0 1 0 1 1 1 3 1 1 3 1 0 1 0 1 1 1 2 0 1 1 0 0 0 0 1 1 1 1 1 2 1
1 1 1 1 1 3 2 1 1 1 1 3 1 1 1 2 3 0 1 3 0 1 0 0 0 1 1 1 2 1 1 0 0 1 2 0 3 0 1 0 1 1 2 0 1 0 2 1 1 3 2 1 3 1 0 1 0 1 1 1 3 1 1 1 1 0 0 1 1 1 1 1 2 1 1
1 1 1 1 1 10 4 1 1 1 1 9 1 1 1 9 3 0 1 3 0 1 0 0 0 1 2 2 8 4 2 0 0 1 8 0 9 0 2 0 2 2 2 0 3 0 9 2 2 17 1 1 9 2 0 1 0 2 1 1 3 0 1 1 2 0 0 1 1 1 1 2 9 1 1
1 1 1 1 1 3 1 1 1 1 1 2 1 1 0 3 1 0 1 1 0 1 0 0 0 1 1 1 3 1 1 0 0 0 3 0 3 0 1 0 1 1 0 0 1 0 3 1 1 3 0 1 3 1 0 1 0 1 1 1 1 1 1 1 1 0 0 1 1 1 1 1 1 0 1
1 1 1 1 1 5 3 1 1 1 1 4 1 1 1 4 2 0 1 2 0 1 0 0 0 1 1 2 3 2 1 0 0 1 4 0 5 0 1 0 1 1 2 0 1 0 4 1 1 5 2 1 5 1 0 1 0 1 1 1 2 1 1 1 1 0 0 1 1 1 1 1 3 1 1
1 1 1 1 1 3 1 1 1 1 1 2 1 1 1 3 2 0 1 2 0 1 0 0 0 1 1 1 2 0 1 0 0 1 2 0 3 0 1 0 1 1 1 0 1 0 3 1 1 3 1 1 2 1 0 1 0 1 1 1 2 1 1 1 1 0 0 1 1 1 1 1 2 1 1
1 1 1 1 1 4 1 1 1 1 1 4 1 1 1 3 3 0 1 3 0 1 0 0 0 1 1 0 3 0 0 0 0 1 1 0 4 0 1 0 1 1 2 0 1 0 3 1 1 4 2 1 3 0 0 1 0 1 1 1 3 1 1 1 0 0 0 1 1 1 1 1 1 1 1
1 1 1 1 1 3 2 1 1 1 0 2 1 1 1 3 3 0 1 3 0 1 0 0 0 1 1 1 3 2 1 0 0 1 3 0 3 0 1 0 1 0 2 0 1 0 3 1 1 4 2 1 3 1 0 1 0 1 1 1 3 1 1 1 0 0 0 1 1 1 1 1 2 1 1
1 1 1 1 1 2 0 1 1 1 2 2 1 1 0 3 2 0 1 2 0 1 0 0 0 1 1 1 3 0 1 0 0 0 2 0 3 0 1 0 1 1 1 0 1 0 2 1 1 4 1 1 2 1 0 1 0 1 1 1 2 0 1 1 0 0 0 1 1 1 1 1 1 0 1
1 1 1 1 1 3 2 1 1 1 0 3 1 1 1 3 2 0 1 2 0 1 0 0 0 1 1 1 3 2 1 0 0 1 2 0 1 0 1 0 1 0 1 0 1 0 3 1 1 4 1 1 2 1 0 1 0 1 1 1 2 1 1 1 2 0 0 1 1 1 1 1 2 1 1
1 1 1 1 1 2 1 1 1 1 0 1 1 1 0 3 3 0 1 3 0 1 0 0 0 1 1 1 2 1 1 0 0 0 2 0 2 0 1 0 1 0 1 0 1 0 2 1 1 3 1 1 1 1 0 1 0 1 1 1 3 1 1 1 0 0 0 1 1 1 1 1 1 1 1
1 1 1 1 1 3 2 1 1 1 1 2 1 1 0 2 2 0 1 2 0 1 1 0 0 1 1 1 2 2 0 0 0 0 2 0 3 0 1 0 1 1 1 1 1 0 2 1 1 3 1 1 3 0 0 1 0 1 1 1 2 1 1 1 1 0 0 1 1 1 1 1 1 0 1
1 1 1 1 1 4 2 1 1 1 1 3 1 1 1 3 2 0 1 2 0 1 1 0 0 1 1 1 2 2 0 0 0 0 3 0 4 0 1 0 1 1 1 1 1 0 3 1 1 4 1 1 4 0 0 1 0 1 1 1 2 1 1 1 0 0 0 1 1 1 1 1 2 1 1
1 1 1 1 1 7 3 1 1 1 1 7 1 1 1 5 2 0 1 2 0 1 0 0 0 1 1 1 5 3 1 0 0 1 5 0 7 0 1 0 1 1 2 0 1 0 5 1 1 7 2 1 7 1 0 1 0 1 1 1 2 1 1 1 1 0 0 1 1 1 1 1 2 1 1
1 1 1 1 1 4 1 1 1 1 1 4 1 1 1 2 4 0 1 4 0 1 0 0 0 1 1 0 3 1 0 0 0 1 3 0 3 0 1 0 1 1 2 1 1 0 3 1 1 4 2 1 3 0 0 1 0 1 1 1 3 1 1 1 1 0 0 1 1 1 1 1 1 1 1
1 1 1 1 1 3 2 1 1 1 0 2 1 1 1 3 0 0 1 0 0 1 0 0 0 1 1 1 3 2 1 0 0 1 2 0 2 0 1 0 1 0 0 0 1 0 3 1 1 4 0 0 0 0 0 1 0 1 1 1 0 1 1 1 1 0 0 0 1 1 0 1 2 1 0
1 1 1 1 1 3 1 1 1 1 1 3 1 1 0 3 3 0 1 3 0 1 0 0 0 1 1 1 3 1 1 0 0 0 1 0 3 0 1 0 1 1 2 0 1 0 3 1 1 3 2 1 1 1 0 1 0 1 1 1 3 1 1 1 1 0 0 1 1 1 1 1 1 0 1
1 1 1 1 1 2 2 1 1 1 1 2 1 1 1 2 2 0 1 2 0 1 0 0 0 1 1 1 2 2 1 0 0 1 2 0 3 0 1 0 1 1 1 0 1 0 1 1 1 3 1 1 3 1 0 1 0 1 1 1 2 1 1 1 0 0 0 1 1 1 1 1 2 2 1
1 1 1 1 1 3 1 1 1 1 1 2 1 1 1 2 2 0 1 3 0 1 1 0 0 1 1 0 2 1 0 0 0 1 2 0 3 0 1 0 1 1 1 1 1 0 2 1 1 4 1 1 3 0 0 1 0 1 1 1 3 1 1 1 0 0 0 1 1 1 1 1 1 1 1
1 1 1 1 1 4 1 1 1 1 1 4 1 1 0 4 0 0 1 0 0 1 0 0 0 1 1 1 4 1 1 0 0 0 4 0 4 0 1 0 1 1 0 0 1 0 4 1 1 4 0 0 3 0 0 1 0 1 1 1 0 1 1 1 1 0 0 0 1 1 0 1 1 0 0
1 1 1 1 1 10 4 3 2 1 0 9 1 1 1 9 5 0 1 6 0 1 1 0 0 1 3 1 11 4 1 0 0 1 11 0 9 0 3 0 3 0 4 2 6 0 11 3 3 25 4 3 10 1 0 1 0 2 1 1 5 1 1 1 1 0 0 2 1 1 1 3 15 1 1
1 1 1 1 1 2 1 1 1 1 1 2 1 1 0 3 1 0 1 1 0 1 0 0 0 1 1 1 3 1 1 0 0 0 2 0 2 0 1 0 1 1 1 0 1 0 2 1 1 3 1 1 3 1 0 1 0 1 1 1 1 1 1 1 0 0 0 1 1 1 1 1 1 0 1
1 1 1 1 1 2 1 1 1 1 1 3 1 1 1 1 1 0 1 1 0 1 1 0 0 1 1 0 2 1 0 0 0 1 2 0 2 0 1 0 1 1 0 1 1 0 2 1 1 3 0 0 2 0 0 1 0 1 1 1 0 1 1 1 0 0 0 1 1 1 1 1 1 0 1
1 1 1 1 1 4 2 1 1 1 1 3 1 1 1 3 2 0 1 2 0 1 0 0 0 1 1 1 3 2 1 0 0 1 2 0 4 0 1 0 1 1 1 0 1 0 3 1 1 4 1 1 2 1 0 1 0 1 1 1 2 1 1 1 1 0 0 1 1 1 1 1 2 1 1
1 1 1 1 1 4 2 1 1 1 1 4 1 1 1 4 1 0 1 1 0 1 0 0 0 1 1 1 4 2 1 0 0 1 4 0 5 0 1 0 1 1 0 0 1 0 3 1 1 5 0 1 4 1 0 1 0 1 1 1 1 1 1 1 0 0 0 1 1 1 1 1 2 2 1
1 1 1 1 1 3 2 1 1 1 1 4 1 1 1 3 2 0 1 2 0 1 0 0 0 1 1 1 3 1 1 0 0 1 3 0 4 0 1 0 1 1 1 0 1 0 2 1 1 4 1 1 4 1 0 1 0 1 1 1 2 1 1 1 0 0 0 1 1 1 1 1 2 2 1
1 1 1 1 1 4 2 1 1 1 1 4 1 1 1 3 2 0 1 2 0 1 0 0 0 1 1 1 3 2 0 0 0 1 3 0 4 0 1 0 1 1 1 0 1 0 2 1 1 4 1 1 4 0 0 1 0 1 1 1 2 1 1 1 0 0 0 1 1 1 1 1 2 2 1
1 1 1 1 1 2 2 1 1 1 1 3 1 1 1 2 4 0 1 4 0 1 0 0 0 1 1 1 2 2 0 0 0 1 2 0 3 0 1 0 1 1 3 1 1 0 1 1 1 5 3 1 2 1 0 1 0 1 1 1 4 1 1 1 0 0 0 1 1 1 1 1 2 2 1
1 1 1 1 1 4 1 1 1 1 1 4 1 1 0 4 2 0 1 2 0 1 1 0 0 1 1 1 4 1 0 0 0 0 4 0 4 0 1 0 1 1 1 1 1 0 4 1 1 4 1 1 3 0 0 1 0 1 1 1 2 1 1 1 1 0 0 1 1 1 1 1 1 0 1
1 1 1 1 1 4 2 1 1 1 1 4 1 1 1 3 2 0 1 2 0 1 0 0 0 1 1 1 3 2 0 0 0 1 3 0 4 0 1 0 1 1 1 1 1 0 3 1 1 4 1 1 3 1 0 1 0 1 1 1 2 1 1 1 1 0 0 1 1 1 1 1 2 1 1
1 1 1 1 1 2 1 1 1 0 1 4 1 1 1 3 1 0 1 0 0 1 0 0 0 1 1 1 3 2 0 0 0 1 3 0 4 0 1 0 1 1 0 0 1 0 2 1 1 3 0 1 4 0 0 1 0 1 1 1 1 1 1 1 0 0 0 0 1 1 1 1 2 1 1
1 1 1 1 1 3 2 1 1 1 1 4 1 1 1 3 3 0 1 3 0 1 0 0 0 1 1 1 3 2 0 0 0 1 3 0 4 0 1 0 1 1 2 1 1 0 2 1 1 4 2 1 4 0 0 1 0 1 1 1 3 1 1 1 0 0 0 1 1 1 1 1 2 2 1
1 1 1 1 1 2 2 1 1 1 0 2 1 1 1 3 2 0 1 3 0 1 1 0 0 1 1 1 3 1 0 0 0 1 3 0 3 0 1 0 1 0 2 1 1 0 2 1 1 4 2 1 3 0 0 1 0 1 1 1 3 0 1 1 0 0 0 1 1 1 1 1 2 2 1
1 1 1 1 1 3 1 1 1 1 1 3 1 1 0 3 2 0 1 2 0 1 1 0 0 1 1 1 3 1 0 0 0 0 2 0 3 0 1 0 1 1 1 1 1 0 3 1 1 3 1 1 3 0 0 1 0 1 1 1 2 1 1 1 2 0 0 1 1 1 1 1 1 0 1
1 1 1 1 1 5 3 1 1 1 1 5 1 1 1 5 2 0 1 2 0 1 1 0 0 1 2 1 5 3 1 0 0 1 5 0 6 0 2 0 2 1 1 1 3 0 4 2 2 9 1 1 6 0 0 1 0 2 1 1 2 1 1 1 2 0 0 1 1 1 0 2 6 2 0
1 1 1 1 1 4 2 1 1 1 1 4 1 1 1 3 3 0 1 3 0 1 0 0 0 1 1 1 3 2 1 0 0 1 3 0 4 0 1 0 1 1 2 0 1 0 3 1 1 4 2 1 4 1 0 1 0 1 1 1 3 1 1 1 1 0 0 1 1 1 1 1 2 1 1
1 1 1 1 1 7 4 1 1 1 1 8 1 1 1 7 3 0 1 3 0 1 0 0 0 1 2 2 7 4 2 0 0 1 7 0 8 0 2 0 2 1 2 0 4 0 6 2 2 16 2 1 8 2 0 1 0 1 1 1 3 1 1 1 0 0 0 1 1 1 1 2 8 2 1
1 1 1 1 1 2 2 1 1 1 1 3 1 1 1 3 1 0 1 1 0 1 0 0 0 1 1 1 3 2 1 0 0 1 3 0 4 0 1 0 1 1 0 0 1 0 2 1 1 4 0 1 4 1 0 1 0 1 1 1 1 1 1 1 0 0 0 1 1 1 1 1 2 1 1
1 1 1 1 1 15 7 2 1 1 1 17 4 1 1 17 11 0 1 11 0 1 0 0 0 1 5 2 18 7 1 0 0 1 15 0 17 0 5 0 5 1 6 4 17 0 16 5 5 69 7 2 15 1 0 1 0 3 1 1 10 1 1 1 1 0 3 4 1 1 1 5 41 3 1
1 1 1 1 1 5 2 1 1 1 1 5 1 1 1 4 3 0 1 3 0 1 0 0 0 1 1 1 4 2 1 0 0 1 3 0 5 0 1 0 1 1 2 0 1 0 4 1 1 5 2 1 4 1 0 1 0 1 1 1 3 1 1 1 1 0 0 1 1 1 1 1 2 1 1
1 1 1 1 1 3 1 1 1 1 1 3 1 1 1 2 2 0 1 2 0 1 0 0 0 1 1 0 2 0 1 0 0 1 2 0 3 0 1 0 1 1 1 0 1 0 2 1 1 3 1 1 3 1 0 1 0 1 1 1 2 1 1 1 1 0 0 1 1 1 1 1 1 1 1
1 1 1 1 1 2 1 1 1 1 1 2 1 1 1 2 1 0 1 1 0 1 0 0 0 1 1 0 2 0 0 0 0 1 2 0 3 0 1 0 1 1 1 1 1 0 2 1 1 3 0 1 3 1 0 1 0 1 1 1 1 0 1 1 0 0 0 0 1 1 1 1 1 1 1
1 1 1 1 1 2 2 1 1 0 1 3 1 1 1 3 2 0 1 1 0 1 0 0 0 1 1 1 3 2 1 0 0 1 3 0 4 0 1 0 1 1 1 0 1 0 1 1 1 4 1 1 4 1 0 1 0 1 1 1 2 0 1 1 0 0 0 0 1 1 1 1 2 2 1
1 1 1 1 1 3 2 1 1 1 1 4 1 1 1 2 3 0 1 3 0 1 1 0 0 1 1 1 3 2 0 0 0 1 3 0 2 0 1 0 1 1 1 1 1 0 2 1 1 4 1 2 4 0 0 1 0 1 1 1 2 1 1 1 0 0 0 1 1 1 1 1 2 2 1
1 1 1 1 1 3 1 1 1 1 1 4 1 1 1 3 2 0 1 2 0 1 0 0 0 1 1 0 3 0 1 0 0 1 3 0 4 0 1 0 1 1 1 0 1 0 3 1 1 4 1 1 4 1 0 1 0 1 1 1 2 1 1 1 0 0 0 1 1 1 1 1 1 1 1
1 1 1 1 1 2 1 1 1 1 1 3 1 1 1 2 1 0 1 1 0 1 0 0 0 1 1 0 2 1 1 0 0 1 2 0 3 0 1 0 1 1 0 0 1 0 2 1 1 3 0 1 3 1 0 1 0 1 1 1 1 1 1 1 0 0 0 1 1 1 1 1 1 1 1
1 1 1 1 1 3 1 1 1 1 1 4 1 1 1 2 3 0 1 3 0 1 0 0 0 1 1 0 3 1 0 0 0 1 3 0 3 0 1 0 1 1 1 1 1 0 3 1 1 4 1 1 3 0 0 1 0 1 1 1 2 1 1 1 1 0 0 1 1 1 1 1 1 1 1
0 0 1 0 1 2 1 1 1 1 1 3 1 1 1 2 0 0 0 0 0 1 0 0 0 1 1 0 2 1 1 0 0 1 2 0 3 0 1 0 1 1 0 0 0 0 2 1 1 0 0 0 3 0 0 0 0 1 0 0 0 1 0 0 0 0 0 0 0 0 0 1 1 0 0
1 1 1 1 1 3 1 1 1 1 1 3 1 1 1 2 0 0 1 0 0 1 0 0 0 1 1 0 2 1 1 0 0 1 2 0 3 0 1 0 1 1 0 0 1 0 2 1 1 3 0 0 3 0 0 1 0 1 1 1 0 1 1 1 1 0 0 0 1 1 0 1 1 1 0
1 1 1 1 1 6 3 1 1 1 1 7 3 1 1 6 5 0 1 5 0 1 2 0 0 1 3 0 7 3 1 0 0 1 5 0 7 0 3 0 3 1 3 2 8 0 7 3 3 23 3 2 6 1 0 1 0 2 1 1 4 1 1 1 1 0 2 2 1 1 1 3 10 1 1
1 1 1 1 1 3 1 1 1 1 1 2 1 1 1 2 2 0 1 3 0 1 0 0 0 1 1 0 2 1 1 0 0 1 2 0 3 0 1 0 1 1 2 0 1 0 2 1 1 3 2 1 3 1 0 1 0 1 1 1 3 0 1 1 1 0 0 1 1 1 1 1 1 1 1
1 1 1 1 1 5 2 1 1 1 1 7 1 1 1 6 4 0 1 4 0 1 1 0 0 1 2 0 6 2 0 0 0 1 6 0 7 0 2 0 2 1 2 2 3 0 6 2 2 10 3 1 7 0 0 1 0 1 1 1 4 1 1 1 1 0 0 2 1 1 1 1 6 1 1
1 1 1 1 1 2 1 1 1 1 1 3 1 1 1 1 3 0 1 3 0 1 0 0 0 1 1 0 2 1 0 0 0 1 1 0 2 0 1 0 1 1 2 1 1 0 2 1 1 3 2 2 2 0 0 1 0 1 1 1 1 1 1 1 0 0 0 1 1 1 1 1 1 1 1
1 1 1 1 1 2 1 1 1 1 1 3 1 1 1 2 2 0 1 2 0 1 0 0 0 1 1 0 2 1 0 0 0 1 1 0 2 0 1 0 1 1 1 1 1 0 2 1 1 3 1 1 2 0 0 1 0 1 0 0 1 1 1 1 0 0 1 1 1 1 1 1 1 0 1
1 1 1 1 1 2 1 1 1 1 0 3 1 1 1 2 2 0 1 2 0 1 1 0 0 1 1 0 3 1 0 0 0 1 2 0 2 0 1 0 1 0 1 1 1 0 3 1 1 5 1 1 2 0 0 1 0 1 0 0 1 1 1 1 0 0 0 0 1 2 1 1 1 0 1
1 1 1 1 1 4 1 1 1 1 1 5 1 1 0 5 3 0 1 3 0 1 0 0 0 1 2 0 5 1 0 0 0 0 5 0 5 0 2 0 2 1 1 2 3 0 5 2 2 8 2 1 4 1 0 1 0 1 1 1 3 1 1 1 1 0 1 2 1 1 1 2 3 0 1
1 1 1 1 1 2 1 1 1 1 1 2 1 1 1 1 2 0 1 2 0 1 1 0 0 1 1 0 1 1 0 0 0 1 1 0 2 0 1 0 1 1 1 1 1 0 1 1 1 2 1 1 2 0 0 1 0 1 1 1 2 1 1 1 1 0 0 1 1 1 1 1 1 1 1
1 1 1 1 1 2 1 1 1 1 1 2 1 1 1 1 2 0 1 2 0 1 1 0 0 1 1 0 1 1 0 0 0 1 1 0 2 0 1 0 1 1 1 1 1 0 1 1 1 2 1 1 2 0 0 1 0 1 1 1 2 1 1 1 1 0 0 1 1 1 1 1 1 1 1
0 0 1 0 1 4 2 1 1 1 1 4 1 1 1 3 1 0 0 1 0 1 0 1 1 1 1 2 3 1 1 1 1 1 3 2 4 0 0 0 0 1 0 1 1 0 3 1 2 2 0 1 4 0 2 0 1 1 1 1 1 1 0 0 2 0 1 1 0 0 1 1 6 1 1
1 1 1 1 1 3 2 1 1 1 1 4 1 1 1 3 2 1 1 2 0 1 0 0 0 1 0 2 3 2 0 0 0 1 3 2 4 0 0 0 0 1 0 2 3 1 3 0 2 6 1 1 4 0 2 1 0 1 1 1 2 1 1 2 1 0 0 2 1 1 1 1 6 1 1
1 1 1 1 1 2 1 1 1 1 1 3 1 1 1 2 2 1 1 2 0 1 0 0 0 1 0 1 2 1 0 0 0 1 2 1 3 0 0 0 0 1 1 1 1 1 2 0 1 3 1 1 3 0 1 1 0 1 1 1 2 1 1 1 0 0 0 1 1 1 1 1 2 1 1
1 1 1 1 1 3 1 1 1 1 1 3 1 1 1 2 2 1 1 2 0 1 0 0 0 1 0 1 2 1 0 0 0 1 2 1 3 0 0 0 0 1 1 1 1 1 2 0 1 3 1 1 3 0 1 1 0 1 1 1 2 1 1 1 1 0 0 1 1 1 1 1 2 1 1
1 1 1 1 1 2 1 1 1 1 1 3 1 1 1 2 1 0 1 1 0 1 1 0 0 1 1 0 2 1 0 0 0 1 2 1 3 0 0 0 0 1 0 1 1 0 2 1 1 3 0 1 3 0 1 1 0 1 1 1 1 1 1 1 0 0 0 1 1 1 1 1 1 1 1