1 29 1 108
1 20 1 122
1 37 1 150
1 1 1 150
1 23 1 150
1 4 1 150
1 12 1 150
1 6 1 150
1 11 1 150
1 58 1 150
1 59 1 150
1 16 1 150
1 7 1 150
1 19 1 150
1 3 1 150
1 13 1 150
1 10 1 150
1 17 1 150
1 8 1 150
1 9 1 150
1 22 1 150
1 21 1 150
1 33 1 150
1 34 1 150
1 35 1 150
1 2 122 150
342 11 1 50
342 27 1 50
342 2 1 50
342 12 1 134
342 2 1 169
342 33 1 260
342 15 1 288
342 4 1 316
342 3 1 316
342 23 1 421
342 17 1 421
342 35 1 421
342 37 1 540
342 14 1 540
342 6 1 540
342 18 1 540
342 16 1 540
342 19 1 540
342 3 1 540
342 13 1 540
342 10 1 540
342 9 1 540
342 45 1 540
342 21 22 260
342 34 22 421
342 8 106 260
342 6 106 316
342 27 134 456
342 12 197 260
342 2 232 456
342 11 288 316
342 47 288 393
342 51 316 337
342 8 316 421
342 33 316 421
342 9 337 358
342 1 337 358
342 12 337 540
342 4 358 540
342 15 358 540
342 11 393 456
342 3 393 540
342 21 421 540
342 6 484 540
342 36 484 540
342 56 484 540