24.1039415863879 29.614185789921695 33.61547262794322 37.749172176353746 38.535697735995385
21.494185260204677 28.39013913315678 32.69556544854363 37.815340802378074 37.94733192202055
31.85906464414798 31.416556144810016 34.87119154832539 34.36568055487916 38.144462245521304
30.18277654557314 34.79942528261063 39.44616584663204 41.72529209005013 43.76071297408213
28.53068523537421 37.17526059088221 39.81205847478876 43.42810150121693 44.294469180700204
26.1725046566048 33.98529093593286 36.90528417449187 41.1703777004778 40.97560249709576
30.23243291566195 37.76241517699841 41.048751503547585 42.941821107167776 44.06812907306141
28.687976575562104 35.25620512760839 39.08964057138413 41.72529209005013 43.278170016764804
27.53179979587241 36.138621999185304 39.02563260217571 42.661458015403085 43.266615305567875
21.307275752662516 29.29163703175362 35.25620512760839 39.21734310225516 40.0
23.748684174075834 31.304951684997057 34.97141690009142 37.62977544445356 39.44616584663204
23.68543856465402 31.670175244226233 35.86084215408221 38.48376280978771 40.311288741492746
24.899799195977465 30.397368307141328 35.199431813596085 37.469987990390386 39.54743986657038
18.81488772222678 28.35489375751565 34.39476704383968 37.94733192202055 38.65229618017538
28.19574435974337 34.336569426778794 36.90528417449187 37.72267222772003 40.87786687193939
21.517434791350013 30.28200785945344 34.17601498127012 39.30648801406709 39.20459156782532
21.447610589527216 31.52776554086889 35.25620512760839 37.36308338453881 39.344631145812
22.693611435820433 28.407745422683583 34.87119154832539 38.66522985836241 38.92300091205713
23.08679276123039 32.264531609803356 35.09985754956849 39.61060464067672 39.433488306260706
25.357444666211933 34.249087579087416 37.52332607858744 40.55859958134649 41.65333119931706
21.354156504062622 33.13608305156178 36.59234892706397 41.012193308819754 41.13392760240627
25.67099530598687 32.41913015489465 37.389838191679836 40.92676385936225 42.05948168962618
0.0 29.93325909419153 33.0 38.7556447501522 38.13135192987524
23.473389188611005 30.01666203960727 34.72751070837067 37.77565353504821 38.948684188300895
20.445048300260872 32.71085446759225 34.539832078341085 40.52159917870962 39.03844259188627
26.0 34.058772731852805 37.589892258425 41.54515615568198 41.30375285612676
25.238858928247925 35.510561809129406 37.68288736283355 43.116122274620196 41.98809355043403
24.43358344574123 32.60368077380221 36.796738985948195 40.48456495999432 40.7308237088326
26.814175355583846 35.45419580247167 37.76241517699841 41.24318125460256 41.46082488325576
24.979991993593593 34.438350715445125 36.9729630946723 41.617304093369626 40.8166632639171
20.37154878746336 31.701734968294716 34.20526275297414 38.45776904605882 38.48376280978771
26.77685567799177 35.4259791678367 38.80721582386451 42.62628297189423 42.43819034784589
21.88606862823929 31.953090617340916 35.21363372331802 40.0374824383352 39.66106403010388
22.516660498395403 31.575306807693888 33.19638534539566 39.07684736515984 37.881393849751625
25.298221281347036 33.85262175962151 36.59234892706397 40.22437072223753 41.036569057366385
30.643106892089126 39.102429592034305 41.641325627314025 46.292547996410825 44.86646854834911
28.035691537752374 37.067505985701274 39.88734135035826 44.87761134463375 43.88621651498338
31.496031496047245 38.62641583165593 40.38564101261734 45.16635916254486 43.726422218150894
25.514701644346147 32.202484376209235 37.92097045171708 41.41255848169731 42.15447781671598
30.854497241083024 37.255872020394314 40.95119045888654 45.232731511594565 44.339598554790726
22.58317958127243 31.496031496047245 34.828149534535996 40.099875311526844 39.370039370059054
22.181073012818835 32.37282811247729 34.42382895611701 39.44616584663204 38.1051177665153
23.08679276123039 32.2335229225724 35.7211421989835 41.48493702538308 40.36087214122113
20.518284528683193 30.610455730027933 33.97057550292606 39.56008088970496 39.0
31.827660925679098 23.259406699226016 28.495613697550013 28.653097563788805 34.597687784012386
30.740852297878796 21.095023109728988 25.88435821108957 30.740852297878796 31.51190251317746
33.57082066318904 22.24859546128699 30.199337741083 30.675723300355934 35.17101079013795
32.43454948045371 21.633307652783937 30.116440692751194 32.12475680841802 35.156791662493895
32.341923257592455 22.44994432064365 27.184554438136374 28.39013913315678 33.166247903554
31.63858403911275 20.952326839756964 24.08318915758459 27.65863337187866 30.315012782448235
30.528675044947494 22.44994432064365 24.55605831561735 30.463092423455635 30.23243291566195
31.304951684997057 20.0 28.478061731796284 31.20897306865447 33.37663853655727
31.464265445104548 21.863211109075447 28.231188426986208 31.622776601683793 33.166247903554
30.659419433511783 16.55294535724685 27.331300737432898 29.866369046136157 32.95451410656816
30.903074280724887 22.693611435820433 26.5329983228432 29.748949561287034 32.17141588429082
29.223278392404914 21.587033144922902 26.589471600616662 33.04542328371661 32.0
29.206163733020468 20.223748416156685 27.92848008753788 31.953090617340916 33.57082066318904
29.93325909419153 0.0 28.407745422683583 31.304951684997057 33.28663395418648
31.368774282716245 22.090722034374522 25.39685019840059 29.120439557122072 32.12475680841802
32.28002478313795 21.494185260204677 29.9833287011299 32.43454948045371 35.4964786985977
31.480152477394387 19.519221295943137 29.223278392404914 32.29551052391029 33.83784863137726
31.0322412983658 17.578395831246947 30.0 30.740852297878796 35.11409973215888
31.064449134018133 23.345235059857504 27.92848008753788 29.816103031751148 33.83784863137726
27.09243436828813 21.587033144922902 26.888659319497503 33.61547262794322 31.811947441173732
32.109188716004645 25.632011235952593 30.166206257996713 33.926390907374746 35.4259791678367
30.01666203960727 21.095023109728988 28.460498941515414 32.202484376209235 33.0
29.899832775452108 22.538855339169288 27.03701166919155 32.218007387174026 31.654383582688826
31.96873472629156 18.275666882497067 30.315012782448235 32.341923257592455 35.298725189445584
32.2490309931942 24.20743687382041 31.192947920964443 33.823069050575526 35.77708763999664
29.03446228191595 17.05872210923198 29.257477676655586 31.25699921617557 33.896902513356586
30.870698080866262 22.02271554554524 29.223278392404914 32.357379374726875 34.79942528261063
29.664793948382652 21.494185260204677 30.14962686336267 31.52776554086889 35.4682957019364
29.410882339705484 21.18962010041709 30.033314835362415 32.78719262151 35.510561809129406
30.033314835362415 18.81488772222678 31.480152477394387 33.85262175962151 36.16628264005025
29.782545223670862 22.24859546128699 30.23243291566195 32.848135411313685 35.70714214271425
31.874754901018456 22.759613353482084 31.192947920964443 33.1058907144937 35.41186241925155
29.274562336608895 18.841443681416774 28.0 32.69556544854363 33.090784215548595
29.664793948382652 20.8806130178211 28.548204847240395 32.09361307176243 33.34666400106613
29.478805945967352 21.88606862823929 28.178005607210743 31.28897569432403 32.38826948140329
32.7566787083184 21.42428528562855 31.368774282716245 33.74907406137241 35.11409973215888
30.56141357987225 22.090722034374522 26.627053911388696 30.23243291566195 30.95157508108432
30.380915061926625 21.0 30.331501776206203 32.87856444554719 34.307433596816885
34.75629439396553 26.758176320519304 27.073972741361768 25.612496949731394 26.981475126464083
30.166206257996713 29.597297173897484 30.28200785945344 36.138621999185304 35.04283093587046
31.32091952673165 21.79449471770337 26.5329983228432 32.51153641401772 31.38470965295043
29.5296461204668 26.645825188948457 28.30194339616981 34.0 32.4037034920393
30.24896692450835 22.737634001804146 27.422618401604176 31.416556144810016 30.773365106858236
29.189039038652847 23.45207879911715 27.40437921208944 34.058772731852805 31.496031496047245
31.176914536239792 25.059928172283335 25.709920264364882 32.12475680841802 30.56141357987225
29.899832775452108 22.315913604421397 27.65863337187866 34.55430508634199 31.400636936215164
32.526911934581186 22.978250586152114 31.25699921617557 33.76388603226827 35.298725189445584
29.03446228191595 21.79449471770337 27.27636339397171 33.926390907374746 31.22498999199199
37.589892258425 31.096623610932426 26.645825188948457 26.019223662515376 25.865034312755125
36.42801120017397 31.096623610932426 24.331050121192877 25.903667693977237 26.019223662515376
37.53664875824692 34.39476704383968 27.49545416973504 30.54504869860253 26.70205984563738
37.094473981982816 32.12475680841802 24.474476501040833 29.732137494637012 26.981475126464083
36.98648401781386 33.555923471125034 23.93741840717165 28.844410203711913 24.08318915758459
34.88552708502482 30.773365106858236 25.65151067676132 28.160255680657446 27.147743920996454
34.56877203488721 29.30870177950569 23.790754506740637 28.75760768909681 27.40437921208944
36.207733980463345 32.046840717924134 23.790754506740637 27.110883423451916 25.903667693977237
38.36665218650175 31.622776601683793 27.367864366808018 27.16615541441225 28.5657137141714
34.62657938636157 30.315012782448235 22.271057451320086 28.442925306655784 23.811761799581316
35.4964786985977 28.071337695236398 17.86057109949175 26.153393661244042 23.323807579381203
35.52463933666322 29.427877939124322 22.737634001804146 26.981475126464083 27.60434748368452
36.24913792078372 27.60434748368452 25.748786379167466 27.712812921102035 27.568097504180443
33.0 28.407745422683583 0.0 25.553864678361276 22.24859546128699
36.49657518178932 31.432467291003423 25.826343140289914 29.154759474226502 26.645825188948457
36.0 30.463092423455635 19.313207915827967 26.68332812825267 24.166091947189145
35.9722114972099 31.811947441173732 27.258026340878022 29.257477676655586 24.859605789312106
37.376463182061514 29.715315916207253 23.280893453645632 25.592967784139454 24.596747752497688
37.027017163147235 34.07345007480164 26.570660511172846 27.440845468024488 22.9128784747792
35.34119409414458 31.22498999199199 22.181073012818835 29.13760456866693 26.476404589747453
33.8673884437522 29.715315916207253 20.83266665599966 27.184554438136374 26.057628441590765
32.77193921634788 26.343879744638983 21.095023109728988 28.77498913987632 26.832815729997478
34.07345007480164 28.583211855912904 17.4928556845359 27.258026340878022 23.302360395462088
33.83784863137726 29.782545223670862 24.124676163629637 29.478805945967352 26.851443164195103
34.698703145794944 35.12833614050059 27.184554438136374 29.29163703175362 26.038433132583073
32.7566787083184 27.2213151776324 25.37715508089904 29.410882339705484 26.13426869074396
34.61213659975356 30.397368307141328 24.474476501040833 32.802438933713454 28.495613697550013
33.03028912982749 28.407745422683583 22.67156809750927 29.546573405388315 27.2213151776324
35.17101079013795 31.575306807693888 27.202941017470888 30.215889859476256 25.0
32.68026927673638 26.720778431774775 21.97726097583591 29.563490998188964 27.748873851023216
33.823069050575526 29.359836511806396 24.392621835300936 28.035691537752374 24.779023386727733
37.376463182061514 35.22782990761707 28.319604517012593 29.546573405388315 28.089143810376278
35.84689665786984 29.782545223670862 21.540659228538015 27.65863337187866 24.596747752497688
34.132096331752024 28.722813232690143 22.93468988235943 28.19574435974337 24.919871588754223
33.67491648096547 32.58834147360065 25.278449319529077 28.24889378365107 24.289915602982237
33.645207682521445 28.495613697550013 21.79449471770337 27.712812921102035 24.859605789312106
34.79942528261063 29.715315916207253 20.248456731316587 29.478805945967352 23.643180835073778
34.785054261852174 28.178005607210743 19.82422760159901 27.964262908219126 24.289915602982237
36.22154055254967 35.014282800023196 28.124722220850465 30.757112998459398 25.179356624028344
35.651086939951774 31.25699921617557 28.635642126552707 30.83828789021855 26.851443164195103
35.05709628591621 32.109188716004645 23.57965224510319 30.870698080866262 25.903667693977237
36.72873534441391 30.610455730027933 23.53720459187964 29.274562336608895 24.879710609249457
36.72873534441391 32.01562118716424 24.124676163629637 30.04995840263344 25.03996805109783
32.89376840679705 27.676705006196094 24.71841418861655 31.937438845342623 28.178005607210743
35.958309192730404 31.89043743820395 26.30589287593181 30.773365106858236 26.627053911388696
37.960505792204614 31.63858403911275 25.41653005427767 31.12876483254676 29.068883707497267
35.41186241925155 32.31098884280702 24.06241883103193 32.155870381627054 27.313000567495326
35.9722114972099 31.464265445104548 30.14962686336267 31.400636936215164 27.16615541441225
38.92300091205713 32.14031735997639 30.397368307141328 21.37755832643195 30.577769702841312
39.87480407475377 34.438350715445125 29.13760456866693 20.591260281974 29.29163703175362
42.33202097703345 38.05259518088089 35.397740040855716 28.5657137141714 34.785054261852174
42.035699113967404 38.50973902793941 30.331501776206203 25.475478405713993 29.816103031751148
44.27188724235731 39.97499218261337 34.539832078341085 29.223278392404914 33.85262175962151
41.0 35.73513677041127 28.844410203711913 21.18962010041709 29.03446228191595
43.2087954009366 37.82856063875548 34.9857113690718 30.01666203960727 34.132096331752024
39.63584236521283 34.655446902326915 27.85677655436824 20.904544960366874 28.0178514522438
42.532340636273474 38.379682124790975 32.83291031876401 29.546573405388315 34.044089061098404
41.2189276910499 37.376463182061514 29.732137494637012 24.1039415863879 29.949958263743873
43.73785545725808 39.761790704142086 33.52610922848042 27.80287754891569 33.421549934136806
40.85339643163099 37.3496987939662 28.495613697550013 22.869193252058544 28.653097563788805
42.24926034855522 38.948684188300895 31.400636936215164 27.2213151776324 31.0322412983658
39.71145930332956 35.4259791678367 27.820855486487112 22.11334438749598 27.83882181415011
44.53088815642464 39.102429592034305 35.156791662493895 29.949958263743873 32.57299494980466
40.48456495999432 36.09709129556009 27.748873851023216 21.702534414210707 28.053520278211074
44.75488800120049 39.68626966596886 37.17526059088221 33.331666624997915 36.701498607005135
39.96248240537617 34.77067730142742 27.892651361962706 17.69180601295413 27.51363298439521
39.63584236521283 33.45145736735546 30.265491900843113 22.60530911091463 29.24038303442689
43.3358973600409 37.416573867739416 32.72613634390714 25.65151067676132 32.12475680841802
39.74921382870358 34.292856398964496 31.480152477394387 23.40939982143925 31.464265445104548
38.43175770115127 32.264531609803356 26.343879744638983 17.86057109949175 25.592967784139454
41.701318923986086 37.456641600656084 29.154759474226502 23.043437243605826 28.548204847240395
38.7556447501522 31.304951684997057 25.553864678361276 0.0 25.45584412271571
38.535697735995385 34.19064199455752 25.179356624028344 19.261360284258224 25.11971337416094
37.3496987939662 28.513154858766505 28.39013913315678 17.69180601295413 27.367864366808018
36.09709129556009 33.36165463522455 29.93325909419153 23.08679276123039 29.916550603303182
37.134889255254286 31.28897569432403 27.49545416973504 20.760539492026695 27.730849247724095
39.774363602702685 34.813790371058424 27.874719729532707 20.346989949375804 26.981475126464083
37.1887079635741 32.14031735997639 27.92848008753788 21.0 28.19574435974337
37.589892258425 33.45145736735546 25.96150997149434 21.0 25.98076211353316
39.20459156782532 31.480152477394387 26.38181191654584 14.317821063276353 25.514701644346147
37.17526059088221 32.43454948045371 24.228082879171435 15.620499351813308 24.289915602982237
40.45985664828782 33.896902513356586 28.142494558940577 21.517434791350013 26.888659319497503
37.881393849751625 32.41913015489465 24.124676163629637 22.15851980616034 24.392621835300936
36.61966684720111 31.38470965295043 21.77154105707724 21.748563170931547 22.9128784747792
37.72267222772003 32.264531609803356 26.720778431774775 23.600847442411894 27.477263328068172
39.534794801541594 35.05709628591621 26.645825188948457 22.47220505424423 25.787593916455254
35.94440151122286 30.133038346638727 26.589471600616662 23.366642891095847 26.645825188948457
39.14077158156185 34.292856398964496 25.15949125081825 21.166010488516726 24.289915602982237
39.57271787481876 33.37663853655727 31.22498999199199 25.41653005427767 30.983866769659336
41.79712908801273 37.376463182061514 30.983866769659336 25.39685019840059 30.577769702841312
38.22302970723278 33.36165463522455 25.729360660537214 19.570385790780925 26.851443164195103
43.54308211415448 38.1051177665153 31.89043743820395 26.94438717061496 29.427877939124322
37.589892258425 32.72613634390714 26.153393661244042 23.043437243605826 26.210684844162312
37.376463182061514 32.202484376209235 26.0 26.1725046566048 26.248809496813376
38.67815921162743 33.85262175962151 27.622454633866266 22.360679774997898 28.178005607210743
41.10960958218893 35.58089374931439 28.478061731796284 19.79898987322333 28.809720581775867
37.52332607858744 31.937438845342623 25.11971337416094 20.92844953645635 25.019992006393608
42.9767378938886 37.296112397943034 33.436506994600975 32.17141588429082 32.60368077380221
38.43175770115127 34.42382895611701 26.60826939130014 26.43860813280457 23.302360395462088
39.03844259188627 34.64101615137755 25.11971337416094 27.712812921102035 23.748684174075834
37.77565353504821 33.63034344160047 23.108440016582687 25.39685019840059 20.85665361461421
35.156791662493895 31.811947441173732 22.64950330581225 25.534290669607408 23.40939982143925
36.11094017053558 33.04542328371661 21.840329667841555 26.153393661244042 20.73644135332772
39.72404813208241 35.7211421989835 25.39685019840059 26.229754097208 25.25866188063018
36.945906403822335 33.27160951922825 22.44994432064365 24.79919353527449 19.4164878389476
36.9729630946723 32.449961479175904 22.93468988235943 26.095976701399778 22.38302928559939
36.72873534441391 32.60368077380221 22.891046284519195 25.903667693977237 18.788294228055936
37.429934544425805 33.0 24.041630560342615 26.324893162176366 21.047565179849187
39.736632972611055 37.16180835212409 27.85677655436824 31.25699921617557 26.324893162176366
36.742346141747674 34.72751070837067 23.388031127053 28.42534080710379 21.72556098240043
36.27671429443411 33.015148038438355 22.20360331117452 27.23967694375247 20.199009876724155
38.06573262134856 34.539832078341085 25.534290669607408 26.248809496813376 23.600847442411894
37.66961640367472 33.21144381083123 22.494443758403985 26.057628441590765 20.615528128088304
36.945906403822335 31.670175244226233 22.494443758403985 25.079872407968907 19.0
37.907782842049734 33.71943060017473 22.715633383201094 26.019223662515376 18.788294228055936
37.8549864614954 32.41913015489465 22.759613353482084 24.758836806279895 18.681541692269406
36.98648401781386 31.906112267087632 25.15949125081825 23.748684174075834 24.657656011875904
38.13135192987524 33.28663395418648 22.24859546128699 25.45584412271571 0.0
37.68288736283355 34.438350715445125 25.199206336708304 27.27636339397171 24.939927826679853
37.403208418530085 33.66006535941367 23.83275057562597 26.627053911388696 23.600847442411894
36.069377593742864 32.848135411313685 23.748684174075834 25.592967784139454 23.769728648009426
35.11409973215888 30.315012782448235 20.784609690826528 22.561028345356956 21.236760581595302
35.4964786985977 32.0 21.047565179849187 24.49489742783178 21.494185260204677
38.28837943815329 34.11744421846396 25.748786379167466 29.765752132274432 21.95449840010015
37.26929030716845 34.07345007480164 21.6794833886788 27.367864366808018 21.470910553583888
40.69397989875161 37.656340767525464 29.546573405388315 32.218007387174026 27.459060435491963
39.67366884975475 36.38681079732051 26.324893162176366 28.071337695236398 23.40939982143925
40.52159917870962 35.7211421989835 28.26658805020514 30.033314835362415 23.916521486202797
40.01249804748511 35.79106033634656 28.319604517012593 30.643106892089126 24.392621835300936
39.25557285278104 36.837480912787726 28.142494558940577 29.410882339705484 25.748786379167466
38.84584919911006 35.70714214271425 26.981475126464083 29.444863728670914 24.515301344262525
38.535697735995385 35.93048844644336 28.35489375751565 31.921779399024736 25.865034312755125
37.907782842049734 35.02855977627399 27.018512172212592 30.44667469527666 24.63736998950984
38.23610858861032 34.84250278036869 24.43358344574123 29.93325909419153 22.847319317591726
37.815340802378074 34.87119154832539 25.436194683953808 29.79932885150268 22.715633383201094
37.107950630558946 31.89043743820395 25.099800796022265 27.477263328068172 21.61018278497431
37.080992435478315 34.88552708502482 25.019992006393608 29.647934160747187 21.88606862823929
41.31585652022719 38.40572873934304 31.04834939252005 33.45145736735546 26.324893162176366
36.66060555964672 33.13608305156178 24.677925358506133 29.866369046136157 24.166091947189145
39.26830783214372 35.77708763999664 27.367864366808018 30.364452901377952 23.916521486202797
35.53871128783372 32.14031735997639 23.15167380558045 26.888659319497503 19.924858845171276
37.48332962798263 34.07345007480164 23.366642891095847 27.331300737432898 20.85665361461421
37.416573867739416 34.17601498127012 22.693611435820433 27.459060435491963 20.639767440550294
38.22302970723278 35.17101079013795 26.419689627245813 27.910571473905726 22.869193252058544
41.48493702538308 39.585350825778974 31.368774282716245 34.36568055487916 27.65863337187866
39.02563260217571 34.88552708502482 26.38181191654584 29.512709126747414 23.345235059857504
39.408120990476064 36.78314831549904 27.055498516937366 30.903074280724887 24.351591323771842
41.47288270665544 37.656340767525464 30.967725134404045 34.26368339802363 26.90724809414742