1 0 0 1 1 1 1 1 0 0 1 1 1 0 2 3 0 1 0 1 1 1 0 0 1 1 0 1 0 0 1 0 1 0 0 0 0 0 0 0 3 1 2 0 1 0 2 1 0 1
1 0 0 1 1 0 0 1 0 0 1 1 1 0 1 3 0 0 0 1 1 0 0 0 1 0 0 0 0 0 1 0 1 0 0 0 0 0 0 0 2 1 2 0 1 0 5 1 0 1
1 0 0 1 1 1 1 1 0 0 1 2 1 0 2 2 0 1 0 1 1 1 0 0 1 1 0 1 0 0 1 0 1 0 0 0 0 0 0 0 4 1 3 0 1 0 6 1 0 1
1 0 0 1 1 0 1 1 0 0 1 1 1 0 1 2 0 1 0 1 1 1 0 0 1 0 0 1 0 0 1 0 1 0 0 0 0 0 0 0 2 1 2 0 1 0 1 1 0 1
1 0 0 2 1 0 1 1 0 0 1 3 1 0 1 3 0 1 0 1 0 1 0 0 1 0 0 1 0 0 2 0 0 0 0 0 0 0 0 0 3 1 3 0 2 0 1 2 0 0
1 0 0 1 1 1 1 1 0 0 1 1 1 0 2 3 0 1 0 1 0 1 0 0 1 1 0 1 0 0 1 0 0 0 0 0 0 0 0 0 2 1 2 0 1 0 2 1 0 1
1 0 0 2 1 1 1 1 0 0 1 3 1 0 2 5 0 1 0 1 1 1 0 0 1 1 0 1 0 0 2 0 1 0 0 0 0 0 0 0 3 1 3 0 2 0 4 2 0 1
1 0 0 2 1 1 1 1 0 0 1 3 1 1 2 4 0 1 0 2 1 1 0 0 1 1 0 1 0 0 2 1 1 1 0 0 0 2 0 0 5 2 5 0 2 1 1 1 0 1
1 0 0 1 1 0 1 1 0 0 1 1 1 0 1 3 0 1 0 1 1 1 0 0 1 0 0 1 0 0 1 0 1 0 0 0 0 0 0 0 2 1 2 0 1 0 2 1 0 1
1 0 0 1 1 0 1 1 0 0 1 1 1 0 1 3 0 1 0 2 1 1 0 0 1 0 0 1 0 0 1 1 1 1 0 0 0 2 0 0 1 1 1 0 1 1 2 1 0 1
1 0 0 1 1 0 1 1 0 0 1 1 1 0 1 5 0 1 0 1 1 1 0 0 1 0 0 1 0 0 1 0 1 0 0 0 0 0 0 0 4 1 3 0 1 0 2 1 0 1
1 0 0 1 1 0 1 1 0 0 1 1 1 0 1 4 0 1 0 2 1 1 0 0 1 0 0 1 0 0 1 1 1 1 0 0 0 2 0 0 3 1 2 0 1 1 2 1 0 1
1 0 0 1 1 0 1 1 0 0 1 1 1 0 1 3 0 1 0 1 1 1 0 0 1 0 0 1 0 0 1 0 1 0 0 0 0 0 0 0 2 1 1 0 1 0 1 1 0 1
1 0 0 1 1 0 1 1 0 0 1 1 1 0 1 3 0 1 0 1 1 1 0 0 1 0 0 1 0 0 1 0 1 0 0 0 0 0 0 0 2 1 2 0 1 0 2 1 0 1
1 0 0 1 1 0 1 1 0 0 1 1 1 0 1 2 0 1 0 1 1 1 0 0 1 0 0 1 0 0 1 0 1 0 0 0 0 0 0 0 1 1 1 0 1 0 1 1 0 1
1 0 0 1 1 0 1 1 0 0 1 1 1 0 1 3 0 1 0 1 1 1 0 0 1 0 0 1 0 0 1 0 1 0 0 0 0 0 0 0 3 1 3 0 1 0 2 1 0 1
1 0 0 1 1 0 1 1 0 0 1 1 1 0 1 2 0 1 0 1 1 1 0 0 1 0 0 1 0 0 1 0 1 0 0 0 0 0 0 0 2 1 2 0 1 0 1 1 0 1
1 0 0 1 1 0 1 1 0 0 1 1 1 0 1 3 0 1 0 1 1 1 0 0 1 0 0 1 0 0 1 0 1 0 0 0 0 0 0 0 3 1 3 0 1 0 2 1 0 1
1 0 0 1 1 0 1 1 0 0 1 1 1 0 1 4 0 1 0 1 1 1 0 0 1 0 0 1 0 0 1 0 1 0 0 0 0 0 0 0 1 1 1 0 1 0 5 1 0 1
1 0 0 1 1 0 1 1 0 0 1 1 1 0 1 2 0 1 0 1 1 1 0 0 1 0 0 1 0 0 1 0 1 0 0 0 0 0 0 0 2 1 2 0 1 0 1 1 0 1
1 0 0 1 1 0 1 1 0 0 1 1 1 0 1 3 0 1 0 1 1 1 0 0 1 0 0 1 0 0 1 0 1 0 0 0 0 0 0 0 1 1 1 0 1 0 2 1 0 1
1 0 0 1 1 1 1 1 0 0 1 1 1 0 2 4 0 1 0 1 1 0 0 0 1 1 0 1 0 0 1 0 1 0 0 0 0 0 0 0 2 1 1 0 1 0 2 1 0 1
1 0 0 1 1 0 1 1 0 0 1 1 1 0 1 3 0 1 0 1 1 1 0 0 1 0 0 1 0 0 1 0 1 0 0 0 0 0 0 0 2 1 2 0 1 0 5 1 0 1
1 0 0 1 1 0 1 1 0 0 1 1 1 0 1 2 0 1 0 1 1 0 0 0 1 0 0 1 0 0 1 0 1 0 0 0 0 0 0 0 2 1 2 0 1 0 1 1 0 1
1 0 0 1 1 0 1 1 0 0 1 1 1 0 1 3 0 1 0 1 1 1 0 0 1 0 0 1 0 0 1 0 1 0 0 0 0 0 0 0 1 1 1 0 1 0 2 1 0 1
1 0 0 1 1 0 1 1 0 0 1 1 1 0 1 3 0 1 0 1 1 1 0 0 1 0 0 1 0 0 1 0 1 0 0 0 0 0 0 0 2 1 2 0 1 0 5 1 0 1
1 0 0 1 1 0 1 1 0 0 0 1 1 0 1 3 0 1 0 1 1 1 0 0 1 0 0 1 0 0 1 0 1 0 0 0 0 0 0 0 2 1 2 0 1 0 2 1 0 1
1 0 0 1 1 1 1 1 0 0 1 1 1 0 2 4 0 1 0 1 1 1 0 0 1 1 0 1 0 0 1 0 1 0 0 0 0 0 0 0 3 1 2 0 1 0 3 1 0 1
1 0 0 1 1 0 1 1 0 0 1 1 1 0 1 4 0 1 0 1 1 1 0 0 1 0 0 1 0 0 1 0 1 0 0 0 0 0 0 0 3 1 2 0 1 0 6 1 0 1
1 0 0 1 1 0 1 1 0 0 1 1 1 0 1 3 0 1 0 1 1 1 0 0 1 0 0 1 0 0 1 0 1 0 0 0 0 0 0 0 3 1 3 0 1 0 5 1 0 1
1 0 0 1 1 0 1 1 0 0 1 1 1 0 1 3 0 1 0 1 1 1 0 0 1 0 0 1 0 0 1 0 1 0 0 0 0 0 0 0 3 1 3 0 1 0 2 1 0 1
1 0 0 1 1 0 1 1 0 0 1 1 1 0 1 3 0 1 0 1 1 1 0 0 1 0 0 1 0 0 1 0 1 0 0 0 0 0 0 0 3 1 2 0 1 0 2 1 0 1
1 0 0 1 1 0 1 1 0 0 1 1 1 0 1 3 0 1 0 1 1 1 0 0 1 0 0 1 0 0 1 0 1 0 0 0 0 0 0 0 2 1 2 0 1 0 2 1 0 1
1 0 0 1 1 0 1 1 0 0 1 1 1 0 1 3 0 1 0 1 1 1 0 0 1 0 0 1 0 0 1 0 1 0 0 0 0 0 0 0 2 1 2 0 1 0 3 0 0 1
1 0 0 2 1 1 1 1 0 0 1 3 1 0 2 5 0 1 0 1 1 1 0 0 1 1 0 1 0 0 2 0 0 0 0 0 0 0 0 0 3 1 3 0 2 0 3 2 0 0
1 0 0 2 1 0 1 1 0 0 1 3 1 0 1 4 0 1 0 1 1 1 0 0 1 0 0 1 0 0 2 0 1 0 0 0 0 0 0 0 6 1 6 0 2 0 4 2 0 1
1 0 0 2 1 0 1 1 0 0 1 3 1 0 1 5 0 1 0 1 1 1 0 0 1 0 0 1 0 0 2 0 1 0 0 0 0 0 0 0 5 1 5 0 2 0 2 1 0 1
1 0 0 1 1 0 1 1 0 0 1 2 1 0 1 2 0 1 0 1 1 1 0 0 1 0 0 1 0 0 1 0 1 0 0 0 0 0 0 0 3 1 2 0 1 0 2 1 0 1
1 0 0 1 1 0 1 1 0 0 1 1 1 0 1 3 0 1 0 1 1 1 0 0 1 0 0 1 0 0 1 0 1 0 0 0 0 0 0 0 1 1 1 0 1 0 2 1 0 1
1 0 0 2 1 0 1 1 0 0 1 3 1 0 1 5 0 1 0 1 1 1 0 0 1 0 0 1 0 0 2 0 1 0 0 0 0 0 0 0 7 1 7 0 2 0 2 1 0 1
1 0 0 1 1 0 1 1 0 0 1 1 1 0 1 3 0 1 0 1 1 1 0 0 1 0 0 1 0 0 1 0 1 0 0 0 0 0 0 0 2 1 2 0 1 0 2 1 0 1
1 0 0 1 1 0 1 1 0 0 1 1 1 0 1 3 0 1 0 1 1 1 0 0 1 0 0 1 0 0 1 0 1 0 0 0 0 0 0 0 3 1 3 0 1 0 5 1 0 1
1 0 0 1 1 0 1 1 0 0 1 1 1 0 1 3 0 1 0 1 1 1 0 0 1 0 0 1 0 0 1 0 1 0 0 0 0 0 0 0 1 1 1 0 1 0 2 1 0 1
1 0 0 1 1 0 1 1 0 0 1 1 1 0 1 3 0 1 0 1 1 1 0 0 1 0 0 1 0 0 1 0 1 0 0 0 0 0 0 0 2 1 2 0 1 0 5 1 0 1
1 0 0 1 1 0 0 1 0 0 1 1 1 0 1 1 0 0 0 1 1 1 0 0 1 0 0 0 0 0 1 0 1 0 0 0 0 0 0 0 1 1 1 0 1 0 0 1 0 1
1 0 0 1 1 1 1 1 0 0 1 1 1 1 2 2 0 1 0 2 1 1 0 0 1 1 0 1 0 0 1 1 1 1 0 0 0 2 0 0 3 1 3 0 1 1 1 1 0 1
1 0 0 1 1 0 1 1 0 0 1 1 2 0 2 4 0 0 1 2 1 1 1 0 1 0 0 0 0 1 1 1 1 1 0 1 0 2 0 0 2 1 1 1 1 2 2 1 0 0
1 0 0 1 1 1 1 1 0 0 1 2 1 0 2 2 0 1 0 1 1 1 0 0 1 1 0 1 0 0 1 0 1 0 0 0 0 0 0 0 1 1 1 0 1 0 1 1 0 1
1 0 0 1 1 0 1 1 0 0 1 2 1 0 1 2 0 1 0 1 1 1 0 0 1 0 0 1 0 0 1 0 1 0 0 0 0 0 0 0 2 1 2 0 1 0 0 1 0 1
1 0 0 1 1 1 1 1 0 0 1 1 1 0 2 2 0 1 0 1 1 1 0 0 1 1 0 1 0 0 1 0 1 0 0 0 0 0 0 0 3 1 3 0 1 0 2 0 0 1
1 0 0 1 1 1 1 1 0 0 1 2 1 0 2 2 0 1 0 1 1 1 0 0 1 1 0 1 0 0 1 0 1 0 0 0 0 0 0 0 3 1 3 0 1 0 1 1 0 1
1 0 0 1 1 0 1 1 0 0 1 1 1 0 1 3 0 1 0 1 1 1 0 0 1 0 0 1 0 0 1 0 1 0 0 0 0 0 0 0 1 1 1 0 1 0 2 0 0 1
1 0 0 1 1 1 1 1 0 0 1 2 1 0 2 2 0 1 0 1 1 1 0 0 1 1 0 1 0 0 1 0 1 0 0 0 0 0 0 0 1 1 1 0 1 0 1 1 0 1
1 0 0 1 1 0 1 1 0 0 1 1 1 0 1 2 0 1 0 2 1 1 0 0 1 0 0 1 0 0 1 1 1 1 0 0 0 2 0 0 1 1 1 0 1 1 1 1 0 1
1 0 0 1 1 0 1 1 0 0 1 1 1 0 1 3 0 1 0 1 1 1 0 0 1 0 0 1 0 0 1 0 1 0 0 0 0 0 0 0 1 1 1 0 1 0 1 1 0 1
1 0 0 1 1 1 1 1 0 0 1 1 1 1 2 3 0 1 0 2 1 1 0 0 1 1 0 1 0 0 1 1 1 1 0 0 0 2 0 0 2 1 2 0 1 1 2 1 0 1
1 0 0 1 1 0 1 1 0 0 1 2 1 0 1 3 0 1 0 1 1 1 0 0 1 0 0 1 0 0 1 0 1 0 0 0 0 0 0 0 2 1 2 0 1 0 2 1 0 1
1 0 0 1 1 0 1 1 0 0 1 1 1 0 1 2 0 1 0 2 1 1 0 0 1 0 0 1 0 0 1 1 1 1 0 0 0 2 0 0 2 1 2 0 1 1 1 1 0 1
1 0 0 1 1 1 1 1 0 0 1 1 1 0 2 3 0 1 0 1 1 1 0 0 1 1 0 1 0 0 1 0 1 0 0 0 0 0 0 0 3 1 3 0 1 0 2 1 0 1
1 0 0 1 1 0 1 1 0 0 1 1 1 0 1 1 0 1 0 2 1 1 0 0 1 0 0 1 0 0 1 1 1 1 0 0 0 2 0 0 2 1 2 0 1 1 1 1 0 1
1 0 0 1 1 0 1 1 0 0 1 2 1 0 1 2 0 1 0 1 1 1 0 0 1 0 0 1 0 0 1 0 1 0 0 0 0 0 0 0 2 1 2 0 1 0 1 1 0 1
1 0 0 1 1 0 0 1 0 0 1 1 1 0 1 3 0 0 0 1 1 1 0 0 1 0 0 0 0 0 1 0 1 0 0 0 0 0 0 0 1 1 1 0 1 0 2 1 0 1
1 0 0 1 1 0 0 1 0 0 1 1 1 0 1 2 0 0 0 1 1 1 0 0 1 0 0 0 0 0 1 0 1 0 0 0 0 0 0 0 1 1 1 0 1 0 1 1 0 1
1 0 0 1 1 0 1 1 0 0 1 1 1 0 1 2 0 1 0 1 1 1 0 0 1 0 0 1 0 0 1 0 1 0 0 0 0 0 0 0 2 1 2 0 1 0 2 1 0 1
1 0 0 1 1 0 1 1 0 0 1 2 3 0 1 1 0 1 0 1 0 1 0 0 1 0 0 1 0 0 1 0 1 0 0 0 0 0 0 0 2 1 2 0 1 0 0 1 0 1
1 0 0 1 1 1 1 1 0 0 1 1 1 0 2 3 0 1 0 1 1 1 0 0 1 1 0 1 0 0 1 0 1 0 0 0 0 0 0 0 3 1 3 0 1 0 3 1 0 1
1 0 0 1 1 0 1 1 0 0 1 3 1 0 1 2 0 1 0 1 1 1 0 0 1 0 0 1 0 0 1 0 1 0 0 0 0 0 0 0 3 1 3 0 1 0 1 1 0 1
1 0 0 1 1 0 1 1 0 0 1 2 1 0 1 3 0 1 0 1 1 1 0 0 1 0 0 1 0 0 1 0 1 0 0 0 0 0 0 0 1 1 1 0 1 0 2 1 0 1
1 0 0 1 1 0 1 1 0 0 1 2 1 0 1 2 0 1 0 1 1 1 0 0 1 0 0 1 0 0 1 0 1 0 0 0 0 0 0 0 2 1 2 0 1 0 3 1 0 1
1 0 0 1 1 0 1 1 0 0 1 1 1 0 1 3 0 1 0 1 1 1 0 0 1 0 0 1 0 0 1 0 1 0 0 0 0 0 0 0 1 1 1 0 1 0 2 1 0 1
1 0 0 1 1 0 1 1 0 0 1 1 1 0 1 1 0 1 0 1 1 1 0 0 1 0 0 1 0 0 1 0 1 0 0 0 0 0 0 0 3 1 3 0 1 0 1 0 0 1
1 0 0 1 1 0 1 1 0 0 1 1 1 0 1 2 0 1 0 1 1 1 0 0 1 0 0 1 0 0 1 0 1 0 0 0 0 0 0 0 1 1 1 0 1 0 1 1 0 1
1 0 0 1 1 0 1 1 0 0 1 1 1 0 1 3 0 1 0 1 1 1 0 0 1 0 0 1 0 0 1 0 1 0 0 0 0 0 0 0 3 1 2 0 1 0 2 1 0 1
1 0 0 1 1 0 1 1 0 0 1 1 1 0 1 2 0 1 0 1 1 1 0 0 1 0 0 1 0 0 1 0 1 0 0 0 0 0 0 0 1 1 1 0 1 0 1 1 0 1
1 0 0 1 1 0 1 1 0 0 1 1 1 0 1 2 0 1 0 1 1 1 0 0 1 0 0 1 0 0 1 0 1 0 0 0 0 0 0 0 2 1 2 0 1 0 1 1 0 1
1 0 0 1 1 0 1 1 0 0 1 2 1 0 1 2 0 1 0 1 1 1 0 0 1 0 0 1 0 0 1 0 1 0 0 0 0 0 0 0 2 1 2 0 1 0 3 1 0 1
1 0 0 1 1 0 1 1 0 0 1 1 1 0 1 2 0 1 0 1 1 1 0 0 1 0 0 1 0 0 1 0 1 0 0 0 0 0 0 0 3 1 3 0 1 0 1 1 0 1
1 0 0 1 1 0 1 1 0 0 1 2 1 0 1 3 0 1 0 1 1 1 0 0 1 0 0 1 0 0 1 0 1 0 0 0 0 0 0 0 2 1 2 0 1 0 2 1 0 1
1 0 0 1 1 0 1 1 0 0 1 2 1 0 1 3 0 1 0 1 1 1 0 0 1 0 0 1 0 0 1 0 1 0 0 0 0 0 0 0 2 0 1 0 1 0 1 1 0 1
1 0 0 1 1 0 1 1 0 0 1 1 1 0 1 2 0 1 0 1 1 1 0 0 1 0 0 1 0 0 1 0 1 0 0 0 0 0 0 0 2 1 2 0 1 0 1 1 0 1
1 0 0 1 1 0 1 1 0 0 1 1 1 0 1 3 0 1 0 1 1 1 0 0 1 0 0 1 0 0 1 0 1 0 0 0 0 0 0 0 3 1 2 0 1 0 1 0 0 1
1 0 0 1 1 0 1 1 0 0 1 2 1 0 1 3 0 1 0 1 1 1 0 0 1 0 0 1 0 0 1 0 1 0 0 0 0 0 0 0 2 1 1 0 1 0 2 1 0 1
1 0 0 1 1 1 1 0 0 0 1 0 1 0 2 2 0 1 0 1 1 1 0 0 1 1 0 0 0 0 0 0 1 0 0 0 0 0 0 0 4 1 4 0 1 0 2 1 0 1
1 0 0 1 1 0 1 1 0 0 1 2 1 0 1 5 0 1 0 1 1 1 0 0 1 0 0 1 0 0 1 0 1 0 0 0 0 0 0 0 2 1 2 0 1 0 4 1 0 1
1 0 0 1 1 0 1 1 0 0 1 2 1 0 1 3 0 1 0 1 1 1 0 0 1 0 0 1 0 0 1 0 1 0 0 0 0 0 0 0 3 1 3 0 1 0 1 1 0 1
1 0 0 1 1 1 1 1 0 0 1 2 1 0 2 3 0 1 0 1 1 1 0 0 1 1 0 1 0 0 1 0 1 0 0 0 0 0 0 0 2 1 2 0 1 0 2 1 0 1
1 0 0 1 1 0 1 1 0 0 1 2 1 0 1 3 0 1 0 1 1 1 0 0 1 0 0 1 0 0 1 0 1 0 0 0 0 0 0 0 3 1 2 0 1 0 2 1 0 1
1 0 0 1 1 0 1 1 0 0 1 2 1 0 1 3 0 1 0 1 1 1 0 0 1 0 0 1 0 0 1 0 1 0 0 0 0 0 0 0 2 1 2 0 1 0 2 1 0 1
1 0 0 1 1 1 1 1 0 0 1 2 1 0 2 3 0 1 0 1 1 1 0 0 1 1 0 1 0 0 1 0 1 0 0 0 0 0 0 0 3 1 2 0 1 0 1 0 0 1
1 0 0 1 1 1 1 1 0 0 1 2 1 0 2 3 0 1 0 1 1 1 0 0 1 1 0 1 0 0 1 0 1 0 0 0 0 0 0 0 3 1 2 0 1 0 2 1 0 1
1 0 0 1 1 0 1 1 0 0 1 2 1 0 1 2 0 1 0 1 1 1 0 0 1 0 0 1 0 0 1 0 1 0 0 0 0 0 0 0 3 1 3 0 1 0 1 1 0 1
1 0 0 1 1 0 1 1 0 0 1 2 1 0 1 3 0 1 0 2 1 1 0 0 1 0 0 1 0 0 1 1 1 1 0 0 0 3 0 0 3 1 3 0 1 1 2 1 0 1
0 5 5 0 0 5 4 0 6 3 0 0 7 21 10 0 1 0 6 7 0 0 6 1 0 7 5 0 1 3 0 6 0 6 1 1 6 6 1 0 0 0 0 6 0 4 0 0 6 0
0 2 2 1 1 3 3 0 2 1 1 1 4 6 5 1 0 0 3 4 1 1 3 1 1 4 2 0 1 2 0 6 0 3 1 1 1 3 1 0 2 1 2 2 1 2 1 1 3 0
0 13 12 1 1 8 7 0 13 13 1 1 14 73 20 2 0 0 13 18 1 1 13 1 1 13 12 0 2 6 0 13 1 13 1 1 10 13 1 33 0 1 0 12 0 15 2 1 13 0
0 6 6 1 1 4 4 0 6 5 1 2 8 27 13 1 0 0 7 8 1 1 7 1 1 8 6 0 1 1 1 7 1 7 1 1 5 10 1 0 2 1 2 6 1 8 1 1 11 0
0 3 3 1 1 3 4 0 3 1 1 1 5 6 5 1 0 0 4 5 1 1 4 1 1 4 1 0 1 3 0 4 1 4 1 1 2 4 1 4 0 1 0 2 1 2 1 1 4 0
0 1 1 1 1 2 3 0 1 1 1 1 3 3 3 1 0 1 0 4 1 1 0 1 1 0 1 1 1 2 1 3 1 3 1 1 1 1 1 2 2 1 2 2 1 1 1 1 2 0
0 7 7 1 1 5 6 0 7 6 1 2 9 26 15 1 0 0 8 11 1 1 8 1 1 8 7 0 1 3 1 8 1 8 1 1 6 10 1 8 2 1 2 7 1 8 1 1 14 0
0 4 3 1 1 3 3 0 4 2 1 2 5 6 5 1 0 0 4 5 1 1 4 1 1 4 4 0 1 3 1 4 1 4 1 1 3 6 1 4 2 1 2 3 1 2 1 1 2 0
0 7 7 1 1 5 6 0 7 5 1 2 9 33 17 0 0 0 8 14 1 1 8 1 0 8 7 0 2 5 1 9 1 9 1 1 5 14 2 8 3 1 3 7 0 13 0 1 13 0
0 6 5 1 1 3 4 0 5 4 1 2 7 18 14 2 0 0 6 11 1 1 6 1 1 7 5 0 1 2 1 6 1 6 1 1 4 8 1 12 1 1 1 6 1 11 2 1 10 0
0 3 2 1 1 3 4 0 2 1 1 2 4 2 6 1 0 0 3 4 1 1 3 1 1 3 2 0 1 1 1 3 1 3 1 1 1 5 1 3 2 1 2 3 1 2 1 1 1 0
0 3 3 1 1 3 4 0 3 2 1 2 5 5 7 0 0 0 4 7 1 1 4 1 1 4 3 0 1 2 1 4 1 4 1 1 2 7 1 0 3 1 3 4 1 4 0 1 1 0
0 5 7 1 1 7 8 0 7 4 1 2 9 26 11 2 0 0 8 9 1 1 8 1 0 8 7 0 2 4 1 8 1 8 1 1 4 12 2 0 2 1 2 5 0 4 2 1 4 0
0 4 3 1 0 5 5 0 3 3 1 2 5 10 6 2 0 0 4 5 1 1 4 1 0 5 3 0 1 4 1 4 1 4 1 1 1 7 1 5 1 1 1 3 0 0 2 1 5 0
0 11 12 1 1 6 8 0 12 9 1 2 14 88 24 1 0 0 13 21 1 1 13 1 1 13 11 0 1 4 1 14 1 14 1 1 11 24 1 26 3 1 3 12 1 20 1 1 18 0
0 3 3 1 1 3 4 0 3 2 1 2 5 5 7 1 0 0 4 7 1 1 4 1 1 4 3 0 1 3 1 4 1 4 1 1 2 5 1 4 1 1 1 4 1 4 1 1 7 0
0 13 14 1 1 8 9 0 14 12 1 2 16 102 20 2 0 0 15 16 1 1 15 1 0 15 14 0 2 5 1 15 1 15 1 1 12 23 2 22 2 1 2 14 0 12 2 1 7 0
0 5 4 1 1 4 4 0 4 3 1 2 6 15 9 1 0 0 5 8 1 1 5 1 1 6 4 0 1 3 1 5 1 5 1 1 3 7 1 5 2 1 2 5 1 4 1 1 3 0
0 13 14 1 1 7 9 0 14 12 1 2 16 98 30 1 0 0 15 24 1 1 15 1 1 15 14 0 2 6 1 15 1 15 1 1 12 19 2 15 2 1 2 14 0 27 1 1 26 0
0 5 4 1 1 5 4 0 5 5 1 2 6 13 11 2 0 0 5 8 1 1 5 1 1 6 5 0 1 3 1 5 1 5 1 1 4 7 1 11 0 1 0 5 1 6 2 1 3 0
0 6 5 1 1 3 3 0 6 6 1 2 14 15 7 1 0 0 6 9 0 1 6 1 1 6 6 0 1 4 1 6 1 6 1 1 5 9 1 9 0 1 0 6 1 6 1 1 3 0
0 3 2 1 1 3 4 0 2 1 1 1 4 5 6 1 0 0 3 5 1 0 3 1 1 3 1 0 1 2 1 4 1 4 1 1 1 3 1 3 2 0 2 2 1 3 1 1 5 0
0 4 3 1 1 4 5 0 3 3 1 2 5 5 7 1 0 0 4 5 1 0 4 1 1 4 3 0 1 2 1 4 1 4 1 1 2 6 1 3 0 1 0 4 1 2 1 1 2 0
0 6 8 1 1 6 7 0 8 6 1 1 10 34 14 2 0 0 9 10 1 1 9 1 1 9 8 0 1 3 1 9 1 9 1 1 5 3 1 17 1 1 0 7 0 8 2 1 6 0
0 8 7 1 1 5 5 0 7 7 1 2 9 27 13 2 0 0 8 11 1 1 8 1 1 8 7 0 1 3 1 8 1 8 1 1 6 11 1 13 1 0 1 8 1 5 2 1 5 0
0 9 9 1 1 7 8 0 9 8 1 1 11 40 21 1 0 0 10 17 1 1 10 1 0 10 9 0 1 4 1 10 1 10 1 1 7 6 1 10 2 0 2 9 0 16 1 1 4 0
0 11 10 1 1 4 3 0 10 10 1 1 12 64 17 2 0 0 11 18 1 1 11 1 1 12 10 0 1 4 1 11 1 11 1 1 9 6 1 16 0 0 0 10 1 15 2 1 16 0
0 9 9 1 1 6 7 0 9 8 1 1 11 42 19 1 0 0 10 17 1 1 10 1 1 10 9 0 1 5 1 10 1 10 1 1 7 5 1 10 1 1 1 9 0 14 1 1 5 0
0 8 7 1 1 4 5 0 7 7 1 2 9 27 11 1 0 0 8 9 1 1 8 1 1 8 7 0 1 1 1 8 1 8 1 1 6 14 1 8 0 1 0 8 1 8 1 1 2 0
0 8 8 1 1 7 7 0 8 7 1 1 10 33 16 2 0 0 9 12 1 1 9 1 1 9 8 0 1 5 1 9 1 9 1 1 5 5 1 22 2 1 2 6 0 9 2 1 13 0
0 10 9 1 1 6 7 0 9 9 1 1 11 43 17 2 0 0 10 17 1 1 10 1 1 10 9 0 1 6 1 10 1 10 1 1 8 6 1 18 0 1 0 10 1 12 2 1 4 0
0 20 19 1 1 7 9 0 19 18 1 1 21 185 33 1 0 0 20 31 1 1 20 1 1 20 19 0 1 6 1 20 1 20 1 1 18 4 1 20 1 1 1 20 1 25 1 1 16 0
0 7 7 1 1 5 6 0 7 6 1 2 9 26 13 1 0 0 8 13 1 1 8 1 1 8 7 0 1 3 1 8 1 8 1 1 6 11 1 8 2 1 2 8 1 10 1 1 13 0
0 11 10 1 1 5 7 0 10 9 1 1 12 50 24 1 0 0 11 22 1 1 11 1 1 11 10 0 1 5 1 11 1 11 1 1 9 8 1 11 1 1 0 11 1 21 1 1 3 0
0 12 11 1 1 9 10 0 11 11 1 1 13 63 19 1 0 0 12 15 1 1 12 1 1 12 11 0 2 7 1 12 1 12 1 1 9 5 1 20 0 1 0 11 0 12 1 1 7 0
0 5 5 1 1 4 5 0 5 4 1 2 7 15 9 1 0 0 6 7 1 1 6 1 1 6 5 0 1 3 1 6 1 6 1 1 4 9 1 6 1 1 1 5 1 4 1 1 9 0
0 6 5 1 1 2 3 0 5 5 1 2 7 15 7 2 0 0 6 9 1 1 6 1 1 6 5 0 1 4 1 6 1 6 1 1 4 9 1 12 1 1 0 6 1 8 2 1 3 0
0 2 2 1 1 3 4 0 2 0 1 2 4 3 4 1 0 0 3 4 1 1 3 1 1 3 2 0 1 3 1 3 1 3 1 1 0 5 1 3 2 1 1 2 0 0 1 1 4 0
0 15 14 1 1 9 10 0 14 14 1 2 16 101 26 1 0 0 15 20 1 1 15 1 1 15 14 0 1 5 1 15 1 15 1 1 13 20 1 25 0 1 0 15 1 14 1 1 10 0
0 12 13 1 1 10 9 0 13 10 1 2 15 87 25 2 0 0 14 19 1 1 14 1 1 14 13 0 2 4 1 14 1 14 1 1 10 23 1 14 3 1 2 12 0 14 2 1 5 0
0 8 7 1 1 6 6 0 7 7 1 3 9 33 18 1 0 0 8 13 1 1 8 1 1 9 7 0 1 1 1 8 1 8 1 1 6 20 1 12 0 1 0 7 1 10 1 1 4 0
0 12 14 1 1 8 10 0 14 9 1 2 16 114 32 1 0 0 15 23 1 1 15 1 1 15 13 0 1 5 1 16 1 16 1 1 10 26 1 15 2 1 1 10 0 22 1 1 6 0
0 8 7 1 1 3 4 0 7 7 1 3 9 26 19 1 0 0 8 17 1 1 8 1 1 8 7 0 1 2 1 16 0 8 1 1 6 21 1 8 1 1 1 7 1 14 1 1 11 0
0 6 5 1 1 3 4 0 5 4 1 2 7 15 11 1 0 0 6 7 1 1 6 1 1 6 5 0 2 1 1 6 1 6 1 1 1 11 2 6 1 1 0 3 0 6 1 1 7 0
0 4 3 1 1 2 3 0 3 2 1 2 5 6 5 1 0 0 4 7 1 1 4 1 1 4 3 0 1 3 1 8 1 4 1 1 2 10 1 4 1 1 1 3 1 4 1 1 6 0
0 8 7 1 1 5 6 0 7 6 1 2 9 24 19 1 0 0 8 13 1 1 8 1 0 8 7 0 3 2 1 8 1 8 1 1 3 14 3 8 2 1 2 5 0 14 1 1 10 0
0 11 10 1 1 6 6 0 10 10 1 2 12 52 20 2 0 0 11 20 1 1 11 1 1 11 10 0 1 3 1 11 1 11 1 1 9 21 1 17 0 1 0 10 1 13 2 1 23 0
0 11 11 1 1 9 11 0 11 10 1 2 13 62 23 1 0 0 12 15 1 1 12 1 1 12 11 0 2 5 1 12 1 12 1 1 8 28 2 12 3 1 3 10 0 13 1 1 20 0
0 0 0 0 0 2 2 0 0 0 0 0 2 1 3 0 1 0 1 2 0 0 1 0 0 2 0 0 1 1 0 2 0 1 1 1 0 0 1 0 0 0 0 1 0 0 0 0 0 0
0 0 0 0 0 0 0 0 0 0 0 0 2 0 1 0 1 0 0 1 0 0 0 0 0 0 0 0 1 0 0 0 0 0 0 0 0 0 1 0 0 0 0 0 0 0 0 0 0 0
0 1 1 0 0 1 2 0 1 1 0 0 6 0 3 0 1 0 2 3 0 0 4 1 0 2 1 0 1 1 0 4 0 2 1 1 1 0 1 0 0 0 0 2 0 2 0 0 0 0
0 1 0 0 0 2 3 0 1 0 0 0 4 1 3 0 1 0 3 3 0 0 3 1 0 3 1 0 1 2 0 2 0 2 1 1 1 0 1 2 0 0 0 2 0 0 0 0 0 0
0 2 1 0 0 3 2 0 3 1 0 0 5 9 5 0 1 0 4 3 0 0 6 1 0 4 3 0 1 1 0 5 0 4 1 1 3 0 1 3 0 0 0 4 0 3 0 0 0 0
0 0 0 0 0 0 1 0 0 0 0 0 2 0 1 0 1 0 0 1 0 0 0 0 0 0 0 0 0 0 0 0 0 0 0 0 0 0 0 0 0 0 0 0 0 0 0 0 0 0
0 0 0 0 0 1 2 0 0 0 0 0 2 0 2 0 1 0 1 2 0 0 1 1 0 1 0 0 1 1 0 1 0 1 1 1 0 1 1 0 0 0 0 0 0 0 0 0 0 0
0 0 0 0 0 0 1 0 0 0 0 0 1 0 1 0 1 0 0 1 0 0 0 0 0 0 0 0 0 0 0 0 0 0 0 0 0 0 0 0 0 0 0 0 0 0 0 0 0 1
0 0 0 0 0 1 1 0 0 0 0 0 1 0 2 0 1 0 0 1 0 0 0 0 0 1 0 0 0 0 0 0 0 0 0 0 0 0 0 0 0 0 0 0 0 0 0 0 0 0
0 0 0 0 0 0 1 0 0 0 0 0 2 0 1 0 1 0 0 2 0 0 0 0 0 0 0 0 0 0 0 2 0 1 0 0 0 0 0 0 0 0 0 0 0 1 0 0 0 0
0 2 1 0 0 0 2 0 1 1 0 0 3 1 3 0 1 0 2 3 0 0 4 1 0 2 1 0 1 0 0 2 0 2 1 1 1 0 1 2 0 0 0 2 0 1 0 0 0 0
0 0 0 0 0 2 2 0 0 0 0 0 3 1 3 0 1 0 1 2 0 0 1 1 0 3 0 0 1 1 0 1 0 1 0 0 0 0 1 1 0 0 0 1 0 0 0 0 0 2
0 2 4 0 0 4 5 0 5 3 0 0 7 12 17 0 1 0 5 9 0 0 5 1 0 5 2 0 1 1 0 6 0 6 1 1 5 4 1 5 0 0 0 2 0 10 0 0 0 0
0 0 0 0 0 1 1 0 0 0 0 0 1 1 2 0 1 0 0 2 0 0 0 0 0 1 0 0 0 0 0 2 0 1 0 0 0 0 0 0 0 0 0 0 0 1 0 0 0 0
0 3 2 0 0 2 3 0 2 2 0 0 4 1 8 0 1 0 3 6 0 0 6 1 0 3 0 0 1 2 0 3 0 3 1 1 2 3 1 0 0 0 0 0 0 6 0 0 0 0
0 0 0 0 0 1 2 0 0 0 0 0 3 1 2 0 1 0 1 3 0 0 1 1 0 1 0 0 1 1 0 5 0 2 0 0 0 0 1 1 0 0 0 1 0 1 0 0 0 0
0 0 0 0 0 0 1 0 0 0 0 0 1 0 1 0 1 0 0 1 0 0 0 0 0 0 0 0 0 0 0 0 0 0 0 0 0 0 0 0 0 0 0 0 0 0 0 0 0 1
0 2 2 0 0 4 4 0 4 2 0 0 7 14 9 0 1 0 8 6 0 0 8 1 0 10 4 0 1 3 0 5 0 5 1 1 4 2 1 5 0 0 0 5 0 6 0 0 3 1
0 0 0 0 0 0 1 0 0 0 0 0 1 0 1 0 1 0 0 1 0 0 0 0 0 0 0 0 0 0 0 0 0 0 0 0 0 0 0 0 0 0 0 0 0 0 0 0 0 0
0 0 0 0 0 1 2 0 0 0 0 0 3 0 2 0 1 0 1 2 0 0 1 1 0 1 0 0 1 1 0 5 0 1 0 0 0 0 1 1 0 0 0 1 0 0 0 0 0 0
0 0 0 0 0 1 2 0 0 0 0 0 4 0 2 0 0 0 1 2 0 0 1 1 0 1 0 0 1 1 0 1 0 1 1 1 0 0 1 0 0 0 0 1 0 0 0 0 0 0
0 0 0 0 0 1 2 0 0 0 0 0 2 0 2 0 1 0 1 2 0 0 1 1 0 1 0 0 1 1 0 1 0 1 1 0 0 0 1 1 0 0 0 1 0 0 0 0 0 2
0 1 2 0 0 3 3 0 3 1 0 0 5 4 9 0 1 0 4 7 0 0 7 1 0 4 3 0 1 1 0 4 0 4 1 1 3 0 1 4 0 0 0 4 0 5 0 0 0 1
0 0 0 0 0 0 1 0 0 0 0 0 1 0 1 0 1 0 0 1 0 0 0 0 0 0 0 0 0 0 0 0 0 0 0 0 0 0 0 0 0 0 0 0 0 0 0 0 0 0
0 2 2 0 0 3 4 0 2 1 0 0 4 2 6 0 1 0 3 4 0 0 3 1 0 3 2 0 1 1 0 3 0 3 1 1 2 0 1 3 0 0 0 3 0 2 0 0 0 0
0 0 0 0 0 1 2 0 0 0 0 0 2 0 2 0 1 0 1 2 0 0 1 1 0 1 0 0 1 1 0 1 0 1 1 0 0 0 1 0 0 0 0 1 0 0 0 0 0 2
0 0 0 0 0 0 0 1 0 0 0 0 1 0 1 0 1 0 0 1 0 0 0 0 0 0 0 0 1 0 0 0 0 0 0 0 0 0 0 0 0 0 0 0 0 0 0 0 0 1
0 0 0 0 0 1 2 0 1 0 0 0 4 0 5 0 1 0 2 3 0 0 2 1 0 2 1 0 1 0 0 2 0 2 0 0 1 0 1 0 0 0 0 2 0 2 0 0 0 2
0 1 2 0 0 2 3 0 2 1 0 0 4 3 4 0 1 0 3 4 0 0 3 1 0 3 0 0 1 2 0 3 0 3 1 1 2 2 1 3 0 0 0 2 0 0 0 0 1 0
0 1 0 0 0 2 3 0 1 0 0 0 4 2 5 0 1 0 2 4 0 0 2 1 0 2 1 0 1 1 0 4 0 3 1 0 1 0 1 0 0 0 0 2 0 3 0 0 0 1
0 1 0 0 0 1 2 0 0 0 0 0 2 0 2 0 1 0 1 2 0 0 1 1 0 1 0 0 1 1 0 1 0 1 1 1 0 0 1 1 0 0 0 1 0 0 0 0 0 0
0 1 0 0 0 1 2 0 0 0 0 0 3 1 2 0 1 0 2 3 0 0 2 1 0 2 0 0 1 1 0 3 0 2 1 1 0 0 1 1 0 0 0 1 0 1 0 0 0 0
0 0 0 0 0 1 3 0 0 0 0 0 3 1 5 0 1 0 1 3 0 0 1 1 0 1 0 0 1 1 0 2 0 2 1 1 0 0 1 1 0 0 0 1 0 2 0 0 0 0
0 1 0 0 0 2 3 0 1 0 0 0 5 1 3 0 1 0 4 3 0 0 3 1 0 4 1 0 1 2 0 3 0 2 1 0 1 0 1 2 0 0 0 2 0 0 0 0 0 2
0 0 0 0 0 0 1 0 0 0 0 0 2 0 2 0 1 0 1 2 0 0 2 1 0 1 0 0 1 0 0 1 0 1 1 1 0 0 1 2 0 0 0 1 0 0 0 0 0 0
0 0 0 0 0 2 2 0 0 0 0 0 2 1 3 0 1 0 1 2 0 0 1 1 0 2 0 0 1 1 0 1 0 1 1 1 0 0 1 1 0 0 0 1 0 0 0 0 0 0
0 1 0 0 0 1 2 0 0 0 0 0 2 0 2 0 1 0 1 2 0 0 2 1 0 1 0 0 1 1 0 1 0 1 1 1 0 0 1 2 0 0 0 1 0 0 0 0 0 0
0 2 0 0 0 2 3 0 1 0 0 0 4 3 3 0 1 0 3 4 0 0 3 1 0 3 1 0 1 2 0 4 0 3 1 1 1 0 1 2 0 0 0 2 0 1 0 0 0 0
0 0 0 0 0 2 3 0 1 0 0 0 3 1 3 0 1 0 2 3 0 0 3 1 0 2 1 0 1 2 0 2 0 2 1 1 1 0 1 0 0 0 0 2 0 0 0 0 0 1
0 0 0 0 0 1 2 0 0 0 0 0 3 0 2 0 1 0 1 2 0 0 1 1 0 1 0 0 1 1 0 1 0 1 0 0 0 0 1 1 0 0 0 1 0 0 0 0 0 2
0 0 0 0 0 1 2 0 0 0 0 0 2 0 2 0 1 0 1 2 0 0 2 1 0 1 0 0 1 1 0 1 0 1 1 1 0 0 1 0 0 0 0 1 0 0 0 0 0 0
0 0 0 0 0 0 3 0 1 0 0 0 10 3 6 0 1 0 4 4 0 0 4 1 0 4 1 0 1 0 0 5 0 3 0 0 1 0 1 2 0 0 0 2 0 3 0 0 0 1
0 1 0 0 0 1 2 0 0 0 0 0 2 0 2 0 1 0 1 2 0 0 1 1 0 1 0 0 1 1 0 1 0 1 1 1 0 0 1 1 0 0 0 1 0 0 0 0 0 0
0 1 0 0 0 3 4 0 2 0 0 0 8 5 6 0 1 0 4 5 0 0 4 1 0 4 2 0 1 2 0 8 0 4 1 1 2 4 1 3 0 0 0 2 0 3 0 0 0 1
0 2 1 0 0 1 1 0 1 1 0 0 6 0 3 0 1 0 2 3 0 0 2 1 0 2 1 0 1 0 0 4 0 2 1 1 1 0 1 2 0 0 0 2 0 1 0 0 2 0
0 5 4 0 0 3 4 0 4 4 0 0 7 7 14 0 1 0 10 8 0 0 10 1 0 10 4 0 1 1 0 5 0 5 1 1 4 0 1 10 0 0 0 5 0 10 0 0 0 0
0 0 0 0 0 0 1 0 0 0 0 0 1 0 1 0 1 0 0 1 0 0 0 0 0 0 0 0 0 0 0 0 0 0 0 0 0 0 0 0 0 0 0 0 0 0 0 0 0 1
0 2 1 0 0 4 4 0 2 1 0 0 5 6 4 0 1 0 5 2 0 0 5 1 0 7 2 0 1 3 0 3 0 3 1 1 2 0 1 3 0 0 0 3 0 0 0 0 0 1
0 4 4 0 0 4 5 0 4 3 0 0 12 8 10 0 1 0 5 8 0 0 5 1 0 5 4 0 1 2 0 10 0 5 1 1 4 0 1 5 0 0 0 5 0 6 0 0 0 0
0 1 0 0 0 1 2 0 1 0 0 0 4 1 3 0 1 0 2 3 0 0 4 1 0 2 0 0 1 1 0 2 0 2 0 0 1 2 1 2 0 0 0 0 0 0 0 0 2 1
0 6 5 0 0 4 3 0 6 5 0 0 7 19 10 0 1 0 6 7 0 0 6 1 0 7 2 0 1 2 0 6 0 6 1 1 6 8 1 11 0 0 0 3 0 6 0 0 16 0
0 9 8 0 0 4 4 0 8 7 0 0 10 42 17 0 1 0 9 16 0 0 9 1 0 10 5 0 1 4 0 9 0 9 1 1 8 12 1 15 0 0 0 7 0 14 0 0 15 0
0 5 5 0 0 6 6 0 5 3 0 0 7 21 10 0 1 0 6 7 0 0 12 1 0 7 3 0 1 4 0 6 0 6 1 1 5 10 1 6 0 0 0 5 0 2 0 0 8 0
0 6 5 0 0 5 5 0 5 4 0 0 7 21 10 0 1 0 6 9 0 0 6 1 0 7 5 0 1 4 0 6 0 6 1 1 5 6 1 9 0 0 0 6 0 4 0 0 12 0
0 4 3 0 0 4 3 0 4 4 0 0 5 10 8 0 1 0 4 5 0 0 4 1 0 5 3 0 1 2 0 4 0 4 1 1 4 8 1 6 0 0 0 4 0 2 0 0 8 0
0 9 8 0 0 5 6 0 9 7 0 0 10 43 19 0 1 0 9 14 0 0 9 1 0 10 5 0 0 5 0 9 0 9 1 1 9 11 0 9 0 0 0 6 0 12 0 0 16 0
0 6 5 0 0 6 6 0 5 4 0 0 7 20 12 0 1 0 6 7 0 0 6 1 0 7 3 0 1 3 0 6 0 6 1 1 5 8 1 12 0 0 0 4 0 4 0 0 10 0
0 6 5 0 0 6 6 0 5 4 0 0 7 26 12 0 1 0 6 8 0 0 6 1 0 7 1 0 1 3 0 7 0 8 1 1 5 10 1 11 0 0 0 3 0 7 0 0 11 0
0 6 5 0 0 6 7 0 5 4 0 0 7 14 9 0 1 0 6 7 0 0 6 1 0 6 1 0 1 5 0 6 0 6 1 1 5 8 1 6 0 0 0 3 0 2 0 0 10 0
0 6 6 0 0 5 5 0 7 5 0 0 8 34 17 0 1 0 7 13 0 0 7 1 0 8 2 0 1 2 0 8 0 9 1 1 7 13 1 11 0 0 0 4 0 9 0 0 11 0
0 3 3 0 0 2 3 0 3 2 0 0 5 10 6 0 1 0 4 5 0 0 4 1 0 5 3 0 1 2 0 8 0 16 1 1 3 8 1 4 0 0 0 4 0 3 0 0 4 0
0 7 8 0 0 5 5 0 8 6 0 0 10 43 15 0 1 0 9 12 0 0 9 1 0 10 5 0 1 3 0 9 0 9 1 1 8 27 1 11 0 0 0 5 0 8 0 0 17 0
0 5 4 0 0 3 4 0 4 4 0 0 12 9 10 0 1 0 5 8 0 0 5 1 0 5 3 0 1 2 0 5 0 5 1 1 4 8 1 7 0 0 0 4 0 4 0 0 7 0
0 14 14 0 0 7 7 0 15 14 0 0 16 99 30 0 1 0 15 26 0 0 15 1 0 15 12 0 1 4 0 15 0 15 1 1 15 19 1 26 0 0 0 12 0 24 0 0 26 0
0 8 7 0 0 6 7 0 7 6 0 0 18 25 15 0 1 0 8 11 0 0 8 1 0 8 7 0 1 3 0 16 0 8 1 1 7 8 1 10 0 0 0 8 0 8 0 0 8 0
0 5 5 0 0 4 4 0 5 4 0 0 7 28 8 0 1 0 6 8 0 0 6 1 0 7 3 0 1 4 0 7 0 7 1 1 5 11 1 10 0 0 0 4 0 7 0 0 10 0
0 8 8 0 0 4 5 0 8 7 0 0 10 33 20 0 1 0 9 18 0 0 9 1 0 9 8 0 1 3 0 9 0 9 1 1 8 9 1 14 0 0 0 9 0 16 0 0 0 0
0 7 6 0 0 5 5 0 6 5 0 0 8 26 12 0 1 0 7 11 0 0 7 1 0 7 3 0 1 5 0 8 0 8 1 1 6 9 1 12 0 0 0 4 0 8 0 0 7 0
0 7 6 0 0 6 6 0 6 5 0 0 8 27 13 0 1 0 7 8 0 0 7 1 0 8 3 0 1 3 0 7 0 7 1 1 6 5 1 7 0 0 0 4 0 6 0 0 1 0
0 9 8 0 0 6 6 0 8 7 0 0 10 42 19 0 1 0 9 16 0 0 9 1 0 10 4 0 1 4 0 9 0 9 1 1 8 9 1 9 0 0 0 5 0 14 0 0 0 0
0 16 15 0 0 7 7 0 15 14 0 0 17 114 31 0 1 0 16 27 0 0 16 1 0 16 15 0 1 5 0 16 0 16 1 1 15 0 1 23 0 0 0 16 0 23 0 0 0 0
0 10 13 0 0 6 7 0 13 10 0 0 15 101 28 0 1 0 14 25 0 0 14 1 0 15 13 0 1 2 0 14 0 14 1 1 13 0 1 21 0 0 0 14 0 25 0 0 0 0
0 10 9 0 0 6 7 0 9 9 0 0 11 45 13 0 1 0 10 11 0 0 10 1 0 10 9 0 1 5 0 10 0 10 1 1 9 0 1 28 0 0 0 10 0 8 0 0 0 0
0 4 3 0 0 4 4 0 3 2 0 0 5 9 8 0 1 0 4 5 0 0 4 1 0 5 3 0 1 3 0 8 0 4 1 1 3 0 1 6 0 0 0 4 0 4 0 0 4 0
0 5 4 0 0 4 5 0 4 4 0 0 6 9 8 0 1 0 5 6 0 0 5 1 0 5 4 0 1 2 0 5 0 5 1 1 4 0 1 7 0 0 0 5 0 4 0 0 0 0
0 9 8 0 0 8 8 0 8 8 0 0 20 43 17 0 1 0 9 12 0 0 9 1 0 10 5 0 1 5 0 9 0 9 1 1 8 15 1 12 0 0 0 7 0 8 0 0 3 0
0 7 6 0 0 5 5 0 7 6 0 0 8 20 8 0 1 0 7 8 0 0 7 1 0 7 4 0 1 4 0 7 0 7 1 1 7 17 1 9 0 0 0 4 0 4 0 0 11 0
0 13 12 0 0 3 4 0 12 12 0 0 28 88 21 0 1 0 13 22 0 0 13 1 0 15 10 0 1 3 0 13 0 26 1 1 12 24 1 15 0 0 0 10 0 15 0 0 15 0
0 11 11 0 0 5 6 0 11 10 0 0 13 61 25 0 1 0 12 19 0 0 12 1 0 12 9 0 1 3 0 12 0 12 1 1 11 26 1 12 0 0 0 11 0 18 0 0 22 0
0 17 17 0 0 10 10 0 17 16 0 0 19 166 36 0 1 0 18 29 0 0 18 1 0 19 11 0 1 5 0 18 0 18 1 1 17 21 1 18 0 0 0 11 0 26 0 0 33 0
0 9 9 0 0 6 7 0 9 8 0 0 11 43 13 0 1 0 10 11 0 0 10 1 0 10 3 0 1 5 0 20 0 10 1 1 9 13 1 17 0 0 0 4 0 6 0 0 17 0
0 4 4 0 0 5 6 0 4 3 0 0 6 8 10 0 1 0 5 6 0 0 5 1 0 5 0 0 1 1 0 5 0 5 1 1 4 9 1 10 0 0 0 1 0 4 0 0 11 0
0 12 11 0 0 3 7 0 11 11 0 0 13 61 25 0 1 0 12 19 0 0 12 1 0 12 10 0 1 1 0 12 0 12 1 1 11 21 1 15 0 0 0 11 0 19 0 0 15 0
0 5 4 0 0 3 4 0 4 3 0 0 6 10 6 0 1 0 5 6 0 0 5 1 0 5 0 0 1 4 0 5 0 5 1 1 4 13 1 6 0 0 0 1 0 4 0 0 7 0
0 13 12 0 0 6 6 0 12 12 0 0 14 74 24 0 1 0 13 18 0 0 13 1 0 13 8 0 1 4 0 13 0 0 1 1 12 21 1 22 0 0 0 9 0 13 0 0 31 0
0 10 9 0 0 5 7 0 9 9 0 0 11 42 21 0 1 0 10 13 0 0 10 1 0 10 4 0 1 2 0 10 0 10 1 1 9 18 1 16 0 0 0 5 0 13 0 0 22 0
0 10 9 0 0 7 8 0 9 9 0 0 11 41 21 0 1 0 10 15 0 0 10 1 0 10 8 0 1 3 0 10 0 10 1 1 9 15 1 15 0 0 0 8 0 10 0 0 15 0
0 2 1 0 0 2 3 0 1 1 0 0 3 0 5 0 1 0 2 3 0 0 2 1 0 2 0 0 1 1 0 2 0 2 1 1 1 2 1 4 0 0 0 0 0 2 0 0 6 0
0 12 11 0 0 5 6 0 11 11 0 0 13 60 21 0 1 0 12 19 0 0 12 1 0 12 8 0 1 2 0 24 0 12 1 1 11 14 1 23 0 0 0 8 0 18 0 0 34 0
0 16 15 0 0 7 9 0 15 14 0 0 17 113 39 0 1 0 16 27 0 0 16 1 0 16 4 0 1 5 0 16 0 16 1 1 15 22 1 29 0 0 0 6 0 31 0 0 42 0
0 11 10 0 0 7 8 0 10 10 0 0 12 54 18 0 1 0 11 12 0 0 11 1 0 11 8 0 1 4 0 22 0 11 1 1 10 26 1 16 0 0 0 7 0 10 0 0 16 0
0 9 8 0 0 7 8 0 8 8 0 0 10 32 20 0 1 0 9 14 0 0 9 1 0 9 4 0 1 3 0 9 0 9 1 1 8 13 1 14 0 0 0 5 0 12 0 0 14 0
0 5 5 0 0 3 4 0 5 4 0 0 7 15 7 0 1 0 6 7 0 0 6 1 0 6 3 0 1 5 0 6 0 6 1 1 5 13 1 10 0 0 0 4 0 6 0 0 4 0
0 5 5 0 0 5 5 0 5 3 0 0 7 12 13 0 1 0 6 9 0 0 6 1 0 6 4 0 1 1 0 6 0 6 1 1 5 11 1 7 0 0 0 5 0 7 0 0 7 0
0 8 7 0 0 6 7 0 7 7 0 0 9 27 13 0 1 0 8 11 0 0 8 1 0 8 6 0 1 4 0 16 0 8 1 1 7 8 1 11 0 0 0 7 0 6 0 0 0 0
0 6 6 0 0 5 6 0 6 4 0 0 8 20 10 0 1 0 7 10 0 0 7 1 0 7 3 0 1 5 0 7 0 7 1 1 6 10 1 14 0 0 0 4 0 6 0 0 11 0
0 16 16 0 0 9 9 0 16 15 0 0 18 149 25 0 1 0 17 24 0 0 17 1 0 18 9 0 1 6 0 34 0 17 1 1 16 25 1 30 0 0 0 8 0 18 0 0 43 0
0 9 9 0 0 4 4 0 9 9 0 0 11 38 25 0 1 0 10 25 0 0 10 1 0 10 7 0 1 2 0 10 0 10 1 1 9 18 1 12 0 0 0 8 0 23 0 0 12 0
0 9 9 0 0 4 6 0 9 8 0 0 11 44 19 0 1 0 10 15 0 0 10 1 0 10 6 0 1 2 0 10 0 10 1 1 9 15 1 15 0 0 0 6 0 11 0 0 15 0
0 22 21 0 0 10 9 0 21 21 0 0 23 219 35 0 1 0 22 39 0 0 22 1 0 22 9 0 1 5 0 22 0 22 1 1 21 42 1 34 0 0 0 10 0 30 0 0 46 0