109
153
114
73
154
170
168
134
152
125
91
8
149
4
132
142
119
23
158
63
200
54
90
167
27
42
38
76
192
145
193
166
43
33
77
68
124
127
112
13
79
176
78
179
162
22
196
50
30
69
135
59
148
146
97
62
46
100
6
94
56
17
190
141
65
51
75
20
57
93
108
115
31
89
44
9
186
37
185
87
61
66
172
26
201
86
128
169
35
81
198
16
111
52
104
15
40
5
202
113
139
98
11
204
12
55
133
164
21
110
138
208
173
147
58
74
2
116
131
156
165
206
157
121
32
195
84
187
151
107
194
48
3
118
64
150
96
47
102
191
24
41
18
39
29
103
14
163
117
161
180
45
25
101
140
189
159
137
207
83
181
184
171
123
188
160
126
34
88
178
92
19
183
120
36
10
122
28
155
60
199
136
82
143
67
205
174
99
106