91
131
21
18
87
27
92
151
157
89
85
14
134
114
33
108
12
8
126
42
20
36
116
39
62
88
100
115
9
30
48
55
120
133
140
81
25
105
80
75
155
32
117
69
158
94
64
112
137
44
124
4
28
40
98
17
45
154
67
24
95
93
54
156
63
147
77
99
104
113
110
61
136
97
135
130
46
74
106
146
102
51
152
5
60
148
23
159
59
101
96
47
139
66
52
121
79
145
141
123
109
119
38
29
138
50
34
13
58
118
49
122
10
0
43
1
3
84
90
41
128
143
57
111
37
53
153
73
72
71
129
103
70
19
149
6
15
144
26
127
86
125
142
76