291.9486256175905 309.45920571215845
275.31981403451516 346.79677045785763
269.5180884467683 328.1478325389336
262.8668864653743 277.69047516974723
242.84974778656863 254.9568590958086
332.2453912396679 352.1306575690336
294.77279385994905 325.88955184233816
268.44552520017913 338.6030123906165
335.79160203912187 326.6511901095724
248.97791066678988 266.11087914626864
353.04390661785965 352.96883715138364
338.15972557358157 341.9868418521391
315.60576674072354 334.73272920346466
277.3265223522626 332.2875260975049
303.34304013772925 288.3643528593644
248.4190008835878 299.62142780515546
319.7936834898401 345.6862739537108
334.12422839417076 318.7036240772922
251.5909378336191 282.4092774680039
326.59454986266996 305.2916638233019
335.1566797782792 364.19637559975797
390.99872122553035 380.1091948374835
322.0108693817648 351.857925873498
356.08566385070884 354.8210816735669
252.71327626383226 258.949802085269
273.96715131562763 320.79432663312485
302.84484476378327 346.62660024874026
416.5741230561495 414.3899130046483
358.3182942580521 370.24451380135264
291.6041837834293 274.12405950591057
295.6349099818897 314.1862504948299
259.89805693771547 319.6122650963195
349.67413401622946 338.74916974068
289.16258402497374 349.665554494577
235.16164653276266 316.0949224521014
414.3223382826468 398.3214782057327
301.66537752947386 311.24106412875534
405.68707152188125 432.56791374303293
346.6381398519211 331.7755265235819
442.2646266659815 436.1318607944162
302.7094316337038 369.7458586651107
367.119871431662 372.04569611809785
489.52528024607676 490.12243368366643
286.5606393069362 321.1354854263228
311.1301978272119 333.44414824674914
375.6407858579789 364.6052660069517
289.82235938588315 320.96417245543154
325.64551278959766 303.47322781425055
353.90676738372775 349.19192430524504
335.71863219070815 363.0647325202491
315.90030072793536 284.54525123431597
305.85944484354246 313.6606446464076
304.8261799780327 362.2568149807537
358.50523008737264 357.9036183108519
335.08954027244715 362.6430752130806
261.5912842584783 306.72952254388554
278.5821243367923 327.25066844851517
295.1135374732918 355.7962900312481
296.57208230040806 270.28503473185486
280.59223082615813 324.6120761770886
257.0719743573772 232.8712090405338
371.3717813727909 415.2637715958376
336.37330452935765 300.0599940011997
262.7964992156478 310.13061764359867
283.7727964410965 349.64267474094174
298.9013215092901 354.37127423085525
264.6393772664983 251.46570342692857
250.3697266044759 307.001628660175
252.1725599663849 253.82671254223814
421.978672446843 383.0365517806362
339.32285510999696 354.37973982720854
321.70017096669375 368.7112691524359
269.4958255706385 272.3288453322563
379.1714651711017 347.4967625748476
244.1986895951737 283.6829215867603
320.47620816528644 277.0523416251882
382.6199158433863 437.54199798419353
333.5356052957465 297.99496640044106
214.23818520515897 288.73690446494714
358.26247361396923 355.15489578492367
446.19054225745305 456.741721326178
276.34036983401467 337.63441767687135
336.4238398211399 363.2574844376919
313.0463224508475 356.09128043241947
321.14638406807575 391.6886518652283
264.78670661496585 317.1356176779896
226.34045153264142 289.1210819016835
336.7239225240761 350.6536752980068
319.8640336142843 359.7554725087584
292.982934656611 295.8276525276162
280.59757661106056 331.94276615103394
321.65820368832505 320.41691590800883
353.74425790392695 301.4299255216708
276.43082317281477 341.69723440496267
258.9246994784391 309.03236076501764
291.1322723436892 315.2792413083995
281.28277586798663 310.15641215361
295.74820371390257 340.73450074801644
275.95289453093255 300.05499495925744
305.0606497075623 243.0658347032754
233.82685902179844 313.0878470972644
264.7659343646761 288.5168972521367
289.394194827747 318.30802691732424
298.65197136466384 332.0933603672317
365.9070920329367 427.7721356049269
226.9295044722039 274.0802802100144
310.22733599732953 340.5466194223634
348.1982194095771 378.21819099562094
280.7026896914242 241.5636562068061
328.60614723404063 352.72227034878307
351.28763143612105 343.62188521687614
373.8930328315841 373.3617548705277
282.57565358678727 280.8629559055448
390.18200881127257 355.29283696691664
277.35176220821097 265.9605233864605
299.0819285747636 265.3544798943481
334.6102210034834 339.3036987714693
388.5357126442819 410.96593532797823
253.2706062692629 318.8087200814934
322.37865934332564 316.1154852265229
277.5031531352392 334.8895340257739
280.54054965369977 303.8683925649392
266.17475462560304 278.22293219646724
275.85503439306666 330.85495311389855
269.462427807663 282.8939730711844
301.16606714568627 226.11059240999745
385.55414665128427 385.59434643158346
264.9377285325742 297.03030148454553
287.947911956312 356.60762751236825
289.3751889848195 263.4141226282296
301.83936125031806 325.4228019054596
272.06616842231597 337.76175035074647
298.4526763156933 310.5012077271198
319.50117370676435 367.3227463689119
291.71732893333575 297.8489550090784
369.7566767483719 375.84970400414045
298.9381206872084 359.7513029858266
251.45377308761942 256.68268348293384
269.88330811667475 325.12459150301135
319.2397218392473 288.2238713222761
337.71733742880303 350.48537772637536
389.92178702914254 360.9709129556009
314.1798847794047 258.40278636268613
402.838677388356 433.988479109757
393.4234360075668 409.4984737456295
418.08731145539446 457.8733449328537
407.59538760883936 399.9137406991663
398.80446336519356 395.4263521820467
303.0610499552854 316.3020708120641
340.5260636133452 372.1787205093811
332.83329160407015 300.96677557497935
352.12923763868287 380.1184026063458
300.99501657004225 318.76166645316687
339.48343111262443 308.53200806399326
408.3662571760796 387.68801890179685
370.47941913148156 381.9266945370538
265.24516960728994 337.4077651744251
253.38705570727168 320.95482548171793
355.27594908746636 358.4940724754037
347.93102764772215 346.86164388701155
356.79686097273895 362.412748120151
255.46624043109884 312.92810675936414
298.23815986556787 348.15657397211385
280.77393041377616 324.0354918832195
398.2499215316935 365.5680511204446
283.5066136794696 360.686844783671
317.82542377852656 361.2007751929666
372.58019271024057 381.2597539735869
360.1235898965798 384.8142409007234
413.6737845210885 429.31689927138905
258.6600085053737 317.02681274617765
208.18261214616365 293.5080918816379
345.521345216182 386.44275125819087
0.0 277.8434811184167
334.47122447230043 364.21696830323543
266.7058304574536 329.2157347393955
322.4344894703419 311.8380990193469
295.8462438497403 347.04754717473514
297.124553007657 318.4744887742188
264.31609863948887 338.3577987870237
291.51672336248566 330.9184189494444
247.81242906682465 320.7117085483472
346.5544690232691 383.7277680856573
255.99414055794324 317.62556572165283
340.20288064624026 385.7084391091281
309.84189516590556 345.9667614092429
328.4980974069713 393.66229181876184
340.00588230205665 385.43092766408876
386.12951195162486 416.6881327803805
329.8954379799757 351.3772901028181
309.3460845073039 345.039128215917
258.30214865540705 312.9201176019209
278.2247293106779 322.84051790319006
235.55041923121257 282.51194665004874
367.71048394083084 345.5893516878088
260.4131333093629 278.09350945320534
309.8564183617954 281.1689883326396
375.25591267826815 361.36408233248636
296.9191809230249 241.51604501564694
294.40448366150946 342.67039556985367
411.5774532211404 418.7541044574966
392.6308699019984 391.98469357871613
289.3786446854709 281.6753450339593
323.8950447289986 327.95883888073513
265.4675121366078 258.5536694769579
344.4706083252967 311.4369920224635
267.00561791842506 265.674613013739
258.3621489305274 246.3818175109519
335.1909903323775 328.9103221244356
271.0461215365385 259.43978106682096
292.5525593803616 260.8601157708859
298.18282982090034 340.769716964404
293.34109838207127 264.50330810785715
295.3066203118379 270.6972478618872
291.5527396544234 264.96414851824767
315.59626106783963 305.6174078811611
335.1566797782792 311.7579189050376
264.12497042120043 327.6049450176233
261.37903511949844 274.33191575170395
288.1770289249301 319.9390566967403
328.2590440490559 337.30846416892655
292.1917178839948 272.43164280237346
365.8838613549387 355.19853603301914
277.1281292110204 291.6727618410742
418.2833967539233 374.3874997913258
324.4025277336784 372.0698859085481
351.80676514245715 329.43132820058264
285.14557685505133 327.1009018636298
303.6132408179854 302.09270100417854
304.65554319591826 282.89574051229545
326.71853329739344 305.70574086856794
335.2312634585265 305.4488500551279
335.52049117751363 272.6664629176093
315.81165272991433 293.7277651159318
299.32089803420007 302.2316991978174
329.93635749944264 315.2380053229623
330.5147500490712 310.80701407786796
345.1825603937719 353.36949500487447
332.79122584587475 263.15584736045673
364.27462167985294 347.5413644445795
365.2998768135571 335.19695702676063
385.2090341619729 375.51963996574136
310.2998549790186 303.7219122816133
346.76505014202337 340.715423777674
386.0945480060551 383.8098487532596
336.38965501334906 304.8360214935236
267.6564962783455 266.8463977647066
404.0383645150544 381.27155676761413
353.97457535817455 344.20778608276714
374.9666651850535 342.7637670466352
372.4916106437835 335.56966489836356
379.2083859832216 334.64309345928535
339.80141259270835 315.7277308061489
302.95544226833096 277.2814454665151
363.4212431875715 323.2120047275472
307.2621030976648 331.3261233286624
280.1106924056988 292.138665705175
320.4184763711356 318.1493360043362
321.12770045575326 248.24584588669353
333.208643345277 342.419333566316
346.8083043988422 303.67252098271916
363.4281221919955 358.48988828138516
274.39934402253954 319.2459866623228
294.9644046321522 258.75664242681773
357.54300440646296 334.62217499741405
406.4529493065587 370.8679010105889
382.56633411736584 348.29298011875005
303.66264175890984 303.05775027212223
343.38171180189545 374.74257831209945
330.25747531282315 312.20345930178286
355.1746049480452 276.24264696096435
377.67843465043114 361.5881635230888
313.97929868066143 297.21709237525357
380.1131410514506 375.1759587180394
357.6296967534995 345.09998551144565
300.39307581900084 254.68608128439215
323.5181602321576 287.81765060537896
383.5440000834324 334.3037540919934
275.98007174431996 252.87150887357794
299.1320778519081 267.10110445297676
338.8170597830044 275.17630711963557
352.5620512760839 287.560428432008
246.16864138228493 290.4203849594584
299.67649223787976 272.1709021919867
299.43279713484964 284.41694745566764
370.95687080845397 312.95686603747805
305.403012427841 306.21561031404
303.9161068452937 279.2060171271386
324.5227264768987 334.20053859920694
375.66075121045054 343.46178826763247
303.80421326900654 288.8252066562058
244.43199463245395 282.8108908794002
365.67471884175967 312.3635702190638
429.0769161817028 407.8700773530708
350.2270691993981 334.80442052039876
366.0805922198007 295.9966216023419
273.48308905670933 312.064095980297
335.1193817134425 304.08880281917646
306.51590497068827 299.1538065945342
360.7686239128896 285.3962158123334
403.876218661114 371.61404709725383
260.8696992753279 278.8763166710289
352.40034052196944 322.169210198616
313.5155498535918 295.5080371157441
255.6853535109119 299.79659771251573
337.9659746187477 334.40992808228646
274.95090470845884 330.69472327208365
323.2011757404357 337.2298919135135
219.13009834342702 277.7966882451985
264.2233903347696 278.07373122968664
278.3217562462554 254.48772072538196
272.363727394086 280.8967781944108
326.892948837995 296.91412900028854
254.22037683867907 258.69866640553056
332.9038900343461 325.993864972947
348.8696031470784 347.3370121366279
312.5379976898809 267.5948429996363
290.423828223512 265.1546718426813
260.89461473936177 247.0688163245212
303.3067753941544 291.15631540462937
263.2033434438096 257.95154583758557
339.9176370828675 309.11648289924625
357.17362724590964 310.3643020709695
340.0088234149226 280.9786468755233
272.8039589155553 274.3519637254306
286.8640793128341 257.09531306501873
355.03802613241305 305.403012427841
274.5997086669977 272.3710704168121
290.25850547399983 318.8965349451135
342.33024990497114 337.1690970418256
324.14811429345076 240.36430683443828
424.2169256406444 447.06710905634736
311.85092592455135 310.383633589144
289.34754189382704 250.64915718988564
385.6475074468912 353.7301231164799
233.8503795164763 298.2666592162121
297.6004032255333 245.54225705568481
302.2234272851792 265.4580946213545
251.99603171478714 272.4206306431288
283.34431351272957 252.0892699025486
336.951035018443 311.80282230922796
334.1736075754637 299.20394382427514
319.86872307245045 334.09429806568085
273.8886635112888 260.023075899044
299.41609843159733 262.234627766815
326.51799337861917 273.97627634523394
378.1375411143411 374.8799807938535
331.0755200856747 282.7861382741382
394.0393381377042 363.3593262873543
299.8999833277755 266.6627083039546
332.55375505322445 324.2730331063624
287.06619445695793 293.26779570897315
316.5659488953289 265.97556278726057
330.06665993402 314.3071745919905
336.95548667442705 316.30997455028194
345.5965856312819 306.66594202812934
345.69639859275367 307.5012195097769
312.0689026481171 245.5361480515649
303.4237960345233 258.96524863386594
286.1538047973502 332.2875260975049
313.11818854866925 290.2516149825871
406.3065345278119 377.828003197222
329.1170004724764 271.0442768257614
336.6600659418934 367.5119045690901
349.8013722100015 303.24577490873634
323.2259271778797 244.91222917608667
290.0810231642187 300.88868373536417
286.67751917442007 251.01593574910737
341.29898915760066 317.6790833529964
327.911573446257 294.62348854088333
369.6457763859882 365.3505166275258
395.29482668003635 353.88557472719907
328.4859205506379 345.36357653927547
382.2721543612613 340.19259251194757
332.9068938907694 299.1521352088265
353.5081328625977 372.6030058923304
297.6004032255333 346.0043352329563
401.5133870744536 374.5076768238536
360.7464483539651 298.30353668704635
381.1495769379785 343.7964514069335
402.1691186553239 377.0265242658665
387.229905869885 329.1109235501004
274.6488667371486 214.0163545152566
286.7734297315565 250.14795621791515
328.94832420913775 276.3439885360273
268.0727513194879 275.55398745073535
275.2271788904577 242.75296084703066
358.48151974683435 342.1578583051981
301.2440870789002 261.38668673059846
365.52838467073934 315.2649679238085
307.60364107077794 330.89424292362656
279.86067962470185 243.95286429964293
280.33194609248517 239.0460206738443
388.27567526179126 361.4540081393482
324.2406513687018 283.6917341058777
337.7069735732444 313.99522289359754
381.24926229436824 361.49412166728246
298.9414658423953 298.45770219580527
312.26591232473646 305.30804116498473
302.64665866320087 298.6469487538756
295.53510789752204 252.61433055153464
298.47277932836687 319.82964215344396
388.7209796242029 357.201623736511
395.1999493927093 411.25661088911386
347.985631887295 321.2055416707501
332.9624603465081 287.4038969812344
397.5160374123288 335.0582038989644
324.8599698331575 274.2571785751469
270.9926198257067 216.46246787838302
345.57633020795856 289.9034321976889
337.4862960180754 271.5952871461506
315.75465158885623 258.53046242174247
350.3983447449488 305.77115625905594
283.1713262320181 265.1018672133412
335.5756248597326 316.2056292984045
279.76061195243335 309.2523241626488
336.17406205714326 358.53033344474494
297.7582912363651 277.86147627909844
272.1855984434151 248.2982078066614
399.1102604544263 345.14055108028094
330.93957152326163 268.85311975128724
271.2249988478201 245.8210731406077
339.6719005157771 262.0419813693981
350.35410658361064 332.59735416867045
288.8840597886979 254.23021063595098
352.6584750151342 319.2914029534776
299.7482276845019 240.35806622620345
397.1334788204087 389.8999871761988
246.55830953346512 275.90940542141726
357.83236298579817 332.4048736104812
275.19447668875915 292.3439754809392
335.5666848779837 353.01274764518064
264.9415029775441 282.9151816357687
298.65364554948934 303.9259778301289
333.3736642267952 294.3620220069158
317.7876649588527 270.3294286606621
348.51111890440455 294.5182507078296
331.48453960931573 286.455930292951
347.49244596105973 336.124976757158
322.58022258036834 269.3789152847713
315.68813724940634 316.22144139827077
345.4272716506327 306.3706905041669
343.69172233267415 363.53129163801015
314.8491702387033 265.3846265328872
369.3318291184771 341.19056258929555
298.58332170434437 283.87497247908277
319.71862629505966 327.11007321695246
346.34953443017645 316.3747777557497
330.3346787729075 325.27834234698133
373.0871211928924 319.41039432053554
277.8434811184167 0.0
333.3121659945823 274.07298298081116
309.06633592159466 281.85634638943293
389.7011675630444 357.9133973463413
299.0401310861136 265.6953142228895
337.3558951611784 288.3643528593644
387.429993676277 365.2191123147856
384.4775676161094 345.8843737435966
343.71063410956606 336.28559291173923
348.9068643635433 323.22902097429306
398.1092814793446 394.3247392695518
443.4580025210956 459.6781482733327
311.33743751755907 304.8114171090053
233.9166518228234 270.8209740769721
273.85945300463885 247.19627828913605
303.9967105085185 258.9459403041492
314.0477670673683 326.5501492879769
253.80898329255407 306.91692687109975
324.3547440688975 302.19695564316993
276.5429442238583 249.84995497297973
385.05584010634095 361.6863281906022
280.75434101719605 274.27723201170016
315.06031168650867 312.50919986458
295.60277400592844 319.75928446254693
332.9849846464552 288.6485752606446
267.3705294156407 277.8632757310689
279.1290024343583 302.22177287548294
336.25436800136885 309.63526930890805
277.68867459801095 291.2490343331631
226.5281439468394 279.2668974296811
322.3957195745626 360.4441704342019
432.5320797351336 381.01049854301914
343.7193622710248 298.8611717838234
338.10501327250387 343.7586362551492
441.53708790995125 417.76548445270106
272.3031399011036 324.2714911921799
328.1524036175874 297.13801507043826
353.0 322.50891460547257
348.4192876406242 304.7441549890662
312.0480732194961 255.68926453803257
353.1260398214779 309.5529033945571
252.69151153135317 312.2787216574322
331.9487912314187 352.56063308316203
315.30937188735766 283.39195471996027
285.5258307053847 283.7428413193891
347.9971264249175 305.8447318493487
375.3664875824692 301.59409808548975
299.8999833277755 313.1852486947621