10.488088481701515 13.856406460551018 5.196152422706632 13.341664064126334 17.52141546793523 15.231546211727817 16.217274740226856 17.349351572897472
17.663521732655695 16.431676725154983 16.822603841260722 15.165750888103101 17.11724276862369 19.79898987322333 18.520259177452136 7.14142842854285
2.449489742783178 12.569805089976535 11.532562594670797 13.638181696985855 16.522711641858304 11.313708498984761 16.583123951777 17.804493814764857
17.86057109949175 16.522711641858304 17.029386365926403 15.394804318340652 17.08800749063506 19.924858845171276 18.81488772222678 5.830951894845301
17.88854381999832 16.55294535724685 17.05872210923198 15.362291495737216 17.406895185529212 19.949937343260004 18.894443627691185 5.0
17.88854381999832 16.55294535724685 17.05872210923198 15.556349186104045 16.941074346097416 19.79898987322333 19.209372712298546 3.872983346207417
12.569805089976535 4.47213595499958 13.0 10.954451150103322 11.445523142259598 16.492422502470642 17.52141546793523 16.34013463836819
16.492422502470642 17.776388834631177 16.583123951777 17.146428199482248 20.46948949045872 18.16590212458495 6.855654600401044 19.313207915827967
3.3166247903554 12.609520212918492 11.832159566199232 13.74772708486752 16.55294535724685 11.532562594670797 16.55294535724685 17.88854381999832
12.12435565298214 16.401219466856727 14.628738838327793 16.941074346097416 15.491933384829668 7.937253933193772 18.05547008526779 19.44222209522358
3.3166247903554 12.84523257866513 11.045361017187261 13.30413469565007 16.73320053068151 11.532562594670797 16.3707055437449 17.549928774784245
16.401219466856727 12.36931687685298 16.73320053068151 14.866068747318506 8.12403840463596 15.652475842498529 19.026297590440446 16.673332000533065
10.63014581273465 13.74772708486752 4.47213595499958 13.379088160259652 17.435595774162696 15.329709716755891 16.431676725154983 17.26267650163207
16.492422502470642 17.435595774162696 16.09347693943108 16.792855623746664 19.0 17.435595774162696 7.54983443527075 18.734993995195193
12.529964086141668 5.0 13.856406460551018 12.84523257866513 12.165525060596439 16.46207763315433 18.16590212458495 16.3707055437449
0.0 12.489995996796797 11.357816691600547 13.638181696985855 16.46207763315433 11.045361017187261 16.703293088490067 17.804493814764857
16.217274740226856 11.445523142259598 17.378147196982766 16.09347693943108 4.898979485566356 13.674794331177344 20.639767440550294 17.663521732655695
13.30413469565007 9.848857801796104 12.649110640673518 6.708203932499369 14.422205101855956 17.05872210923198 17.26267650163207 15.165750888103101
6.782329983125268 12.806248474865697 12.84523257866513 14.142135623730951 16.703293088490067 12.649110640673518 16.401219466856727 18.303005217723125
12.165525060596439 16.492422502470642 16.46207763315433 17.549928774784245 14.38749456993816 5.830951894845301 18.681541692269406 19.82422760159901
11.135528725660043 13.416407864998739 4.358898943540674 12.649110640673518 17.175564037317667 15.684387141358123 15.905973720586866 17.0
17.635192088548397 16.09347693943108 16.792855623746664 15.716233645501712 16.73320053068151 19.77371993328519 18.867962264113206 4.898979485566356
16.583123951777 17.69180601295413 16.1245154965971 17.05872210923198 20.149441679609886 18.841443681416774 4.898979485566356 18.81488772222678
13.711309200802088 11.313708498984761 13.228756555322953 6.164414002968976 15.459624833740307 17.378147196982766 17.291616465790582 15.132745950421556
16.61324772583615 11.224972160321824 17.05872210923198 15.937377450509228 4.358898943540674 14.966629547095765 19.974984355438178 16.64331697709324
13.711309200802088 11.313708498984761 13.0 4.69041575982343 15.459624833740307 17.378147196982766 17.233687939614086 15.066519173319364
3.4641016151377544 12.409673645990857 11.532562594670797 13.784048752090222 16.401219466856727 11.224972160321824 16.64331697709324 17.97220075561143
3.1622776601683795 12.727922061357855 10.908712114635714 13.2664991614216 16.64331697709324 11.489125293076057 16.401219466856727 17.52141546793523
11.958260743101398 16.522711641858304 15.684387141358123 17.0 15.297058540778355 7.0 18.110770276274835 19.493588689617926
11.704699910719626 16.34013463836819 15.0996688705415 17.11724276862369 15.231546211727817 6.855654600401044 18.33030277982336 19.493588689617926
3.3166247903554 12.68857754044952 11.575836902790225 13.601470508735444 16.61324772583615 11.532562594670797 16.492422502470642 17.776388834631177
13.341664064126334 17.08800749063506 16.703293088490067 17.832554500127006 13.96424004376894 10.198039027185569 18.947295321496416 19.209372712298546
16.278820596099706 11.532562594670797 16.97056274847714 15.524174696260024 5.477225575051661 15.0 19.6468827043885 16.911534525287763
12.806248474865697 16.73320053068151 16.703293088490067 17.776388834631177 14.106735979665885 8.12403840463596 18.894443627691185 19.621416870348583
12.489995996796797 15.874507866387544 14.798648586948742 16.97056274847714 15.0 8.12403840463596 18.57417562100671 19.364916731037084
13.416407864998739 10.677078252031311 12.84523257866513 5.830951894845301 15.0 17.146428199482248 17.291616465790582 15.7797338380595
16.64331697709324 17.69180601295413 16.1245154965971 17.05872210923198 20.149441679609886 18.303005217723125 4.47213595499958 19.026297590440446
16.492422502470642 17.549928774784245 15.905973720586866 16.911534525287763 18.894443627691185 17.435595774162696 7.937253933193772 18.627936010197157
18.027756377319946 16.522711641858304 17.204650534085253 16.217274740226856 17.029386365926403 19.621416870348583 19.849433241279208 8.602325267042627
17.86057109949175 16.46207763315433 17.029386365926403 15.264337522473747 17.4928556845359 19.974984355438178 18.65475810617763 5.477225575051661
12.409673645990857 3.7416573867739413 13.152946437965905 11.224972160321824 11.180339887498949 16.3707055437449 17.635192088548397 16.401219466856727
11.832159566199232 16.24807680927192 15.0 17.204650534085253 14.730919862656235 6.6332495807108 18.627936010197157 19.364916731037084
16.217274740226856 11.445523142259598 17.378147196982766 16.09347693943108 6.324555320336759 13.674794331177344 20.29778313018444 17.88854381999832
13.416407864998739 11.489125293076057 12.68857754044952 5.0990195135927845 15.588457268119896 17.378147196982766 17.0 14.798648586948742
11.74734012447073 16.673332000533065 16.34013463836819 17.60681686165901 14.317821063276353 6.164414002968976 18.734993995195193 19.621416870348583
16.46207763315433 11.357816691600547 17.146428199482248 16.278820596099706 3.7416573867739413 14.52583904633395 20.248456731316587 16.97056274847714
4.69041575982343 12.489995996796797 10.344080432788601 13.341664064126334 16.46207763315433 12.0 16.64331697709324 17.578395831246947
3.0 12.529964086141668 11.045361017187261 13.30413469565007 16.492422502470642 11.445523142259598 16.61324772583615 17.549928774784245
17.944358444926362 16.30950643030009 17.11724276862369 16.24807680927192 16.822603841260722 20.049937655763422 19.209372712298546 6.244997998398398
16.522711641858304 17.635192088548397 16.30950643030009 17.0 20.0 18.520259177452136 5.291502622129181 18.439088914585774
12.806248474865697 7.211102550927978 12.12435565298214 9.38083151964686 12.767145334803704 16.673332000533065 16.822603841260722 16.09347693943108
13.892443989449804 10.723805294763608 13.114877048604 6.244997998398398 15.033296378372908 17.52141546793523 17.435595774162696 15.0996688705415
12.409673645990857 2.0 13.379088160259652 11.74734012447073 11.0 16.3707055437449 17.804493814764857 16.401219466856727
16.703293088490067 17.804493814764857 16.30950643030009 17.175564037317667 20.248456731316587 18.627936010197157 0.0 19.078784028338912
4.0 12.489995996796797 11.789826122551595 13.490737563232042 16.46207763315433 11.74734012447073 16.64331697709324 17.69180601295413
12.767145334803704 5.0 13.038404810405298 12.12435565298214 12.083045973594572 16.64331697709324 17.549928774784245 16.1245154965971
17.320508075688775 17.776388834631177 16.703293088490067 17.60681686165901 20.174241001832016 19.235384061671343 8.660254037844387 18.193405398660254
17.029386365926403 17.4928556845359 17.05872210923198 17.435595774162696 18.788294228055936 18.05547008526779 10.14889156509222 17.97220075561143
16.61324772583615 17.776388834631177 16.881943016134134 17.146428199482248 19.924858845171276 18.384776310850235 9.643650760992955 19.77371993328519
16.703293088490067 17.97220075561143 16.431676725154983 17.349351572897472 20.73644135332772 18.411952639521967 6.6332495807108 19.44222209522358
16.3707055437449 17.832554500127006 16.822603841260722 17.204650534085253 20.663978319771825 18.275666882497067 7.416198487095663 19.313207915827967
11.045361017187261 13.490737563232042 5.0 12.649110640673518 17.233687939614086 15.620499351813308 15.652475842498529 17.05872210923198
12.96148139681572 4.898979485566356 13.30413469565007 12.24744871391589 12.12435565298214 16.792855623746664 17.74823934929885 16.09347693943108
17.776388834631177 16.431676725154983 16.941074346097416 15.427248620541512 17.175564037317667 20.0 18.734993995195193 4.795831523312719
17.916472867168917 16.522711641858304 17.08800749063506 15.524174696260024 17.204650534085253 20.074859899884732 18.973665961010276 4.0
5.385164807134504 12.922847983320086 10.0 12.767145334803704 16.792855623746664 12.288205727444508 16.3707055437449 17.146428199482248
16.522711641858304 17.578395831246947 15.937377450509228 16.941074346097416 19.849433241279208 18.520259177452136 5.477225575051661 18.49324200890693
5.916079783099616 12.609520212918492 12.569805089976535 13.96424004376894 16.55294535724685 12.206555615733702 16.55294535724685 18.110770276274835
11.704699910719626 13.228756555322953 4.0 12.609520212918492 17.029386365926403 16.09347693943108 16.30950643030009 16.852299546352718
3.0 12.68857754044952 10.954451150103322 13.379088160259652 16.61324772583615 11.445523142259598 16.55294535724685 17.60681686165901
13.638181696985855 11.575836902790225 12.767145334803704 4.47213595499958 15.652475842498529 17.4928556845359 17.175564037317667 15.716233645501712
11.958260743101398 13.0 4.0 12.68857754044952 16.852299546352718 16.278820596099706 16.24807680927192 16.673332000533065
11.61895003862225 16.278820596099706 16.186414056238647 17.349351572897472 14.491376746189438 4.58257569495584 18.601075237738275 19.849433241279208
13.564659966250536 11.832159566199232 13.076696830622021 5.656854249492381 15.84297951775486 17.26267650163207 17.11724276862369 15.198684153570664
12.36931687685298 2.23606797749979 13.416407864998739 11.958260743101398 11.224972160321824 16.34013463836819 17.832554500127006 16.30950643030009
16.24807680927192 17.549928774784245 16.278820596099706 16.911534525287763 20.174241001832016 18.49324200890693 5.744562646538029 18.841443681416774
14.142135623730951 17.435595774162696 14.66287829861518 16.792855623746664 16.278820596099706 10.295630140987 17.916472867168917 19.313207915827967
16.703293088490067 17.69180601295413 15.874507866387544 17.05872210923198 19.6468827043885 19.0 7.0710678118654755 18.384776310850235
17.832554500127006 16.492422502470642 17.0 15.684387141358123 16.76305461424021 19.748417658131498 19.1049731745428 4.358898943540674
3.872983346207417 12.922847983320086 10.677078252031311 13.076696830622021 16.792855623746664 11.704699910719626 16.24807680927192 17.378147196982766
16.46207763315433 17.52141546793523 16.24807680927192 16.881943016134134 19.79898987322333 18.138357147217054 5.477225575051661 18.65475810617763
11.61895003862225 13.379088160259652 2.8284271247461903 13.0 17.146428199482248 16.0312195418814 16.492422502470642 16.97056274847714
16.55294535724685 17.60681686165901 15.968719422671311 16.97056274847714 19.570385790780925 18.2208671582886 5.744562646538029 18.788294228055936
11.357816691600547 13.379088160259652 0.0 12.922847983320086 17.146428199482248 15.84297951775486 16.30950643030009 16.97056274847714
16.401219466856727 11.357816691600547 16.97056274847714 15.652475842498529 3.1622776601683795 14.317821063276353 20.199009876724155 17.146428199482248
17.60681686165901 16.431676725154983 16.76305461424021 15.033296378372908 17.05872210923198 19.697715603592208 18.466185312619388 7.810249675906654
12.767145334803704 3.872983346207417 13.341664064126334 12.12435565298214 11.74734012447073 16.64331697709324 17.776388834631177 16.06237840420901
3.3166247903554 12.609520212918492 11.489125293076057 13.45362404707371 16.55294535724685 11.532562594670797 16.55294535724685 17.663521732655695
12.609520212918492 3.3166247903554 13.416407864998739 12.206555615733702 11.575836902790225 16.522711641858304 17.832554500127006 16.30950643030009
10.954451150103322 16.55294535724685 15.716233645501712 17.378147196982766 15.0 4.242640687119285 18.193405398660254 20.024984394500787
13.527749258468683 10.723805294763608 12.96148139681572 5.744562646538029 15.033296378372908 17.233687939614086 17.435595774162696 15.748015748023622
16.34013463836819 11.269427669584644 17.320508075688775 16.15549442140351 5.0990195135927845 13.820274961085254 20.591260281974 17.4928556845359
11.874342087037917 13.228756555322953 4.242640687119285 12.922847983320086 17.029386365926403 16.217274740226856 16.492422502470642 16.852299546352718
12.489995996796797 0.0 13.379088160259652 11.832159566199232 11.090536506409418 16.431676725154983 17.804493814764857 16.34013463836819
17.916472867168917 16.583123951777 17.08800749063506 15.459624833740307 17.4928556845359 20.074859899884732 18.439088914585774 6.324555320336759
17.944358444926362 16.1245154965971 17.11724276862369 16.55294535724685 16.76305461424021 20.049937655763422 19.209372712298546 7.681145747868608
4.358898943540674 12.288205727444508 12.165525060596439 13.674794331177344 16.30950643030009 11.532562594670797 16.792855623746664 18.110770276274835
17.635192088548397 16.46207763315433 16.792855623746664 15.0 17.146428199482248 19.519221295943137 18.49324200890693 6.782329983125268
16.30950643030009 17.435595774162696 16.46207763315433 16.792855623746664 20.024984394500787 18.05547008526779 5.385164807134504 18.788294228055936
11.224972160321824 16.3707055437449 15.7797338380595 17.435595774162696 14.45683229480096 2.8284271247461903 18.681541692269406 19.924858845171276
12.489995996796797 4.242640687119285 13.74772708486752 12.569805089976535 11.874342087037917 16.431676725154983 18.083141320025124 16.401219466856727
17.832554500127006 16.492422502470642 17.0 15.620499351813308 17.0 19.949937343260004 18.894443627691185 5.196152422706632
17.663521732655695 16.431676725154983 16.822603841260722 14.966629547095765 17.175564037317667 19.849433241279208 18.466185312619388 7.0
16.64331697709324 17.69180601295413 15.937377450509228 17.05872210923198 19.6468827043885 18.466185312619388 6.324555320336759 18.81488772222678
11.532562594670797 16.522711641858304 15.0996688705415 17.05872210923198 15.620499351813308 7.0 17.60681686165901 19.748417658131498
16.278820596099706 12.12435565298214 17.320508075688775 16.703293088490067 6.6332495807108 14.106735979665885 20.591260281974 17.4928556845359
16.34013463836819 12.288205727444508 16.792855623746664 14.933184523068078 6.6332495807108 14.933184523068078 19.595917942265423 17.08800749063506
16.30950643030009 11.40175425099138 17.349351572897472 16.06237840420901 5.0 14.142135623730951 20.46948949045872 17.52141546793523
12.569805089976535 4.242640687119285 13.674794331177344 12.569805089976535 11.874342087037917 16.492422502470642 18.027756377319946 16.278820596099706
17.97220075561143 16.64331697709324 17.146428199482248 15.394804318340652 17.435595774162696 20.024984394500787 18.81488772222678 5.656854249492381
16.64331697709324 11.180339887498949 17.26267650163207 15.968719422671311 4.0 14.247806848775006 20.396078054371138 17.08800749063506
12.609520212918492 1.7320508075688772 13.341664064126334 11.789826122551595 11.224972160321824 16.522711641858304 17.776388834631177 16.30950643030009
13.856406460551018 10.198039027185569 13.379088160259652 7.3484692283495345 14.66287829861518 17.4928556845359 17.635192088548397 15.329709716755891
16.30950643030009 11.489125293076057 17.175564037317667 15.748015748023622 4.358898943540674 14.2828568570857 20.37154878746336 17.291616465790582
11.789826122551595 13.152946437965905 3.1622776601683795 12.68857754044952 16.97056274847714 16.15549442140351 16.24807680927192 16.792855623746664
16.24807680927192 17.72004514666935 16.822603841260722 17.08800749063506 20.12461179749811 17.776388834631177 7.280109889280518 19.157244060668017
3.1622776601683795 12.328828005937952 11.532562594670797 13.490737563232042 16.34013463836819 11.489125293076057 16.76305461424021 17.69180601295413
16.673332000533065 17.663521732655695 16.15549442140351 17.029386365926403 20.273134932713294 18.547236990991408 4.358898943540674 19.05255888325765
12.083045973594572 16.673332000533065 16.583123951777 17.72004514666935 13.74772708486752 7.615773105863909 19.157244060668017 19.313207915827967
11.045361017187261 16.3707055437449 15.524174696260024 17.320508075688775 14.866068747318506 4.242640687119285 18.24828759089466 19.924858845171276
12.649110640673518 2.0 13.228756555322953 11.661903789690601 11.269427669584644 16.55294535724685 17.69180601295413 16.217274740226856
16.24807680927192 12.24744871391589 17.635192088548397 17.029386365926403 8.774964387392123 12.884098726725126 20.518284528683193 18.138357147217054
16.911534525287763 17.435595774162696 16.64331697709324 17.26267650163207 19.72308292331602 18.601075237738275 7.681145747868608 18.193405398660254
12.649110640673518 2.0 13.228756555322953 11.661903789690601 11.269427669584644 16.55294535724685 17.69180601295413 16.217274740226856
16.703293088490067 12.12435565298214 16.673332000533065 15.066519173319364 7.483314773547883 15.84297951775486 19.078784028338912 16.0
11.269427669584644 16.217274740226856 15.874507866387544 17.291616465790582 14.422205101855956 4.123105625617661 18.65475810617763 19.79898987322333
16.401219466856727 11.269427669584644 17.26267650163207 15.968719422671311 2.8284271247461903 14.247806848775006 20.445048300260872 17.204650534085253
11.0 16.34013463836819 15.491933384829668 17.291616465790582 14.2828568570857 4.795831523312719 18.708286933869708 19.493588689617926
16.55294535724685 17.549928774784245 15.968719422671311 16.911534525287763 19.672315572906 18.708286933869708 5.196152422706632 18.57417562100671
16.673332000533065 11.045361017187261 17.11724276862369 15.937377450509228 3.872983346207417 14.628738838327793 20.174241001832016 16.76305461424021
17.776388834631177 16.3707055437449 16.941074346097416 15.620499351813308 16.76305461424021 19.79898987322333 18.841443681416774 5.0
2.449489742783178 12.328828005937952 11.180339887498949 13.564659966250536 16.34013463836819 11.224972160321824 16.703293088490067 17.74823934929885
11.575836902790225 13.416407864998739 3.3166247903554 12.884098726725126 17.175564037317667 16.0 16.278820596099706 17.0
3.3166247903554 12.288205727444508 11.832159566199232 13.674794331177344 16.30950643030009 11.180339887498949 16.792855623746664 18.0
17.832554500127006 16.61324772583615 17.0 15.165750888103101 17.11724276862369 19.849433241279208 18.788294228055936 6.244997998398398
17.804493814764857 16.217274740226856 16.97056274847714 15.7797338380595 17.029386365926403 19.77371993328519 18.76166303929372 5.291502622129181
12.489995996796797 6.0 12.922847983320086 10.295630140987 12.12435565298214 16.431676725154983 17.46424919657298 16.401219466856727
11.874342087037917 16.46207763315433 15.874507866387544 17.11724276862369 14.966629547095765 6.244997998398398 18.33030277982336 19.493588689617926
17.69180601295413 16.522711641858304 16.852299546352718 15.394804318340652 16.792855623746664 19.519221295943137 19.131126469708992 5.291502622129181
12.165525060596439 3.1622776601683795 13.0 11.832159566199232 11.180339887498949 16.186414056238647 17.52141546793523 16.15549442140351
11.224972160321824 16.55294535724685 15.968719422671311 17.4928556845359 14.730919862656235 4.69041575982343 18.411952639521967 19.924858845171276
12.36931687685298 4.58257569495584 13.856406460551018 12.68857754044952 12.0 16.34013463836819 18.16590212458495 16.492422502470642
13.856406460551018 11.313708498984761 13.076696830622021 5.656854249492381 15.459624833740307 17.4928556845359 17.349351572897472 15.0
13.45362404707371 10.535653752852738 13.19090595827292 7.280109889280518 14.89966442575134 17.175564037317667 17.4928556845359 15.231546211727817
11.180339887498949 13.30413469565007 4.242640687119285 13.076696830622021 17.08800749063506 15.716233645501712 16.673332000533065 16.911534525287763
16.492422502470642 17.663521732655695 16.46207763315433 17.029386365926403 19.82422760159901 18.2208671582886 5.916079783099616 18.894443627691185
13.527749258468683 10.816653826391969 12.806248474865697 6.4031242374328485 15.231546211727817 17.349351572897472 17.08800749063506 15.620499351813308
11.0 13.45362404707371 4.69041575982343 12.609520212918492 17.204650534085253 15.588457268119896 15.620499351813308 17.029386365926403
12.288205727444508 3.3166247903554 13.341664064126334 11.532562594670797 11.045361017187261 16.278820596099706 17.776388834631177 16.492422502470642
11.61895003862225 16.15549442140351 15.491933384829668 17.233687939614086 14.422205101855956 6.082762530298219 18.708286933869708 19.6468827043885
3.605551275463989 12.36931687685298 10.770329614269007 13.379088160259652 16.3707055437449 11.61895003862225 16.673332000533065 17.60681686165901
12.206555615733702 3.605551275463989 13.711309200802088 11.958260743101398 11.313708498984761 16.217274740226856 18.05547008526779 16.61324772583615
17.97220075561143 16.522711641858304 17.146428199482248 15.84297951775486 16.911534525287763 19.72308292331602 19.493588689617926 5.0990195135927845
17.4928556845359 17.549928774784245 16.34013463836819 17.549928774784245 20.024984394500787 19.235384061671343 9.327379053088816 17.916472867168917
17.776388834631177 16.30950643030009 16.941074346097416 15.684387141358123 16.881943016134134 19.949937343260004 18.947295321496416 4.123105625617661
16.431676725154983 11.40175425099138 17.05872210923198 15.748015748023622 4.123105625617661 14.491376746189438 20.12461179749811 17.233687939614086
3.605551275463989 12.84523257866513 10.770329614269007 13.228756555322953 16.73320053068151 11.61895003862225 16.431676725154983 17.4928556845359
13.564659966250536 11.832159566199232 12.84523257866513 2.8284271247461903 15.84297951775486 17.435595774162696 17.11724276862369 15.716233645501712
16.46207763315433 11.789826122551595 16.673332000533065 15.329709716755891 6.324555320336759 15.329709716755891 19.28730152198591 16.73320053068151
4.123105625617661 12.609520212918492 11.489125293076057 13.379088160259652 16.55294535724685 11.789826122551595 16.61324772583615 17.60681686165901
16.401219466856727 11.269427669584644 17.26267650163207 15.968719422671311 3.4641016151377544 14.730919862656235 20.09975124224178 16.792855623746664
12.328828005937952 16.3707055437449 16.583123951777 17.435595774162696 14.247806848775006 6.164414002968976 18.788294228055936 19.924858845171276
16.24807680927192 17.549928774784245 16.217274740226856 16.911534525287763 19.974984355438178 18.601075237738275 6.557438524302 18.520259177452136
12.489995996796797 4.242640687119285 13.228756555322953 12.409673645990857 11.874342087037917 16.492422502470642 17.69180601295413 16.0312195418814
12.328828005937952 2.8284271247461903 13.379088160259652 11.661903789690601 10.908712114635714 16.30950643030009 17.804493814764857 16.46207763315433
17.804493814764857 16.34013463836819 16.97056274847714 15.968719422671311 16.673332000533065 19.621416870348583 19.183326093250876 5.656854249492381
11.045361017187261 16.431676725154983 15.84297951775486 17.4928556845359 14.52583904633395 0.0 18.627936010197157 19.924858845171276
11.357816691600547 16.401219466856727 16.06237840420901 17.46424919657298 14.352700094407323 4.123105625617661 18.65475810617763 19.79898987322333
11.532562594670797 16.583123951777 16.0 17.291616465790582 14.832396974191326 5.385164807134504 18.275666882497067 19.79898987322333
12.529964086141668 5.196152422706632 13.711309200802088 12.922847983320086 12.24744871391589 16.522711641858304 18.05547008526779 16.30950643030009
17.69180601295413 16.34013463836819 16.852299546352718 15.394804318340652 16.97056274847714 19.87460691435179 18.867962264113206 3.4641016151377544
11.61895003862225 16.15549442140351 15.165750888103101 17.233687939614086 14.7648230602334 5.5677643628300215 18.439088914585774 19.6468827043885
16.73320053068151 11.74734012447073 16.822603841260722 15.874507866387544 5.385164807134504 15.033296378372908 19.87460691435179 16.583123951777
12.489995996796797 4.0 13.076696830622021 11.135528725660043 11.269427669584644 16.431676725154983 17.578395831246947 16.34013463836819
16.09347693943108 11.958260743101398 17.26267650163207 15.716233645501712 6.6332495807108 13.820274961085254 20.396078054371138 17.776388834631177
11.135528725660043 16.492422502470642 15.394804318340652 17.204650534085253 15.0 4.69041575982343 18.138357147217054 19.82422760159901
2.8284271247461903 12.24744871391589 11.532562594670797 13.638181696985855 16.278820596099706 11.135528725660043 16.822603841260722 17.804493814764857
5.0990195135927845 12.649110640673518 10.14889156509222 13.19090595827292 16.583123951777 12.165525060596439 16.522711641858304 17.46424919657298
2.23606797749979 12.36931687685298 11.575836902790225 13.74772708486752 16.3707055437449 11.0 16.73320053068151 17.88854381999832
16.34013463836819 11.269427669584644 17.029386365926403 15.716233645501712 5.291502622129181 15.198684153570664 19.595917942265423 17.08800749063506
5.916079783099616 12.609520212918492 11.832159566199232 13.379088160259652 16.55294535724685 12.529964086141668 16.431676725154983 17.60681686165901
11.958260743101398 16.522711641858304 15.362291495737216 16.822603841260722 15.620499351813308 7.681145747868608 17.944358444926362 19.339079605813716
16.522711641858304 11.61895003862225 17.08800749063506 16.46207763315433 6.48074069840786 14.38749456993816 20.0 17.029386365926403
16.492422502470642 17.776388834631177 16.583123951777 17.146428199482248 20.46948949045872 18.16590212458495 6.855654600401044 19.313207915827967
12.489995996796797 4.242640687119285 13.820274961085254 12.569805089976535 11.874342087037917 16.431676725154983 18.138357147217054 16.278820596099706
16.401219466856727 11.704699910719626 16.852299546352718 15.394804318340652 5.0990195135927845 14.866068747318506 19.748417658131498 16.792855623746664
16.30950643030009 17.378147196982766 15.84297951775486 16.73320053068151 19.77371993328519 18.33030277982336 5.196152422706632 18.57417562100671
17.804493814764857 16.34013463836819 16.97056274847714 15.588457268119896 16.97056274847714 19.924858845171276 19.078784028338912 0.0
3.1622776601683795 12.328828005937952 11.0 13.2664991614216 16.34013463836819 11.489125293076057 16.76305461424021 17.52141546793523
3.4641016151377544 12.489995996796797 10.816653826391969 13.490737563232042 16.46207763315433 11.575836902790225 16.64331697709324 17.69180601295413
16.278820596099706 11.704699910719626 17.663521732655695 16.64331697709324 7.615773105863909 13.076696830622021 20.591260281974 18.05547008526779
4.795831523312719 12.84523257866513 11.74734012447073 13.45362404707371 16.73320053068151 12.041594578792296 16.3707055437449 17.663521732655695
12.206555615733702 2.6457513110645907 13.341664064126334 11.789826122551595 11.224972160321824 16.217274740226856 17.776388834631177 16.55294535724685
16.278820596099706 17.291616465790582 15.684387141358123 16.64331697709324 19.544820285692065 18.57417562100671 6.0 18.2208671582886
13.638181696985855 11.832159566199232 12.922847983320086 0.0 15.84297951775486 17.4928556845359 17.175564037317667 15.588457268119896
12.328828005937952 5.291502622129181 12.922847983320086 10.583005244258363 11.789826122551595 16.30950643030009 17.46424919657298 16.46207763315433
12.489995996796797 4.0 13.076696830622021 11.135528725660043 11.269427669584644 16.431676725154983 17.578395831246947 16.34013463836819
16.55294535724685 11.575836902790225 17.0 15.556349186104045 4.795831523312719 15.033296378372908 19.82422760159901 16.881943016134134
16.522711641858304 11.532562594670797 16.97056274847714 15.524174696260024 4.69041575982343 14.730919862656235 19.8997487421324 16.673332000533065
17.86057109949175 16.401219466856727 17.029386365926403 15.7797338380595 16.97056274847714 19.82422760159901 19.235384061671343 4.242640687119285
16.583123951777 17.635192088548397 16.06237840420901 17.0 19.6468827043885 18.027756377319946 5.656854249492381 18.81488772222678
11.61895003862225 16.401219466856727 16.06237840420901 17.291616465790582 14.491376746189438 6.082762530298219 18.601075237738275 19.544820285692065
17.916472867168917 16.522711641858304 17.08800749063506 15.588457268119896 17.08800749063506 20.074859899884732 18.867962264113206 4.47213595499958
12.328828005937952 13.114877048604 5.0 12.806248474865697 16.941074346097416 16.55294535724685 16.401219466856727 16.76305461424021
16.673332000533065 11.575836902790225 16.881943016134134 15.491933384829668 4.58257569495584 15.0996688705415 19.87460691435179 16.583123951777
16.46207763315433 11.090536506409418 17.146428199482248 15.84297951775486 0.0 14.52583904633395 20.248456731316587 16.97056274847714
12.489995996796797 0.0 13.379088160259652 11.832159566199232 11.090536506409418 16.431676725154983 17.804493814764857 16.34013463836819
12.767145334803704 16.46207763315433 14.212670403551895 16.64331697709324 16.431676725154983 10.344080432788601 17.60681686165901 18.65475810617763
11.61895003862225 13.45362404707371 6.0 13.0 17.204650534085253 16.0312195418814 16.911534525287763 17.029386365926403
17.944358444926362 16.24807680927192 17.11724276862369 16.24807680927192 16.881943016134134 20.149441679609886 19.209372712298546 6.4031242374328485