3.1622776601683795 6.48074069840786 6.0 3.4641016151377544 5.291502622129181 5.0990195135927845 3.7416573867739413 3.1622776601683795 3.4641016151377544 3.4641016151377544
2.8284271247461903 6.6332495807108 5.477225575051661 3.7416573867739413 5.477225575051661 5.291502622129181 4.0 3.4641016151377544 3.7416573867739413 3.7416573867739413
2.449489742783178 6.164414002968976 4.898979485566356 2.8284271247461903 4.898979485566356 4.69041575982343 3.1622776601683795 2.449489742783178 2.8284271247461903 3.4641016151377544
4.47213595499958 6.6332495807108 6.164414002968976 4.242640687119285 5.477225575051661 5.656854249492381 4.47213595499958 4.47213595499958 4.242640687119285 5.0990195135927845
1.4142135623730951 6.164414002968976 4.898979485566356 2.8284271247461903 4.898979485566356 4.69041575982343 3.1622776601683795 2.449489742783178 2.8284271247461903 2.8284271247461903
3.1622776601683795 5.830951894845301 6.0 2.0 4.898979485566356 3.7416573867739413 1.4142135623730951 2.449489742783178 2.0 3.4641016151377544
2.449489742783178 6.164414002968976 5.656854249492381 2.8284271247461903 4.898979485566356 4.69041575982343 3.1622776601683795 2.449489742783178 2.8284271247461903 2.8284271247461903
3.1622776601683795 6.164414002968976 6.0 3.4641016151377544 5.291502622129181 4.69041575982343 3.1622776601683795 3.1622776601683795 3.4641016151377544 3.4641016151377544
5.656854249492381 6.324555320336759 6.782329983125268 5.830951894845301 6.48074069840786 6.6332495807108 5.656854249492381 5.656854249492381 5.830951894845301 5.830951894845301
3.7416573867739413 5.0990195135927845 6.324555320336759 4.0 4.47213595499958 5.0990195135927845 3.7416573867739413 3.7416573867739413 4.0 4.0
2.449489742783178 6.164414002968976 4.898979485566356 2.8284271247461903 4.898979485566356 4.69041575982343 3.1622776601683795 2.449489742783178 2.8284271247461903 3.4641016151377544
2.8284271247461903 6.0 5.830951894845301 1.4142135623730951 4.69041575982343 4.0 2.0 2.0 1.4142135623730951 3.1622776601683795
3.4641016151377544 6.6332495807108 4.69041575982343 3.7416573867739413 5.477225575051661 5.291502622129181 4.0 3.4641016151377544 3.7416573867739413 4.242640687119285
5.477225575051661 6.782329983125268 7.483314773547883 5.656854249492381 5.656854249492381 6.782329983125268 5.830951894845301 5.477225575051661 5.656854249492381 5.656854249492381
2.449489742783178 5.830951894845301 5.656854249492381 2.8284271247461903 4.898979485566356 4.69041575982343 3.1622776601683795 2.449489742783178 2.8284271247461903 2.8284271247461903
3.4641016151377544 6.6332495807108 6.164414002968976 3.7416573867739413 5.477225575051661 5.291502622129181 4.0 3.4641016151377544 3.7416573867739413 3.7416573867739413
2.8284271247461903 5.656854249492381 5.830951894845301 2.449489742783178 4.69041575982343 4.47213595499958 2.8284271247461903 2.0 2.449489742783178 3.1622776601683795
2.449489742783178 6.48074069840786 5.656854249492381 3.4641016151377544 5.291502622129181 5.0990195135927845 3.7416573867739413 3.1622776601683795 3.4641016151377544 3.4641016151377544
2.0 6.0 5.477225575051661 1.4142135623730951 4.69041575982343 4.0 2.0 2.0 1.4142135623730951 3.1622776601683795
0.0 6.0 5.0990195135927845 2.449489742783178 4.69041575982343 4.47213595499958 2.8284271247461903 2.0 2.449489742783178 2.449489742783178
5.656854249492381 4.47213595499958 6.164414002968976 5.830951894845301 3.7416573867739413 6.928203230275509 6.0 5.656854249492381 5.830951894845301 5.477225575051661
6.6332495807108 3.4641016151377544 7.615773105863909 6.164414002968976 4.69041575982343 6.928203230275509 6.0 6.324555320336759 6.164414002968976 6.164414002968976
5.477225575051661 4.69041575982343 5.656854249492381 5.291502622129181 4.47213595499958 6.48074069840786 5.477225575051661 5.477225575051661 5.291502622129181 5.291502622129181
6.164414002968976 1.4142135623730951 7.211102550927978 6.0 4.0 6.782329983125268 5.830951894845301 5.830951894845301 6.0 5.656854249492381
6.48074069840786 2.449489742783178 7.483314773547883 6.0 4.47213595499958 6.782329983125268 5.830951894845301 6.164414002968976 6.0 6.0
5.830951894845301 3.7416573867739413 6.928203230275509 6.0 4.47213595499958 6.782329983125268 5.830951894845301 5.830951894845301 6.0 5.291502622129181
5.830951894845301 3.1622776601683795 6.928203230275509 5.291502622129181 3.4641016151377544 6.48074069840786 5.477225575051661 5.477225575051661 5.291502622129181 5.291502622129181
5.291502622129181 5.291502622129181 4.69041575982343 5.477225575051661 5.0990195135927845 6.6332495807108 5.656854249492381 5.291502622129181 5.477225575051661 5.0990195135927845
6.164414002968976 3.1622776601683795 7.211102550927978 6.0 4.0 7.0710678118654755 6.164414002968976 5.830951894845301 6.0 5.656854249492381
6.48074069840786 2.449489742783178 7.483314773547883 6.0 4.47213595499958 6.782329983125268 5.830951894845301 6.164414002968976 6.0 6.0
6.6332495807108 2.8284271247461903 7.615773105863909 6.164414002968976 4.69041575982343 6.928203230275509 6.0 6.324555320336759 6.164414002968976 6.164414002968976
6.0 0.0 7.0710678118654755 5.830951894845301 3.7416573867739413 6.6332495807108 5.656854249492381 5.656854249492381 5.830951894845301 5.477225575051661
5.0990195135927845 3.1622776601683795 6.324555320336759 4.898979485566356 2.0 6.164414002968976 5.0990195135927845 4.69041575982343 4.898979485566356 4.47213595499958
5.0990195135927845 4.69041575982343 6.0 5.656854249492381 4.0 6.782329983125268 5.830951894845301 5.477225575051661 5.656854249492381 4.898979485566356
6.0 6.0 5.0990195135927845 5.830951894845301 5.830951894845301 6.928203230275509 6.0 6.0 5.830951894845301 5.830951894845301
6.324555320336759 3.4641016151377544 7.3484692283495345 6.164414002968976 4.242640687119285 6.928203230275509 6.0 6.0 6.164414002968976 5.830951894845301
6.48074069840786 2.449489742783178 7.483314773547883 6.0 4.47213595499958 6.782329983125268 5.830951894845301 6.164414002968976 6.0 6.0
6.0 2.8284271247461903 7.0710678118654755 5.830951894845301 3.7416573867739413 6.928203230275509 6.0 5.656854249492381 5.830951894845301 5.477225575051661
5.477225575051661 3.1622776601683795 6.6332495807108 5.656854249492381 3.4641016151377544 6.48074069840786 5.477225575051661 5.477225575051661 5.656854249492381 4.898979485566356
5.830951894845301 4.242640687119285 6.928203230275509 5.656854249492381 4.0 6.782329983125268 5.830951894845301 5.830951894845301 5.656854249492381 5.656854249492381
4.0 6.0 4.242640687119285 3.7416573867739413 5.0990195135927845 5.291502622129181 4.0 3.4641016151377544 3.7416573867739413 3.1622776601683795
5.0990195135927845 7.0710678118654755 0.0 5.656854249492381 6.324555320336759 6.782329983125268 5.830951894845301 5.477225575051661 5.656854249492381 4.898979485566356
6.48074069840786 7.615773105863909 5.291502622129181 6.324555320336759 7.483314773547883 7.3484692283495345 6.48074069840786 6.48074069840786 6.324555320336759 6.324555320336759
4.242640687119285 6.48074069840786 4.898979485566356 4.0 5.656854249492381 5.0990195135927845 3.7416573867739413 3.7416573867739413 4.0 4.47213595499958
6.0 6.6332495807108 3.7416573867739413 6.164414002968976 6.48074069840786 7.211102550927978 6.324555320336759 6.0 6.164414002968976 5.830951894845301
4.69041575982343 6.48074069840786 3.4641016151377544 5.291502622129181 5.291502622129181 6.48074069840786 5.477225575051661 5.0990195135927845 5.291502622129181 4.898979485566356
4.898979485566356 6.324555320336759 3.7416573867739413 4.69041575982343 5.830951894845301 6.0 4.898979485566356 4.898979485566356 4.69041575982343 4.69041575982343
6.0 7.745966692414834 4.242640687119285 6.164414002968976 7.3484692283495345 7.211102550927978 6.324555320336759 6.0 6.164414002968976 6.164414002968976
4.47213595499958 6.0 4.242640687119285 5.0990195135927845 5.477225575051661 6.324555320336759 5.291502622129181 4.898979485566356 5.0990195135927845 4.242640687119285
4.69041575982343 5.830951894845301 4.0 4.898979485566356 5.656854249492381 6.164414002968976 5.0990195135927845 4.69041575982343 4.898979485566356 4.47213595499958
4.0 5.656854249492381 5.0990195135927845 4.69041575982343 5.477225575051661 6.0 4.898979485566356 4.47213595499958 4.69041575982343 3.7416573867739413
3.7416573867739413 6.48074069840786 5.656854249492381 4.0 5.656854249492381 5.477225575051661 4.242640687119285 3.7416573867739413 4.0 4.47213595499958
5.0990195135927845 7.0710678118654755 2.0 5.656854249492381 6.6332495807108 6.782329983125268 5.830951894845301 5.477225575051661 5.656854249492381 4.898979485566356
3.7416573867739413 4.69041575982343 5.291502622129181 3.4641016151377544 4.0 5.0990195135927845 3.7416573867739413 3.1622776601683795 3.4641016151377544 2.8284271247461903
3.4641016151377544 6.928203230275509 3.7416573867739413 4.242640687119285 5.830951894845301 5.656854249492381 4.47213595499958 4.0 4.242640687119285 4.242640687119285
5.477225575051661 6.48074069840786 5.656854249492381 5.656854249492381 5.656854249492381 6.782329983125268 5.830951894845301 5.477225575051661 5.656854249492381 5.656854249492381
2.449489742783178 6.164414002968976 5.656854249492381 2.8284271247461903 4.898979485566356 4.69041575982343 3.1622776601683795 2.449489742783178 2.8284271247461903 3.4641016151377544
6.324555320336759 7.483314773547883 5.0990195135927845 6.164414002968976 7.3484692283495345 7.211102550927978 6.324555320336759 6.324555320336759 6.164414002968976 6.164414002968976
4.69041575982343 6.164414002968976 4.47213595499958 5.291502622129181 4.898979485566356 6.48074069840786 5.477225575051661 5.0990195135927845 5.291502622129181 4.898979485566356
4.0 4.898979485566356 5.477225575051661 3.7416573867739413 4.242640687119285 5.291502622129181 4.0 3.4641016151377544 3.7416573867739413 3.1622776601683795
3.1622776601683795 5.830951894845301 6.0 3.4641016151377544 5.291502622129181 4.69041575982343 3.1622776601683795 3.1622776601683795 3.4641016151377544 3.4641016151377544
2.449489742783178 5.830951894845301 5.656854249492381 0.0 4.47213595499958 3.7416573867739413 1.4142135623730951 1.4142135623730951 0.0 2.8284271247461903
3.7416573867739413 6.164414002968976 6.324555320336759 2.8284271247461903 5.291502622129181 4.242640687119285 2.449489742783178 3.1622776601683795 2.8284271247461903 4.0
2.0 5.656854249492381 5.477225575051661 1.4142135623730951 4.242640687119285 4.0 2.0 0.0 1.4142135623730951 2.449489742783178
3.7416573867739413 5.830951894845301 6.324555320336759 2.8284271247461903 5.291502622129181 4.242640687119285 2.449489742783178 3.1622776601683795 2.8284271247461903 4.0
2.8284271247461903 6.324555320336759 5.830951894845301 2.449489742783178 5.0990195135927845 4.47213595499958 2.8284271247461903 2.8284271247461903 2.449489742783178 3.7416573867739413
3.1622776601683795 6.164414002968976 6.0 2.0 4.898979485566356 4.242640687119285 2.449489742783178 2.449489742783178 2.0 3.4641016151377544
2.8284271247461903 6.0 5.830951894845301 1.4142135623730951 4.69041575982343 4.0 2.0 2.0 1.4142135623730951 3.1622776601683795
2.449489742783178 6.164414002968976 5.656854249492381 2.0 4.898979485566356 4.242640687119285 2.449489742783178 2.449489742783178 2.0 3.4641016151377544
2.449489742783178 5.477225575051661 5.656854249492381 2.0 4.47213595499958 3.7416573867739413 1.4142135623730951 1.4142135623730951 2.0 2.8284271247461903
3.4641016151377544 5.656854249492381 5.830951894845301 3.7416573867739413 5.0990195135927845 4.898979485566356 3.4641016151377544 3.4641016151377544 3.7416573867739413 3.7416573867739413
2.0 6.0 5.477225575051661 1.4142135623730951 4.69041575982343 4.0 2.0 2.0 1.4142135623730951 3.1622776601683795
4.0 6.0 6.48074069840786 3.1622776601683795 5.477225575051661 4.47213595499958 2.8284271247461903 3.4641016151377544 3.1622776601683795 4.242640687119285
8.246211251235321 10.0 7.874007874011811 8.12403840463596 9.273618495495704 7.483314773547883 8.246211251235321 8.246211251235321 8.12403840463596 8.602325267042627
2.449489742783178 6.48074069840786 5.291502622129181 3.4641016151377544 5.291502622129181 5.0990195135927845 3.7416573867739413 3.1622776601683795 3.4641016151377544 3.4641016151377544
7.745966692414834 8.94427190999916 9.273618495495704 7.3484692283495345 8.602325267042627 6.6332495807108 7.211102550927978 7.483314773547883 7.3484692283495345 7.874007874011811
2.449489742783178 5.477225575051661 5.656854249492381 2.0 4.47213595499958 3.7416573867739413 1.4142135623730951 1.4142135623730951 2.0 2.8284271247461903
6.782329983125268 8.602325267042627 8.48528137423857 6.6332495807108 8.0 5.830951894845301 6.782329983125268 6.782329983125268 6.6332495807108 7.211102550927978
3.1622776601683795 6.164414002968976 5.656854249492381 3.4641016151377544 5.291502622129181 4.69041575982343 3.1622776601683795 3.1622776601683795 3.4641016151377544 3.4641016151377544
3.7416573867739413 6.164414002968976 6.324555320336759 2.8284271247461903 5.291502622129181 4.242640687119285 2.449489742783178 3.1622776601683795 2.8284271247461903 4.0
5.656854249492381 3.4641016151377544 6.782329983125268 5.0990195135927845 3.1622776601683795 6.324555320336759 5.291502622129181 5.291502622129181 5.0990195135927845 5.0990195135927845
4.898979485566356 3.4641016151377544 6.164414002968976 5.477225575051661 3.1622776601683795 6.6332495807108 5.656854249492381 5.291502622129181 5.477225575051661 4.69041575982343
6.6332495807108 5.291502622129181 7.0710678118654755 6.48074069840786 5.477225575051661 7.211102550927978 6.324555320336759 6.324555320336759 6.48074069840786 6.782329983125268
4.69041575982343 3.7416573867739413 6.0 5.291502622129181 2.8284271247461903 6.48074069840786 5.477225575051661 5.0990195135927845 5.291502622129181 4.47213595499958
4.69041575982343 4.242640687119285 6.324555320336759 4.898979485566356 3.4641016151377544 5.830951894845301 4.69041575982343 4.69041575982343 4.898979485566356 4.47213595499958
4.898979485566356 4.47213595499958 5.477225575051661 5.0990195135927845 3.7416573867739413 6.324555320336759 5.291502622129181 4.898979485566356 5.0990195135927845 4.69041575982343
4.898979485566356 4.47213595499958 6.164414002968976 5.477225575051661 3.1622776601683795 6.6332495807108 5.656854249492381 5.291502622129181 5.477225575051661 5.0990195135927845
4.242640687119285 5.0990195135927845 6.0 4.47213595499958 3.4641016151377544 5.830951894845301 4.69041575982343 4.242640687119285 4.47213595499958 4.47213595499958
4.242640687119285 4.242640687119285 6.324555320336759 4.47213595499958 2.8284271247461903 5.477225575051661 4.242640687119285 4.242640687119285 4.47213595499958 4.47213595499958
4.69041575982343 3.7416573867739413 6.324555320336759 4.47213595499958 0.0 5.830951894845301 4.69041575982343 4.242640687119285 4.47213595499958 4.47213595499958
6.0 6.0 6.48074069840786 6.164414002968976 5.477225575051661 7.211102550927978 6.324555320336759 6.0 6.164414002968976 5.830951894845301
4.898979485566356 4.0 5.830951894845301 5.477225575051661 3.1622776601683795 6.6332495807108 5.656854249492381 5.291502622129181 5.477225575051661 4.69041575982343
5.830951894845301 4.69041575982343 7.745966692414834 6.0 4.898979485566356 6.782329983125268 5.830951894845301 5.830951894845301 6.0 6.0
5.291502622129181 3.4641016151377544 6.164414002968976 5.477225575051661 3.1622776601683795 6.6332495807108 5.656854249492381 5.291502622129181 5.477225575051661 5.0990195135927845
5.0990195135927845 6.782329983125268 6.928203230275509 5.656854249492381 5.656854249492381 6.782329983125268 5.830951894845301 5.477225575051661 5.656854249492381 5.656854249492381
4.898979485566356 4.0 6.164414002968976 5.0990195135927845 2.449489742783178 6.324555320336759 5.291502622129181 4.898979485566356 5.0990195135927845 4.242640687119285
4.47213595499958 4.898979485566356 6.782329983125268 4.69041575982343 4.69041575982343 5.656854249492381 4.47213595499958 4.47213595499958 4.69041575982343 4.69041575982343
4.242640687119285 4.69041575982343 6.324555320336759 3.4641016151377544 2.8284271247461903 5.0990195135927845 3.7416573867739413 3.7416573867739413 3.4641016151377544 4.47213595499958
5.291502622129181 2.8284271247461903 6.782329983125268 5.477225575051661 3.1622776601683795 6.324555320336759 5.291502622129181 5.291502622129181 5.477225575051661 5.0990195135927845
6.48074069840786 4.242640687119285 7.211102550927978 6.0 4.47213595499958 6.782329983125268 5.830951894845301 6.164414002968976 6.0 6.0
5.477225575051661 6.782329983125268 7.211102550927978 5.656854249492381 6.324555320336759 4.69041575982343 5.477225575051661 5.477225575051661 5.656854249492381 5.656854249492381
5.656854249492381 4.47213595499958 6.782329983125268 5.477225575051661 4.242640687119285 6.0 5.656854249492381 5.656854249492381 5.477225575051661 5.477225575051661
7.211102550927978 4.47213595499958 8.12403840463596 7.0710678118654755 5.477225575051661 6.0 6.928203230275509 6.928203230275509 7.0710678118654755 6.782329983125268
5.656854249492381 6.928203230275509 7.3484692283495345 5.0990195135927845 6.48074069840786 4.47213595499958 4.898979485566356 5.291502622129181 5.0990195135927845 5.830951894845301
4.69041575982343 6.48074069840786 6.928203230275509 4.47213595499958 6.0 3.1622776601683795 4.242640687119285 4.242640687119285 4.47213595499958 4.898979485566356
7.0710678118654755 6.782329983125268 7.745966692414834 6.928203230275509 6.6332495807108 6.164414002968976 7.0710678118654755 7.0710678118654755 6.928203230275509 6.928203230275509
4.0 6.6332495807108 6.48074069840786 3.1622776601683795 5.477225575051661 3.4641016151377544 3.4641016151377544 3.4641016151377544 3.1622776601683795 4.242640687119285
7.3484692283495345 4.69041575982343 8.246211251235321 6.928203230275509 5.656854249492381 6.164414002968976 6.782329983125268 7.0710678118654755 6.928203230275509 6.928203230275509
4.47213595499958 6.6332495807108 6.782329983125268 3.7416573867739413 5.830951894845301 0.0 3.4641016151377544 4.0 3.7416573867739413 4.69041575982343
6.6332495807108 4.898979485566356 7.615773105863909 6.164414002968976 4.69041575982343 6.6332495807108 6.324555320336759 6.324555320336759 6.164414002968976 6.164414002968976
5.0990195135927845 5.830951894845301 6.6332495807108 4.47213595499958 5.291502622129181 3.7416573867739413 4.242640687119285 4.69041575982343 4.47213595499958 4.898979485566356
5.477225575051661 3.7416573867739413 6.6332495807108 4.898979485566356 4.0 5.477225575051661 4.69041575982343 5.0990195135927845 4.898979485566356 4.898979485566356
4.47213595499958 6.6332495807108 6.782329983125268 3.7416573867739413 5.830951894845301 2.0 3.4641016151377544 4.0 3.7416573867739413 4.69041575982343
4.47213595499958 6.0 6.164414002968976 3.7416573867739413 5.477225575051661 4.0 4.0 4.0 3.7416573867739413 3.7416573867739413
6.48074069840786 5.0990195135927845 7.483314773547883 6.324555320336759 4.898979485566356 5.0990195135927845 6.164414002968976 6.164414002968976 6.324555320336759 6.0
6.48074069840786 4.242640687119285 7.483314773547883 6.324555320336759 4.898979485566356 5.830951894845301 6.164414002968976 6.164414002968976 6.324555320336759 6.0
4.0 6.324555320336759 5.477225575051661 4.242640687119285 5.0990195135927845 4.0 4.47213595499958 4.0 4.242640687119285 4.242640687119285
6.928203230275509 6.6332495807108 8.602325267042627 7.0710678118654755 6.782329983125268 7.211102550927978 6.928203230275509 6.928203230275509 7.0710678118654755 7.0710678118654755
5.0990195135927845 3.1622776601683795 6.324555320336759 5.291502622129181 2.8284271247461903 6.164414002968976 5.0990195135927845 5.0990195135927845 5.291502622129181 4.47213595499958
6.0 7.483314773547883 7.874007874011811 5.830951894845301 7.0710678118654755 4.47213595499958 5.656854249492381 5.656854249492381 5.830951894845301 6.164414002968976
3.4641016151377544 5.656854249492381 6.164414002968976 2.449489742783178 5.0990195135927845 4.0 2.0 2.8284271247461903 2.449489742783178 3.7416573867739413
3.1622776601683795 5.477225575051661 6.0 2.0 4.898979485566356 3.7416573867739413 1.4142135623730951 2.449489742783178 2.0 3.4641016151377544
2.449489742783178 6.164414002968976 4.898979485566356 2.8284271247461903 4.898979485566356 4.69041575982343 3.1622776601683795 2.449489742783178 2.8284271247461903 3.4641016151377544
3.4641016151377544 5.656854249492381 6.164414002968976 2.449489742783178 5.0990195135927845 4.0 2.0 2.8284271247461903 2.449489742783178 3.7416573867739413
2.449489742783178 6.164414002968976 5.291502622129181 2.0 4.898979485566356 4.242640687119285 2.449489742783178 2.449489742783178 2.0 3.4641016151377544
2.0 5.656854249492381 5.477225575051661 2.449489742783178 4.69041575982343 4.0 2.0 2.0 2.449489742783178 3.1622776601683795
2.449489742783178 6.164414002968976 5.656854249492381 2.0 4.898979485566356 4.242640687119285 2.449489742783178 2.449489742783178 2.0 3.4641016151377544
4.0 6.0 6.48074069840786 3.7416573867739413 5.477225575051661 4.898979485566356 3.4641016151377544 3.4641016151377544 3.7416573867739413 4.242640687119285
1.4142135623730951 5.830951894845301 5.291502622129181 2.0 4.47213595499958 4.242640687119285 2.449489742783178 1.4142135623730951 2.0 2.8284271247461903
3.1622776601683795 5.830951894845301 6.0 2.0 4.898979485566356 3.7416573867739413 1.4142135623730951 2.449489742783178 2.0 3.4641016151377544
2.8284271247461903 5.656854249492381 5.830951894845301 1.4142135623730951 4.69041575982343 3.4641016151377544 0.0 2.0 1.4142135623730951 3.1622776601683795
3.1622776601683795 5.830951894845301 6.0 2.0 4.898979485566356 3.7416573867739413 1.4142135623730951 2.449489742783178 2.0 3.4641016151377544
3.7416573867739413 5.830951894845301 6.324555320336759 3.4641016151377544 5.291502622129181 4.69041575982343 3.1622776601683795 3.1622776601683795 3.4641016151377544 4.0
2.449489742783178 6.164414002968976 5.656854249492381 2.0 4.898979485566356 4.242640687119285 2.449489742783178 2.449489742783178 2.0 3.4641016151377544
3.4641016151377544 6.0 6.164414002968976 3.7416573867739413 5.477225575051661 4.898979485566356 3.4641016151377544 3.4641016151377544 3.7416573867739413 3.7416573867739413
2.449489742783178 6.164414002968976 5.291502622129181 2.8284271247461903 4.898979485566356 4.69041575982343 3.1622776601683795 2.449489742783178 2.8284271247461903 3.4641016151377544
2.0 6.0 5.477225575051661 1.4142135623730951 4.69041575982343 4.0 2.0 2.0 1.4142135623730951 3.1622776601683795
2.449489742783178 6.164414002968976 4.898979485566356 2.8284271247461903 4.898979485566356 4.69041575982343 3.1622776601683795 2.449489742783178 2.8284271247461903 3.4641016151377544
2.8284271247461903 5.656854249492381 5.830951894845301 1.4142135623730951 4.69041575982343 3.4641016151377544 0.0 2.0 1.4142135623730951 3.1622776601683795
4.242640687119285 6.164414002968976 6.6332495807108 3.4641016151377544 5.656854249492381 4.69041575982343 3.1622776601683795 3.7416573867739413 3.4641016151377544 4.47213595499958
2.8284271247461903 5.656854249492381 5.830951894845301 1.4142135623730951 4.69041575982343 3.4641016151377544 0.0 2.0 1.4142135623730951 3.1622776601683795
6.0 8.0 7.874007874011811 6.164414002968976 7.3484692283495345 6.928203230275509 6.0 6.0 6.164414002968976 6.164414002968976
2.8284271247461903 6.0 5.830951894845301 1.4142135623730951 4.69041575982343 4.0 2.0 2.0 1.4142135623730951 3.1622776601683795
6.48074069840786 8.602325267042627 6.324555320336759 6.6332495807108 7.745966692414834 6.164414002968976 6.782329983125268 6.48074069840786 6.6332495807108 6.928203230275509
1.4142135623730951 5.830951894845301 5.291502622129181 2.0 4.47213595499958 4.242640687119285 2.449489742783178 1.4142135623730951 2.0 2.8284271247461903
2.449489742783178 6.164414002968976 4.898979485566356 2.8284271247461903 4.898979485566356 4.69041575982343 3.1622776601683795 2.449489742783178 2.8284271247461903 3.4641016151377544
2.0 6.0 5.477225575051661 1.4142135623730951 4.69041575982343 4.0 2.0 2.0 1.4142135623730951 3.1622776601683795
2.8284271247461903 5.291502622129181 5.830951894845301 2.449489742783178 4.69041575982343 4.0 2.0 2.0 2.449489742783178 3.1622776601683795
0.0 6.0 5.0990195135927845 2.449489742783178 4.69041575982343 4.47213595499958 2.8284271247461903 2.0 2.449489742783178 2.449489742783178
2.8284271247461903 5.656854249492381 5.830951894845301 3.1622776601683795 5.0990195135927845 4.47213595499958 2.8284271247461903 2.8284271247461903 3.1622776601683795 3.1622776601683795
2.8284271247461903 5.656854249492381 5.830951894845301 3.1622776601683795 5.0990195135927845 4.47213595499958 2.8284271247461903 2.8284271247461903 3.1622776601683795 3.1622776601683795
2.449489742783178 5.477225575051661 5.656854249492381 2.8284271247461903 4.898979485566356 4.242640687119285 2.449489742783178 2.449489742783178 2.8284271247461903 2.8284271247461903
3.1622776601683795 5.477225575051661 6.0 2.8284271247461903 4.898979485566356 4.242640687119285 2.449489742783178 2.449489742783178 2.8284271247461903 3.4641016151377544
3.4641016151377544 6.6332495807108 5.830951894845301 3.7416573867739413 5.477225575051661 5.291502622129181 4.0 3.4641016151377544 3.7416573867739413 4.242640687119285
2.449489742783178 5.477225575051661 5.656854249492381 2.8284271247461903 4.898979485566356 4.242640687119285 2.449489742783178 2.449489742783178 2.8284271247461903 2.8284271247461903
2.0 5.656854249492381 5.477225575051661 1.4142135623730951 4.242640687119285 4.0 2.0 0.0 1.4142135623730951 2.449489742783178
2.449489742783178 5.477225575051661 5.656854249492381 2.0 4.47213595499958 3.7416573867739413 1.4142135623730951 1.4142135623730951 2.0 2.8284271247461903
2.8284271247461903 6.324555320336759 4.69041575982343 3.1622776601683795 5.0990195135927845 4.898979485566356 3.4641016151377544 2.8284271247461903 3.1622776601683795 3.7416573867739413
2.449489742783178 5.830951894845301 5.656854249492381 0.0 4.47213595499958 3.7416573867739413 1.4142135623730951 1.4142135623730951 0.0 2.8284271247461903
2.0 6.0 5.0990195135927845 2.449489742783178 4.69041575982343 4.47213595499958 2.8284271247461903 2.0 2.449489742783178 3.1622776601683795
2.0 6.0 5.0990195135927845 2.449489742783178 4.69041575982343 4.47213595499958 2.8284271247461903 2.0 2.449489742783178 3.1622776601683795
3.1622776601683795 6.48074069840786 4.898979485566356 2.8284271247461903 5.291502622129181 4.69041575982343 3.1622776601683795 3.1622776601683795 2.8284271247461903 4.0
2.449489742783178 5.477225575051661 5.656854249492381 2.0 4.47213595499958 3.7416573867739413 1.4142135623730951 1.4142135623730951 2.0 2.8284271247461903
3.1622776601683795 5.477225575051661 6.0 2.8284271247461903 4.898979485566356 4.242640687119285 2.449489742783178 2.449489742783178 2.8284271247461903 3.4641016151377544
3.1622776601683795 6.48074069840786 6.0 3.4641016151377544 5.291502622129181 5.0990195135927845 3.7416573867739413 3.1622776601683795 3.4641016151377544 3.4641016151377544
3.4641016151377544 6.0 5.477225575051661 3.1622776601683795 5.477225575051661 4.47213595499958 2.8284271247461903 3.4641016151377544 3.1622776601683795 4.242640687119285
2.449489742783178 6.164414002968976 5.656854249492381 2.8284271247461903 4.898979485566356 4.69041575982343 3.1622776601683795 2.449489742783178 2.8284271247461903 3.4641016151377544
4.242640687119285 6.48074069840786 4.898979485566356 3.4641016151377544 5.656854249492381 4.69041575982343 3.1622776601683795 3.7416573867739413 3.4641016151377544 4.47213595499958
2.8284271247461903 6.6332495807108 4.242640687119285 3.7416573867739413 5.477225575051661 5.291502622129181 4.0 3.4641016151377544 3.7416573867739413 3.7416573867739413
4.0 7.211102550927978 3.1622776601683795 4.69041575982343 6.164414002968976 6.0 4.898979485566356 4.47213595499958 4.69041575982343 4.69041575982343
4.69041575982343 7.3484692283495345 4.898979485566356 5.291502622129181 6.6332495807108 6.48074069840786 5.477225575051661 5.0990195135927845 5.291502622129181 5.291502622129181
4.898979485566356 6.928203230275509 6.782329983125268 5.0990195135927845 6.48074069840786 6.0 4.898979485566356 4.898979485566356 5.0990195135927845 5.0990195135927845
2.8284271247461903 5.656854249492381 5.477225575051661 3.1622776601683795 5.0990195135927845 4.47213595499958 2.8284271247461903 2.8284271247461903 3.1622776601683795 3.1622776601683795
2.8284271247461903 5.656854249492381 5.830951894845301 1.4142135623730951 4.69041575982343 3.4641016151377544 0.0 2.0 1.4142135623730951 3.1622776601683795
4.0 6.0 6.48074069840786 3.1622776601683795 5.477225575051661 4.47213595499958 2.8284271247461903 3.4641016151377544 3.1622776601683795 4.242640687119285
2.449489742783178 5.830951894845301 5.656854249492381 0.0 4.47213595499958 3.7416573867739413 1.4142135623730951 1.4142135623730951 0.0 2.8284271247461903
2.449489742783178 5.830951894845301 5.656854249492381 0.0 4.47213595499958 3.7416573867739413 1.4142135623730951 1.4142135623730951 0.0 2.8284271247461903
2.0 6.0 5.477225575051661 2.449489742783178 4.69041575982343 4.47213595499958 2.8284271247461903 2.0 2.449489742783178 2.449489742783178
3.7416573867739413 5.830951894845301 6.324555320336759 2.8284271247461903 5.291502622129181 4.242640687119285 2.449489742783178 3.1622776601683795 2.8284271247461903 4.0
3.7416573867739413 6.782329983125268 4.898979485566356 4.0 5.656854249492381 5.477225575051661 4.242640687119285 3.7416573867739413 4.0 4.0
4.898979485566356 6.6332495807108 4.242640687119285 5.477225575051661 5.830951894845301 6.6332495807108 5.656854249492381 5.291502622129181 5.477225575051661 4.69041575982343
3.4641016151377544 6.324555320336759 6.164414002968976 3.7416573867739413 5.477225575051661 4.898979485566356 3.4641016151377544 3.4641016151377544 3.7416573867739413 3.7416573867739413
4.242640687119285 6.48074069840786 5.656854249492381 4.0 6.0 5.477225575051661 4.242640687119285 4.242640687119285 4.0 4.898979485566356
4.242640687119285 6.164414002968976 5.656854249492381 4.898979485566356 5.656854249492381 6.164414002968976 5.0990195135927845 4.69041575982343 4.898979485566356 4.0
4.242640687119285 5.0990195135927845 6.0 4.0 5.291502622129181 5.0990195135927845 3.7416573867739413 3.7416573867739413 4.0 3.4641016151377544
4.69041575982343 7.3484692283495345 2.8284271247461903 5.291502622129181 6.6332495807108 6.48074069840786 5.477225575051661 5.0990195135927845 5.291502622129181 5.291502622129181
4.69041575982343 5.830951894845301 6.928203230275509 4.898979485566356 5.291502622129181 5.830951894845301 4.69041575982343 4.69041575982343 4.898979485566356 4.898979485566356
4.0 4.898979485566356 5.477225575051661 4.242640687119285 4.242640687119285 5.656854249492381 4.47213595499958 4.0 4.242640687119285 3.1622776601683795
2.449489742783178 5.477225575051661 4.898979485566356 2.8284271247461903 4.47213595499958 4.69041575982343 3.1622776601683795 2.449489742783178 2.8284271247461903 2.0
1.4142135623730951 5.830951894845301 5.291502622129181 2.0 4.47213595499958 4.242640687119285 2.449489742783178 1.4142135623730951 2.0 2.0
3.4641016151377544 4.898979485566356 5.830951894845301 3.1622776601683795 5.0990195135927845 4.47213595499958 2.8284271247461903 2.8284271247461903 3.1622776601683795 3.1622776601683795
2.449489742783178 6.164414002968976 5.291502622129181 3.4641016151377544 4.898979485566356 5.0990195135927845 3.7416573867739413 3.1622776601683795 3.4641016151377544 3.4641016151377544
2.449489742783178 5.477225575051661 4.898979485566356 2.8284271247461903 4.47213595499958 4.69041575982343 3.1622776601683795 2.449489742783178 2.8284271247461903 0.0
1.4142135623730951 6.164414002968976 5.291502622129181 2.8284271247461903 4.898979485566356 4.69041575982343 3.1622776601683795 2.449489742783178 2.8284271247461903 2.8284271247461903
5.656854249492381 6.0 7.615773105863909 5.830951894845301 5.477225575051661 6.6332495807108 5.656854249492381 5.656854249492381 5.830951894845301 5.830951894845301
4.242640687119285 5.830951894845301 6.0 4.47213595499958 4.47213595499958 5.830951894845301 4.69041575982343 4.242640687119285 4.47213595499958 4.0
5.477225575051661 5.477225575051661 4.898979485566356 5.291502622129181 5.291502622129181 6.48074069840786 5.477225575051661 5.0990195135927845 5.291502622129181 4.898979485566356
4.242640687119285 6.164414002968976 4.898979485566356 4.898979485566356 5.656854249492381 6.164414002968976 5.0990195135927845 4.69041575982343 4.898979485566356 4.0
5.291502622129181 5.656854249492381 4.69041575982343 5.477225575051661 5.477225575051661 6.6332495807108 5.656854249492381 5.291502622129181 5.477225575051661 5.0990195135927845
2.8284271247461903 5.291502622129181 5.0990195135927845 3.1622776601683795 4.69041575982343 4.898979485566356 3.4641016151377544 2.8284271247461903 3.1622776601683795 1.4142135623730951